<class 'gym.envs.classic_control.cartpole.CartPoleEnv'>
Iteration 0 avg reward 21.000000
Iteration 100 avg reward 70.686869
Iteration 200 avg reward 162.111111
Iteration 300 avg reward 169.030303
Iteration 400 avg reward 183.979798
Iteration 500 avg reward 196.868687
Iteration 600 avg reward 199.525253
Iteration 700 avg reward 199.989899
Iteration 800 avg reward 200.000000
Iteration 900 avg reward 196.212121
Iteration 1000 avg reward 199.323232
Iteration 1100 avg reward 199.000000
Iteration 1200 avg reward 200.000000
Iteration 1300 avg reward 200.000000
Iteration 1400 avg reward 200.000000
[(0, 21.0), (1, 18.0), (2, 21.666666666666668), (3, 37.75), (4, 42.6), (5, 37.666666666666664), (6, 36.142857142857146), (7, 34.875), (8, 44.333333333333336), (9, 42.4), (10, 42.0), (11, 43.0), (12, 42.07692307692308), (13, 44.07142857142857), (14, 42.8), (15, 41.9375), (16, 41.470588235294116), (17, 40.166666666666664), (18, 39.10526315789474), (19, 39.75), (20, 39.76190476190476), (21, 39.77272727272727), (22, 38.95652173913044), (23, 38.0), (24, 37.92), (25, 37.80769230769231), (26, 38.18518518518518), (27, 38.25), (28, 37.96551724137931), (29, 38.13333333333333), (30, 39.354838709677416), (31, 39.4375), (32, 40.24242424242424), (33, 39.88235294117647), (34, 39.82857142857143), (35, 39.833333333333336), (36, 40.08108108108108), (37, 39.6578947368421), (38, 39.794871794871796), (39, 40.55), (40, 40.58536585365854), (41, 40.57142857142857), (42, 40.51162790697674), (43, 40.97727272727273), (44, 41.0), (45, 42.30434782608695), (46, 42.1063829787234), (47, 44.666666666666664), (48, 44.44897959183673), (49, 44.76), (50, 45.549019607843135), (51, 45.19230769230769), (52, 45.45283018867924), (53, 45.425925925925924), (54, 45.38181818181818), (55, 45.267857142857146), (56, 45.228070175438596), (57, 45.62068965517241), (58, 46.067796610169495), (59, 46.05), (60, 47.39344262295082), (61, 48.145161290322584), (62, 48.17460317460318), (63, 48.0), (64, 48.87692307692308), (65, 49.57575757575758), (66, 50.791044776119406), (67, 51.6764705882353), (68, 51.289855072463766), (69, 52.41428571428571), (70, 52.25352112676056), (71, 53.0), (72, 54.054794520547944), (73, 53.986486486486484), (74, 54.85333333333333), (75, 56.4078947368421), (76, 56.883116883116884), (77, 56.35897435897436), (78, 56.10126582278481), (79, 56.675), (80, 56.51851851851852), (81, 56.81707317073171), (82, 57.25301204819277), (83, 57.5), (84, 58.07058823529412), (85, 59.093023255813954), (86, 59.89655172413793), (87, 60.81818181818182), (88, 61.07865168539326), (89, 61.044444444444444), (90, 61.59340659340659), (91, 62.09782608695652), (92, 63.26881720430107), (93, 64.72340425531915), (94, 65.71578947368421), (95, 66.69791666666667), (96, 67.5979381443299), (97, 68.06122448979592), (98, 68.66666666666667), (99, 69.44444444444444), (100, 70.68686868686869), (101, 71.79797979797979), (102, 73.68686868686869), (103, 74.51515151515152), (104, 75.62626262626263), (105, 76.88888888888889), (106, 77.55555555555556), (107, 78.04040404040404), (108, 78.68686868686869), (109, 80.08080808080808), (110, 80.63636363636364), (111, 82.05050505050505), (112, 82.24242424242425), (113, 82.91919191919192), (114, 83.74747474747475), (115, 84.65656565656566), (116, 86.46464646464646), (117, 87.47474747474747), (118, 89.11111111111111), (119, 90.41414141414141), (120, 91.14141414141415), (121, 91.55555555555556), (122, 91.93939393939394), (123, 92.06060606060606), (124, 92.83838383838383), (125, 93.58585858585859), (126, 94.6969696969697), (127, 95.70707070707071), (128, 96.84848484848484), (129, 98.28282828282828), (130, 99.17171717171718), (131, 100.53535353535354), (132, 102.29292929292929), (133, 103.85858585858585), (134, 105.52525252525253), (135, 106.87878787878788), (136, 108.0909090909091), (137, 109.07070707070707), (138, 110.38383838383838), (139, 111.98989898989899), (140, 113.16161616161617), (141, 113.58585858585859), (142, 114.60606060606061), (143, 115.91919191919192), (144, 117.70707070707071), (145, 118.03030303030303), (146, 119.66666666666667), (147, 121.25252525252525), (148, 121.96969696969697), (149, 123.58585858585859), (150, 125.1919191919192), (151, 126.31313131313131), (152, 126.36363636363636), (153, 128.06060606060606), (154, 129.8080808080808), (155, 129.44444444444446), (156, 130.93939393939394), (157, 132.65656565656565), (158, 133.010101010101), (159, 134.36363636363637), (160, 135.83838383838383), (161, 136.85858585858585), (162, 137.77777777777777), (163, 139.23232323232324), (164, 140.06060606060606), (165, 140.24242424242425), (166, 141.14141414141415), (167, 142.9090909090909), (168, 144.08080808080808), (169, 144.21212121212122), (170, 145.16161616161617), (171, 145.86868686868686), (172, 147.3939393939394), (173, 148.21212121212122), (174, 148.4848484848485), (175, 149.56565656565655), (176, 151.42424242424244), (177, 153.08080808080808), (178, 154.07070707070707), (179, 155.74747474747474), (180, 157.27272727272728), (181, 158.2828282828283), (182, 159.05050505050505), (183, 159.25252525252526), (184, 159.59595959595958), (185, 160.02020202020202), (186, 160.24242424242425), (187, 160.6969696969697), (188, 161.21212121212122), (189, 161.6969696969697), (190, 162.6161616161616), (191, 162.9090909090909), (192, 162.2828282828283), (193, 161.96969696969697), (194, 162.37373737373738), (195, 162.73737373737373), (196, 162.96969696969697), (197, 162.5050505050505), (198, 162.7979797979798), (199, 162.32323232323233), (200, 162.11111111111111), (201, 162.11111111111111), (202, 163.12121212121212), (203, 163.73737373737373), (204, 163.77777777777777), (205, 163.0909090909091), (206, 163.21212121212122), (207, 164.44444444444446), (208, 164.67676767676767), (209, 164.55555555555554), (210, 164.66666666666666), (211, 164.94949494949495), (212, 164.78787878787878), (213, 165.66666666666666), (214, 165.43434343434345), (215, 165.43434343434345), (216, 166.23232323232324), (217, 165.24242424242425), (218, 165.23232323232324), (219, 166.36363636363637), (220, 166.6060606060606), (221, 166.84848484848484), (222, 167.8989898989899), (223, 167.55555555555554), (224, 167.58585858585857), (225, 166.42424242424244), (226, 166.8080808080808), (227, 166.22222222222223), (228, 165.36363636363637), (229, 165.93939393939394), (230, 165.44444444444446), (231, 165.44444444444446), (232, 164.58585858585857), (233, 164.40404040404042), (234, 163.0909090909091), (235, 163.0909090909091), (236, 163.08080808080808), (237, 163.08080808080808), (238, 162.66666666666666), (239, 163.12121212121212), (240, 164.16161616161617), (241, 163.7171717171717), (242, 163.5151515151515), (243, 162.4848484848485), (244, 162.64646464646464), (245, 162.5151515151515), (246, 162.08080808080808), (247, 162.65656565656565), (248, 161.75757575757575), (249, 161.75757575757575), (250, 161.40404040404042), (251, 162.45454545454547), (252, 161.4747474747475), (253, 161.4747474747475), (254, 162.73737373737373), (255, 161.35353535353536), (256, 161.17171717171718), (257, 160.7979797979798), (258, 161.16161616161617), (259, 159.73737373737373), (260, 159.37373737373738), (261, 158.4848484848485), (262, 157.62626262626262), (263, 157.62626262626262), (264, 156.6969696969697), (265, 156.17171717171718), (266, 154.7979797979798), (267, 153.86868686868686), (268, 155.23232323232324), (269, 155.23232323232324), (270, 157.0), (271, 157.14141414141415), (272, 157.63636363636363), (273, 157.91919191919192), (274, 157.46464646464648), (275, 156.97979797979798), (276, 158.54545454545453), (277, 159.8181818181818), (278, 159.66666666666666), (279, 159.66666666666666), (280, 160.21212121212122), (281, 160.53535353535352), (282, 160.53535353535352), (283, 161.03030303030303), (284, 161.58585858585857), (285, 162.46464646464648), (286, 162.46464646464648), (287, 162.85858585858585), (288, 162.85858585858585), (289, 162.72727272727272), (290, 162.72727272727272), (291, 162.72727272727272), (292, 163.36363636363637), (293, 164.16161616161617), (294, 164.97979797979798), (295, 166.26262626262627), (296, 167.05050505050505), (297, 167.73737373737373), (298, 168.7171717171717), (299, 168.26262626262627), (300, 169.03030303030303), (301, 169.32323232323233), (302, 169.91919191919192), (303, 170.15151515151516), (304, 171.35353535353536), (305, 170.8181818181818), (306, 171.3939393939394), (307, 172.08080808080808), (308, 172.08080808080808), (309, 172.65656565656565), (310, 174.1818181818182), (311, 174.3030303030303), (312, 174.6969696969697), (313, 175.08080808080808), (314, 175.989898989899), (315, 177.23232323232324), (316, 176.4747474747475), (317, 177.14141414141415), (318, 178.7070707070707), (319, 179.78787878787878), (320, 179.59595959595958), (321, 179.59595959595958), (322, 179.88888888888889), (323, 180.44444444444446), (324, 180.44444444444446), (325, 181.35353535353536), (326, 181.77777777777777), (327, 182.63636363636363), (328, 182.63636363636363), (329, 183.33333333333334), (330, 184.2020202020202), (331, 184.2020202020202), (332, 183.59595959595958), (333, 183.59595959595958), (334, 184.87878787878788), (335, 184.989898989899), (336, 184.989898989899), (337, 184.989898989899), (338, 185.42424242424244), (339, 185.42424242424244), (340, 185.84848484848484), (341, 185.06060606060606), (342, 185.06060606060606), (343, 185.88888888888889), (344, 186.82828282828282), (345, 187.03030303030303), (346, 187.3838383838384), (347, 187.8080808080808), (348, 187.8080808080808), (349, 187.8080808080808), (350, 187.67676767676767), (351, 187.67676767676767), (352, 187.3030303030303), (353, 187.3030303030303), (354, 187.6161616161616), (355, 188.0), (356, 187.37373737373738), (357, 186.84848484848484), (358, 187.41414141414143), (359, 186.84848484848484), (360, 187.43434343434345), (361, 188.17171717171718), (362, 187.8989898989899), (363, 187.87878787878788), (364, 187.72727272727272), (365, 187.72727272727272), (366, 187.26262626262627), (367, 187.26262626262627), (368, 187.26262626262627), (369, 186.25252525252526), (370, 186.75757575757575), (371, 186.75757575757575), (372, 186.75757575757575), (373, 187.21212121212122), (374, 187.6969696969697), (375, 187.4949494949495), (376, 187.4949494949495), (377, 187.44444444444446), (378, 187.44444444444446), (379, 187.58585858585857), (380, 187.33333333333334), (381, 187.33333333333334), (382, 187.73737373737373), (383, 187.66666666666666), (384, 187.43434343434345), (385, 187.43434343434345), (386, 186.989898989899), (387, 186.3838383838384), (388, 186.24242424242425), (389, 185.59595959595958), (390, 185.59595959595958), (391, 184.8989898989899), (392, 184.8181818181818), (393, 184.8181818181818), (394, 184.1919191919192), (395, 184.1919191919192), (396, 184.1919191919192), (397, 184.0909090909091), (398, 184.55555555555554), (399, 183.97979797979798), (400, 183.97979797979798), (401, 183.97979797979798), (402, 183.97979797979798), (403, 183.97979797979798), (404, 184.5151515151515), (405, 184.5151515151515), (406, 184.5151515151515), (407, 184.5151515151515), (408, 184.5151515151515), (409, 184.5151515151515), (410, 184.44444444444446), (411, 184.44444444444446), (412, 184.44444444444446), (413, 184.44444444444446), (414, 184.44444444444446), (415, 185.2020202020202), (416, 185.2020202020202), (417, 185.07070707070707), (418, 185.4949494949495), (419, 186.04040404040404), (420, 185.7171717171717), (421, 185.44444444444446), (422, 185.44444444444446), (423, 185.44444444444446), (424, 185.44444444444446), (425, 185.44444444444446), (426, 185.44444444444446), (427, 185.44444444444446), (428, 185.57575757575756), (429, 185.57575757575756), (430, 185.57575757575756), (431, 186.21212121212122), (432, 186.21212121212122), (433, 185.75757575757575), (434, 186.53535353535352), (435, 186.53535353535352), (436, 186.53535353535352), (437, 186.53535353535352), (438, 186.53535353535352), (439, 185.72727272727272), (440, 186.5151515151515), (441, 186.5151515151515), (442, 186.5151515151515), (443, 186.5151515151515), (444, 186.5151515151515), (445, 186.5151515151515), (446, 186.5151515151515), (447, 186.5151515151515), (448, 186.5151515151515), (449, 186.64646464646464), (450, 186.64646464646464), (451, 187.02020202020202), (452, 187.02020202020202), (453, 187.02020202020202), (454, 187.02020202020202), (455, 187.64646464646464), (456, 188.17171717171718), (457, 188.34343434343435), (458, 188.9090909090909), (459, 188.9090909090909), (460, 188.9090909090909), (461, 189.1818181818182), (462, 189.2020202020202), (463, 189.35353535353536), (464, 189.35353535353536), (465, 189.8181818181818), (466, 189.8181818181818), (467, 189.8181818181818), (468, 190.82828282828282), (469, 190.96969696969697), (470, 190.96969696969697), (471, 190.96969696969697), (472, 190.96969696969697), (473, 190.96969696969697), (474, 191.17171717171718), (475, 191.17171717171718), (476, 190.92929292929293), (477, 190.92929292929293), (478, 191.2020202020202), (479, 191.76767676767676), (480, 191.76767676767676), (481, 192.2929292929293), (482, 192.36363636363637), (483, 192.59595959595958), (484, 192.59595959595958), (485, 193.04040404040404), (486, 193.64646464646464), (487, 193.91919191919192), (488, 194.56565656565655), (489, 194.56565656565655), (490, 195.26262626262627), (491, 195.34343434343435), (492, 195.34343434343435), (493, 195.96969696969697), (494, 195.96969696969697), (495, 195.96969696969697), (496, 196.2828282828283), (497, 196.2929292929293), (498, 196.86868686868686), (499, 196.86868686868686), (500, 196.86868686868686), (501, 196.86868686868686), (502, 196.86868686868686), (503, 196.86868686868686), (504, 196.86868686868686), (505, 196.86868686868686), (506, 196.86868686868686), (507, 196.86868686868686), (508, 196.86868686868686), (509, 196.93939393939394), (510, 196.93939393939394), (511, 196.93939393939394), (512, 196.93939393939394), (513, 196.93939393939394), (514, 196.93939393939394), (515, 196.93939393939394), (516, 197.07070707070707), (517, 197.07070707070707), (518, 197.07070707070707), (519, 197.3939393939394), (520, 197.66666666666666), (521, 197.66666666666666), (522, 197.66666666666666), (523, 197.66666666666666), (524, 197.66666666666666), (525, 197.66666666666666), (526, 197.66666666666666), (527, 197.66666666666666), (528, 197.66666666666666), (529, 197.66666666666666), (530, 197.66666666666666), (531, 197.66666666666666), (532, 198.12121212121212), (533, 198.12121212121212), (534, 198.12121212121212), (535, 198.12121212121212), (536, 198.12121212121212), (537, 198.12121212121212), (538, 198.92929292929293), (539, 198.92929292929293), (540, 198.92929292929293), (541, 198.92929292929293), (542, 198.92929292929293), (543, 198.92929292929293), (544, 198.92929292929293), (545, 198.92929292929293), (546, 198.92929292929293), (547, 198.92929292929293), (548, 198.92929292929293), (549, 198.92929292929293), (550, 199.2929292929293), (551, 199.2929292929293), (552, 199.6060606060606), (553, 199.78787878787878), (554, 199.78787878787878), (555, 199.78787878787878), (556, 199.78787878787878), (557, 199.78787878787878), (558, 199.78787878787878), (559, 199.78787878787878), (560, 199.78787878787878), (561, 199.78787878787878), (562, 199.78787878787878), (563, 199.78787878787878), (564, 199.78787878787878), (565, 199.8080808080808), (566, 199.8080808080808), (567, 199.8080808080808), (568, 199.8080808080808), (569, 199.8080808080808), (570, 199.8080808080808), (571, 199.33333333333334), (572, 199.33333333333334), (573, 199.4848484848485), (574, 199.4848484848485), (575, 199.4848484848485), (576, 199.4848484848485), (577, 199.5151515151515), (578, 199.5151515151515), (579, 199.5151515151515), (580, 199.5151515151515), (581, 199.5151515151515), (582, 199.5151515151515), (583, 199.5151515151515), (584, 199.5151515151515), (585, 199.5151515151515), (586, 199.5151515151515), (587, 199.5151515151515), (588, 199.5151515151515), (589, 199.5151515151515), (590, 199.5151515151515), (591, 199.5151515151515), (592, 199.5151515151515), (593, 199.5151515151515), (594, 199.5151515151515), (595, 199.5151515151515), (596, 199.5151515151515), (597, 199.5151515151515), (598, 199.5151515151515), (599, 199.5151515151515), (600, 199.5252525252525), (601, 199.5252525252525), (602, 199.5252525252525), (603, 199.5252525252525), (604, 199.5252525252525), (605, 199.5252525252525), (606, 199.42424242424244), (607, 199.42424242424244), (608, 199.42424242424244), (609, 199.42424242424244), (610, 199.42424242424244), (611, 199.42424242424244), (612, 199.42424242424244), (613, 199.42424242424244), (614, 199.42424242424244), (615, 199.42424242424244), (616, 199.42424242424244), (617, 197.54545454545453), (618, 197.54545454545453), (619, 197.54545454545453), (620, 197.54545454545453), (621, 197.54545454545453), (622, 197.54545454545453), (623, 197.54545454545453), (624, 197.54545454545453), (625, 197.54545454545453), (626, 197.54545454545453), (627, 197.54545454545453), (628, 197.54545454545453), (629, 197.54545454545453), (630, 197.54545454545453), (631, 197.54545454545453), (632, 197.54545454545453), (633, 197.54545454545453), (634, 197.54545454545453), (635, 197.54545454545453), (636, 197.54545454545453), (637, 197.54545454545453), (638, 197.54545454545453), (639, 197.54545454545453), (640, 197.54545454545453), (641, 197.54545454545453), (642, 197.54545454545453), (643, 197.54545454545453), (644, 197.54545454545453), (645, 197.54545454545453), (646, 197.54545454545453), (647, 197.54545454545453), (648, 197.54545454545453), (649, 197.54545454545453), (650, 197.54545454545453), (651, 197.54545454545453), (652, 197.54545454545453), (653, 197.54545454545453), (654, 197.54545454545453), (655, 197.54545454545453), (656, 197.54545454545453), (657, 197.54545454545453), (658, 197.54545454545453), (659, 197.54545454545453), (660, 197.54545454545453), (661, 197.54545454545453), (662, 197.54545454545453), (663, 197.54545454545453), (664, 197.54545454545453), (665, 197.54545454545453), (666, 197.54545454545453), (667, 197.54545454545453), (668, 197.54545454545453), (669, 197.54545454545453), (670, 198.02020202020202), (671, 198.02020202020202), (672, 197.97979797979798), (673, 197.97979797979798), (674, 197.97979797979798), (675, 197.97979797979798), (676, 197.97979797979798), (677, 197.97979797979798), (678, 197.97979797979798), (679, 197.97979797979798), (680, 197.97979797979798), (681, 197.97979797979798), (682, 197.97979797979798), (683, 197.97979797979798), (684, 197.97979797979798), (685, 197.97979797979798), (686, 197.7979797979798), (687, 197.7979797979798), (688, 197.7979797979798), (689, 197.7979797979798), (690, 197.7979797979798), (691, 198.11111111111111), (692, 198.11111111111111), (693, 198.11111111111111), (694, 198.11111111111111), (695, 198.59595959595958), (696, 199.31313131313132), (697, 199.31313131313132), (698, 199.31313131313132), (699, 199.31313131313132), (700, 199.989898989899), (701, 199.989898989899), (702, 199.989898989899), (703, 199.989898989899), (704, 200.0), (705, 200.0), (706, 200.0), (707, 200.0), (708, 200.0), (709, 200.0), (710, 200.0), (711, 200.0), (712, 200.0), (713, 200.0), (714, 200.0), (715, 200.0), (716, 200.0), (717, 200.0), (718, 200.0), (719, 200.0), (720, 200.0), (721, 200.0), (722, 200.0), (723, 200.0), (724, 200.0), (725, 200.0), (726, 200.0), (727, 200.0), (728, 200.0), (729, 200.0), (730, 200.0), (731, 200.0), (732, 200.0), (733, 200.0), (734, 200.0), (735, 200.0), (736, 200.0), (737, 200.0), (738, 200.0), (739, 200.0), (740, 200.0), (741, 200.0), (742, 200.0), (743, 200.0), (744, 200.0), (745, 200.0), (746, 200.0), (747, 200.0), (748, 200.0), (749, 200.0), (750, 200.0), (751, 200.0), (752, 200.0), (753, 200.0), (754, 200.0), (755, 200.0), (756, 200.0), (757, 200.0), (758, 200.0), (759, 200.0), (760, 200.0), (761, 200.0), (762, 200.0), (763, 200.0), (764, 200.0), (765, 200.0), (766, 200.0), (767, 200.0), (768, 200.0), (769, 200.0), (770, 200.0), (771, 200.0), (772, 200.0), (773, 200.0), (774, 200.0), (775, 200.0), (776, 200.0), (777, 200.0), (778, 200.0), (779, 200.0), (780, 200.0), (781, 200.0), (782, 200.0), (783, 200.0), (784, 200.0), (785, 200.0), (786, 200.0), (787, 200.0), (788, 200.0), (789, 200.0), (790, 200.0), (791, 200.0), (792, 200.0), (793, 200.0), (794, 200.0), (795, 200.0), (796, 200.0), (797, 200.0), (798, 200.0), (799, 200.0), (800, 200.0), (801, 200.0), (802, 200.0), (803, 200.0), (804, 200.0), (805, 200.0), (806, 200.0), (807, 200.0), (808, 200.0), (809, 200.0), (810, 200.0), (811, 200.0), (812, 200.0), (813, 200.0), (814, 200.0), (815, 200.0), (816, 200.0), (817, 200.0), (818, 200.0), (819, 200.0), (820, 200.0), (821, 200.0), (822, 200.0), (823, 200.0), (824, 200.0), (825, 200.0), (826, 200.0), (827, 200.0), (828, 200.0), (829, 200.0), (830, 200.0), (831, 200.0), (832, 200.0), (833, 200.0), (834, 200.0), (835, 199.8989898989899), (836, 199.8989898989899), (837, 199.8989898989899), (838, 199.8989898989899), (839, 199.8989898989899), (840, 199.8989898989899), (841, 199.55555555555554), (842, 199.55555555555554), (843, 199.55555555555554), (844, 199.55555555555554), (845, 199.55555555555554), (846, 199.55555555555554), (847, 199.55555555555554), (848, 199.55555555555554), (849, 199.55555555555554), (850, 199.55555555555554), (851, 199.2929292929293), (852, 199.2929292929293), (853, 199.2929292929293), (854, 199.08080808080808), (855, 198.68686868686868), (856, 198.31313131313132), (857, 198.31313131313132), (858, 198.31313131313132), (859, 198.31313131313132), (860, 198.31313131313132), (861, 198.31313131313132), (862, 198.05050505050505), (863, 197.88888888888889), (864, 197.88888888888889), (865, 197.8080808080808), (866, 197.75757575757575), (867, 197.56565656565655), (868, 197.56565656565655), (869, 197.56565656565655), (870, 197.56565656565655), (871, 197.56565656565655), (872, 197.56565656565655), (873, 197.56565656565655), (874, 197.2020202020202), (875, 197.2020202020202), (876, 197.03030303030303), (877, 197.03030303030303), (878, 196.63636363636363), (879, 196.63636363636363), (880, 196.33333333333334), (881, 196.55555555555554), (882, 196.55555555555554), (883, 196.55555555555554), (884, 196.55555555555554), (885, 196.55555555555554), (886, 196.55555555555554), (887, 196.55555555555554), (888, 196.55555555555554), (889, 196.55555555555554), (890, 196.55555555555554), (891, 196.55555555555554), (892, 196.55555555555554), (893, 196.55555555555554), (894, 196.55555555555554), (895, 196.55555555555554), (896, 196.55555555555554), (897, 196.55555555555554), (898, 195.65656565656565), (899, 195.65656565656565), (900, 196.21212121212122), (901, 196.21212121212122), (902, 196.21212121212122), (903, 196.21212121212122), (904, 196.21212121212122), (905, 196.21212121212122), (906, 196.21212121212122), (907, 196.21212121212122), (908, 196.21212121212122), (909, 196.21212121212122), (910, 196.97979797979798), (911, 196.97979797979798), (912, 196.97979797979798), (913, 196.97979797979798), (914, 196.97979797979798), (915, 197.26262626262627), (916, 197.26262626262627), (917, 197.26262626262627), (918, 197.26262626262627), (919, 196.6161616161616), (920, 196.6161616161616), (921, 196.6161616161616), (922, 196.6161616161616), (923, 196.6161616161616), (924, 196.6161616161616), (925, 196.6161616161616), (926, 196.6161616161616), (927, 196.6161616161616), (928, 196.6161616161616), (929, 196.6161616161616), (930, 196.6161616161616), (931, 196.6161616161616), (932, 196.6161616161616), (933, 196.6161616161616), (934, 196.6161616161616), (935, 196.6161616161616), (936, 196.6161616161616), (937, 196.6161616161616), (938, 196.6161616161616), (939, 196.6161616161616), (940, 196.6161616161616), (941, 196.6161616161616), (942, 196.6161616161616), (943, 196.6161616161616), (944, 196.6161616161616), (945, 196.6161616161616), (946, 196.6161616161616), (947, 196.6161616161616), (948, 196.6161616161616), (949, 196.6161616161616), (950, 196.6161616161616), (951, 196.6161616161616), (952, 196.6161616161616), (953, 197.1919191919192), (954, 197.1919191919192), (955, 197.1919191919192), (956, 197.1919191919192), (957, 197.1919191919192), (958, 197.1919191919192), (959, 197.1919191919192), (960, 197.1919191919192), (961, 197.1919191919192), (962, 197.1919191919192), (963, 197.1919191919192), (964, 197.1919191919192), (965, 197.1919191919192), (966, 197.1919191919192), (967, 197.1919191919192), (968, 197.1919191919192), (969, 197.1919191919192), (970, 197.1919191919192), (971, 197.1919191919192), (972, 197.1919191919192), (973, 198.42424242424244), (974, 198.42424242424244), (975, 198.42424242424244), (976, 198.42424242424244), (977, 198.42424242424244), (978, 198.42424242424244), (979, 198.42424242424244), (980, 198.42424242424244), (981, 198.42424242424244), (982, 198.42424242424244), (983, 198.42424242424244), (984, 198.42424242424244), (985, 198.42424242424244), (986, 198.42424242424244), (987, 198.42424242424244), (988, 198.42424242424244), (989, 198.42424242424244), (990, 198.42424242424244), (991, 198.42424242424244), (992, 198.42424242424244), (993, 198.42424242424244), (994, 198.42424242424244), (995, 198.42424242424244), (996, 198.42424242424244), (997, 199.32323232323233), (998, 199.32323232323233), (999, 199.32323232323233), (1000, 199.32323232323233), (1001, 199.32323232323233), (1002, 199.32323232323233), (1003, 199.32323232323233), (1004, 199.32323232323233), (1005, 199.32323232323233), (1006, 199.32323232323233), (1007, 199.32323232323233), (1008, 199.32323232323233), (1009, 199.32323232323233), (1010, 199.32323232323233), (1011, 199.32323232323233), (1012, 199.32323232323233), (1013, 199.32323232323233), (1014, 199.32323232323233), (1015, 199.32323232323233), (1016, 199.32323232323233), (1017, 199.32323232323233), (1018, 200.0), (1019, 200.0), (1020, 200.0), (1021, 200.0), (1022, 200.0), (1023, 200.0), (1024, 200.0), (1025, 200.0), (1026, 200.0), (1027, 200.0), (1028, 200.0), (1029, 200.0), (1030, 200.0), (1031, 200.0), (1032, 200.0), (1033, 200.0), (1034, 200.0), (1035, 200.0), (1036, 200.0), (1037, 200.0), (1038, 200.0), (1039, 200.0), (1040, 200.0), (1041, 200.0), (1042, 200.0), (1043, 200.0), (1044, 200.0), (1045, 200.0), (1046, 199.55555555555554), (1047, 199.55555555555554), (1048, 199.55555555555554), (1049, 199.55555555555554), (1050, 199.32323232323233), (1051, 199.32323232323233), (1052, 199.32323232323233), (1053, 199.32323232323233), (1054, 199.32323232323233), (1055, 199.32323232323233), (1056, 199.32323232323233), (1057, 199.32323232323233), (1058, 198.989898989899), (1059, 198.989898989899), (1060, 198.989898989899), (1061, 198.989898989899), (1062, 198.989898989899), (1063, 198.989898989899), (1064, 198.989898989899), (1065, 198.989898989899), (1066, 198.989898989899), (1067, 198.989898989899), (1068, 198.989898989899), (1069, 198.989898989899), (1070, 198.989898989899), (1071, 198.989898989899), (1072, 198.989898989899), (1073, 198.989898989899), (1074, 198.989898989899), (1075, 198.989898989899), (1076, 198.989898989899), (1077, 198.989898989899), (1078, 198.989898989899), (1079, 198.989898989899), (1080, 198.989898989899), (1081, 198.989898989899), (1082, 198.989898989899), (1083, 198.989898989899), (1084, 198.989898989899), (1085, 198.989898989899), (1086, 198.989898989899), (1087, 198.989898989899), (1088, 198.989898989899), (1089, 198.989898989899), (1090, 198.989898989899), (1091, 198.989898989899), (1092, 198.989898989899), (1093, 198.989898989899), (1094, 198.989898989899), (1095, 198.989898989899), (1096, 198.989898989899), (1097, 198.989898989899), (1098, 198.989898989899), (1099, 198.989898989899), (1100, 199.0), (1101, 199.0), (1102, 199.0), (1103, 199.40404040404042), (1104, 199.40404040404042), (1105, 199.40404040404042), (1106, 199.64646464646464), (1107, 199.64646464646464), (1108, 199.64646464646464), (1109, 199.64646464646464), (1110, 199.9090909090909), (1111, 199.9090909090909), (1112, 200.0), (1113, 200.0), (1114, 200.0), (1115, 200.0), (1116, 200.0), (1117, 200.0), (1118, 200.0), (1119, 200.0), (1120, 200.0), (1121, 200.0), (1122, 200.0), (1123, 200.0), (1124, 200.0), (1125, 200.0), (1126, 200.0), (1127, 200.0), (1128, 200.0), (1129, 200.0), (1130, 200.0), (1131, 200.0), (1132, 200.0), (1133, 200.0), (1134, 200.0), (1135, 200.0), (1136, 200.0), (1137, 200.0), (1138, 200.0), (1139, 200.0), (1140, 200.0), (1141, 200.0), (1142, 200.0), (1143, 200.0), (1144, 200.0), (1145, 200.0), (1146, 200.0), (1147, 200.0), (1148, 200.0), (1149, 200.0), (1150, 200.0), (1151, 200.0), (1152, 200.0), (1153, 200.0), (1154, 200.0), (1155, 200.0), (1156, 200.0), (1157, 200.0), (1158, 200.0), (1159, 200.0), (1160, 200.0), (1161, 200.0), (1162, 200.0), (1163, 200.0), (1164, 200.0), (1165, 200.0), (1166, 200.0), (1167, 200.0), (1168, 200.0), (1169, 200.0), (1170, 200.0), (1171, 200.0), (1172, 200.0), (1173, 200.0), (1174, 200.0), (1175, 200.0), (1176, 200.0), (1177, 200.0), (1178, 200.0), (1179, 200.0), (1180, 200.0), (1181, 200.0), (1182, 200.0), (1183, 200.0), (1184, 200.0), (1185, 200.0), (1186, 200.0), (1187, 200.0), (1188, 200.0), (1189, 200.0), (1190, 200.0), (1191, 200.0), (1192, 200.0), (1193, 200.0), (1194, 200.0), (1195, 200.0), (1196, 200.0), (1197, 200.0), (1198, 200.0), (1199, 200.0), (1200, 200.0), (1201, 199.93939393939394), (1202, 199.93939393939394), (1203, 199.93939393939394), (1204, 199.93939393939394), (1205, 199.93939393939394), (1206, 199.93939393939394), (1207, 199.93939393939394), (1208, 199.93939393939394), (1209, 199.93939393939394), (1210, 199.93939393939394), (1211, 199.93939393939394), (1212, 199.93939393939394), (1213, 199.93939393939394), (1214, 199.93939393939394), (1215, 199.93939393939394), (1216, 199.93939393939394), (1217, 199.93939393939394), (1218, 199.93939393939394), (1219, 199.93939393939394), (1220, 199.93939393939394), (1221, 199.93939393939394), (1222, 199.93939393939394), (1223, 199.93939393939394), (1224, 199.93939393939394), (1225, 199.93939393939394), (1226, 199.93939393939394), (1227, 199.93939393939394), (1228, 199.93939393939394), (1229, 199.93939393939394), (1230, 199.93939393939394), (1231, 199.93939393939394), (1232, 199.93939393939394), (1233, 199.93939393939394), (1234, 199.93939393939394), (1235, 199.93939393939394), (1236, 199.93939393939394), (1237, 199.93939393939394), (1238, 199.93939393939394), (1239, 199.93939393939394), (1240, 199.93939393939394), (1241, 199.93939393939394), (1242, 199.93939393939394), (1243, 199.93939393939394), (1244, 199.93939393939394), (1245, 199.93939393939394), (1246, 199.93939393939394), (1247, 199.93939393939394), (1248, 199.93939393939394), (1249, 199.93939393939394), (1250, 199.93939393939394), (1251, 199.93939393939394), (1252, 199.93939393939394), (1253, 199.93939393939394), (1254, 199.93939393939394), (1255, 199.93939393939394), (1256, 199.93939393939394), (1257, 199.93939393939394), (1258, 199.93939393939394), (1259, 199.93939393939394), (1260, 199.93939393939394), (1261, 199.93939393939394), (1262, 199.93939393939394), (1263, 200.0), (1264, 200.0), (1265, 200.0), (1266, 200.0), (1267, 200.0), (1268, 200.0), (1269, 200.0), (1270, 200.0), (1271, 200.0), (1272, 200.0), (1273, 200.0), (1274, 200.0), (1275, 200.0), (1276, 200.0), (1277, 200.0), (1278, 200.0), (1279, 200.0), (1280, 200.0), (1281, 200.0), (1282, 200.0), (1283, 200.0), (1284, 200.0), (1285, 200.0), (1286, 200.0), (1287, 200.0), (1288, 200.0), (1289, 200.0), (1290, 200.0), (1291, 200.0), (1292, 200.0), (1293, 200.0), (1294, 200.0), (1295, 200.0), (1296, 200.0), (1297, 200.0), (1298, 200.0), (1299, 200.0), (1300, 200.0), (1301, 200.0), (1302, 200.0), (1303, 200.0), (1304, 200.0), (1305, 200.0), (1306, 200.0), (1307, 200.0), (1308, 200.0), (1309, 200.0), (1310, 200.0), (1311, 200.0), (1312, 200.0), (1313, 200.0), (1314, 200.0), (1315, 200.0), (1316, 200.0), (1317, 200.0), (1318, 200.0), (1319, 200.0), (1320, 200.0), (1321, 200.0), (1322, 200.0), (1323, 200.0), (1324, 200.0), (1325, 200.0), (1326, 200.0), (1327, 200.0), (1328, 200.0), (1329, 200.0), (1330, 200.0), (1331, 200.0), (1332, 200.0), (1333, 200.0), (1334, 200.0), (1335, 200.0), (1336, 200.0), (1337, 200.0), (1338, 200.0), (1339, 200.0), (1340, 200.0), (1341, 200.0), (1342, 200.0), (1343, 200.0), (1344, 200.0), (1345, 200.0), (1346, 200.0), (1347, 200.0), (1348, 200.0), (1349, 200.0), (1350, 200.0), (1351, 200.0), (1352, 200.0), (1353, 200.0), (1354, 200.0), (1355, 200.0), (1356, 200.0), (1357, 200.0), (1358, 200.0), (1359, 200.0), (1360, 200.0), (1361, 200.0), (1362, 200.0), (1363, 200.0), (1364, 200.0), (1365, 200.0), (1366, 200.0), (1367, 200.0), (1368, 200.0), (1369, 200.0), (1370, 200.0), (1371, 200.0), (1372, 200.0), (1373, 200.0), (1374, 200.0), (1375, 200.0), (1376, 200.0), (1377, 200.0), (1378, 200.0), (1379, 200.0), (1380, 200.0), (1381, 200.0), (1382, 200.0), (1383, 200.0), (1384, 200.0), (1385, 200.0), (1386, 200.0), (1387, 200.0), (1388, 200.0), (1389, 200.0), (1390, 200.0), (1391, 200.0), (1392, 200.0), (1393, 200.0), (1394, 200.0), (1395, 200.0), (1396, 200.0), (1397, 200.0), (1398, 200.0), (1399, 200.0), (1400, 200.0), (1401, 200.0), (1402, 200.0), (1403, 200.0), (1404, 200.0), (1405, 200.0), (1406, 200.0), (1407, 200.0), (1408, 200.0), (1409, 200.0), (1410, 200.0), (1411, 200.0), (1412, 200.0), (1413, 200.0), (1414, 200.0), (1415, 200.0), (1416, 200.0), (1417, 200.0), (1418, 200.0), (1419, 200.0), (1420, 200.0), (1421, 200.0), (1422, 200.0), (1423, 200.0), (1424, 200.0), (1425, 200.0), (1426, 200.0), (1427, 200.0), (1428, 200.0), (1429, 200.0), (1430, 200.0), (1431, 200.0), (1432, 200.0), (1433, 200.0), (1434, 200.0), (1435, 200.0), (1436, 200.0), (1437, 200.0), (1438, 200.0), (1439, 200.0), (1440, 200.0), (1441, 200.0), (1442, 200.0), (1443, 200.0), (1444, 200.0), (1445, 200.0), (1446, 200.0), (1447, 200.0), (1448, 200.0), (1449, 200.0), (1450, 200.0), (1451, 200.0), (1452, 200.0), (1453, 200.0), (1454, 200.0), (1455, 200.0), (1456, 200.0), (1457, 200.0), (1458, 200.0), (1459, 200.0), (1460, 200.0), (1461, 200.0), (1462, 200.0), (1463, 200.0), (1464, 200.0), (1465, 200.0), (1466, 200.0), (1467, 200.0), (1468, 200.0), (1469, 200.0), (1470, 200.0), (1471, 200.0), (1472, 200.0), (1473, 200.0), (1474, 200.0), (1475, 200.0), (1476, 200.0), (1477, 200.0), (1478, 200.0), (1479, 200.0), (1480, 200.0), (1481, 200.0), (1482, 200.0), (1483, 200.0), (1484, 200.0), (1485, 200.0), (1486, 200.0), (1487, 200.0), (1488, 200.0), (1489, 200.0)]
