<class 'gym.envs.classic_control.cartpole.CartPoleEnv'>
Iteration 0 avg reward 41.000000
Iteration 100 avg reward 67.535354
Iteration 200 avg reward 98.525253
Iteration 300 avg reward 170.353535
Iteration 400 avg reward 191.222222
Iteration 500 avg reward 189.868687
Iteration 600 avg reward 198.000000
Iteration 700 avg reward 199.838384
Iteration 800 avg reward 199.111111
Iteration 900 avg reward 200.000000
Iteration 1000 avg reward 200.000000
Iteration 1100 avg reward 200.000000
Iteration 1200 avg reward 197.464646
Iteration 1300 avg reward 198.606061
Iteration 1400 avg reward 200.000000
Iteration 1500 avg reward 199.868687
[(0, 41.0), (1, 36.5), (2, 34.333333333333336), (3, 34.25), (4, 36.4), (5, 41.333333333333336), (6, 40.857142857142854), (7, 42.125), (8, 41.666666666666664), (9, 40.8), (10, 39.54545454545455), (11, 38.75), (12, 39.30769230769231), (13, 38.785714285714285), (14, 39.06666666666667), (15, 42.125), (16, 42.23529411764706), (17, 40.94444444444444), (18, 42.31578947368421), (19, 44.8), (20, 48.23809523809524), (21, 47.13636363636363), (22, 46.65217391304348), (23, 46.625), (24, 45.64), (25, 45.15384615384615), (26, 45.333333333333336), (27, 45.92857142857143), (28, 45.03448275862069), (29, 44.233333333333334), (30, 45.806451612903224), (31, 45.125), (32, 46.84848484848485), (33, 46.088235294117645), (34, 45.8), (35, 45.583333333333336), (36, 45.62162162162162), (37, 46.78947368421053), (38, 46.82051282051282), (39, 47.425), (40, 47.19512195121951), (41, 46.857142857142854), (42, 46.55813953488372), (43, 46.61363636363637), (44, 46.333333333333336), (45, 45.95652173913044), (46, 46.319148936170215), (47, 46.833333333333336), (48, 46.89795918367347), (49, 46.82), (50, 46.98039215686274), (51, 47.11538461538461), (52, 47.81132075471698), (53, 47.351851851851855), (54, 48.09090909090909), (55, 48.125), (56, 48.1578947368421), (57, 49.62068965517241), (58, 49.88135593220339), (59, 50.68333333333333), (60, 51.09836065573771), (61, 50.70967741935484), (62, 50.41269841269841), (63, 51.140625), (64, 50.84615384615385), (65, 51.65151515151515), (66, 52.149253731343286), (67, 52.161764705882355), (68, 53.594202898550726), (69, 54.714285714285715), (70, 54.70422535211268), (71, 56.72222222222222), (72, 57.10958904109589), (73, 56.75675675675676), (74, 56.81333333333333), (75, 56.8421052631579), (76, 57.72727272727273), (77, 58.5), (78, 58.30379746835443), (79, 57.8625), (80, 58.06172839506173), (81, 57.890243902439025), (82, 58.566265060240966), (83, 59.38095238095238), (84, 59.1764705882353), (85, 59.01162790697674), (86, 59.54022988505747), (87, 59.48863636363637), (88, 59.82022471910113), (89, 60.8), (90, 62.142857142857146), (91, 62.01086956521739), (92, 62.075268817204304), (93, 62.691489361702125), (94, 62.77894736842105), (95, 64.20833333333333), (96, 64.37113402061856), (97, 65.75510204081633), (98, 65.93939393939394), (99, 66.63636363636364), (100, 67.53535353535354), (101, 69.13131313131314), (102, 69.72727272727273), (103, 69.87878787878788), (104, 69.85858585858585), (105, 70.26262626262626), (106, 70.42424242424242), (107, 71.22222222222223), (108, 71.60606060606061), (109, 73.02020202020202), (110, 72.72727272727273), (111, 72.94949494949495), (112, 73.93939393939394), (113, 74.29292929292929), (114, 74.45454545454545), (115, 75.20202020202021), (116, 76.75757575757575), (117, 77.83838383838383), (118, 78.94949494949495), (119, 79.83838383838383), (120, 80.31313131313131), (121, 81.73737373737374), (122, 82.42424242424242), (123, 83.98989898989899), (124, 85.08080808080808), (125, 85.63636363636364), (126, 86.57575757575758), (127, 87.18181818181819), (128, 87.97979797979798), (129, 88.70707070707071), (130, 89.95959595959596), (131, 90.12121212121212), (132, 90.07070707070707), (133, 90.4040404040404), (134, 91.38383838383838), (135, 92.11111111111111), (136, 92.33333333333333), (137, 93.1010101010101), (138, 93.28282828282828), (139, 92.62626262626263), (140, 91.61616161616162), (141, 92.65656565656566), (142, 93.11111111111111), (143, 93.18181818181819), (144, 93.57575757575758), (145, 93.74747474747475), (146, 94.07070707070707), (147, 94.71717171717172), (148, 95.70707070707071), (149, 95.9090909090909), (150, 95.78787878787878), (151, 95.71717171717172), (152, 96.1919191919192), (153, 96.11111111111111), (154, 96.64646464646465), (155, 97.23232323232324), (156, 97.66666666666667), (157, 97.33333333333333), (158, 97.33333333333333), (159, 97.23232323232324), (160, 97.8080808080808), (161, 98.4040404040404), (162, 98.5050505050505), (163, 98.84848484848484), (164, 98.06060606060606), (165, 97.98989898989899), (166, 97.95959595959596), (167, 97.64646464646465), (168, 96.83838383838383), (169, 97.13131313131314), (170, 96.32323232323232), (171, 96.45454545454545), (172, 96.35353535353535), (173, 97.36363636363636), (174, 97.5050505050505), (175, 97.51515151515152), (176, 96.83838383838383), (177, 97.21212121212122), (178, 99.0), (179, 99.51515151515152), (180, 100.51515151515152), (181, 100.52525252525253), (182, 100.52525252525253), (183, 101.38383838383838), (184, 102.94949494949495), (185, 102.56565656565657), (186, 102.53535353535354), (187, 101.98989898989899), (188, 101.12121212121212), (189, 99.76767676767676), (190, 100.14141414141415), (191, 100.1919191919192), (192, 99.8989898989899), (193, 100.0), (194, 100.0), (195, 99.93939393939394), (196, 98.35353535353535), (197, 98.48484848484848), (198, 99.11111111111111), (199, 99.8989898989899), (200, 98.52525252525253), (201, 99.56565656565657), (202, 99.4949494949495), (203, 100.94949494949495), (204, 102.45454545454545), (205, 102.62626262626263), (206, 103.15151515151516), (207, 104.0909090909091), (208, 105.36363636363636), (209, 106.5050505050505), (210, 107.93939393939394), (211, 108.79797979797979), (212, 109.46464646464646), (213, 110.5959595959596), (214, 110.54545454545455), (215, 110.97979797979798), (216, 111.64646464646465), (217, 112.6969696969697), (218, 113.86868686868686), (219, 115.64646464646465), (220, 117.1919191919192), (221, 118.53535353535354), (222, 119.70707070707071), (223, 120.9090909090909), (224, 121.35353535353535), (225, 121.21212121212122), (226, 121.46464646464646), (227, 121.9090909090909), (228, 121.91919191919192), (229, 121.76767676767676), (230, 122.57575757575758), (231, 123.48484848484848), (232, 124.33333333333333), (233, 124.97979797979798), (234, 126.84848484848484), (235, 127.38383838383838), (236, 128.04040404040404), (237, 129.05050505050505), (238, 129.41414141414143), (239, 130.78787878787878), (240, 131.40404040404042), (241, 132.07070707070707), (242, 133.06060606060606), (243, 133.59595959595958), (244, 133.40404040404042), (245, 134.37373737373738), (246, 134.17171717171718), (247, 135.37373737373738), (248, 134.57575757575756), (249, 134.3838383838384), (250, 135.03030303030303), (251, 135.010101010101), (252, 135.21212121212122), (253, 135.53535353535352), (254, 135.8181818181818), (255, 135.85858585858585), (256, 134.989898989899), (257, 136.0909090909091), (258, 135.75757575757575), (259, 136.31313131313132), (260, 137.08080808080808), (261, 138.42424242424244), (262, 139.21212121212122), (263, 139.5151515151515), (264, 140.4848484848485), (265, 140.43434343434345), (266, 140.0909090909091), (267, 140.40404040404042), (268, 142.0), (269, 142.3939393939394), (270, 142.3939393939394), (271, 144.0909090909091), (272, 144.78787878787878), (273, 145.08080808080808), (274, 145.91919191919192), (275, 147.23232323232324), (276, 148.44444444444446), (277, 148.62626262626262), (278, 149.40404040404042), (279, 150.75757575757575), (280, 151.34343434343435), (281, 151.97979797979798), (282, 152.88888888888889), (283, 152.88888888888889), (284, 153.59595959595958), (285, 154.31313131313132), (286, 155.97979797979798), (287, 157.37373737373738), (288, 158.8989898989899), (289, 160.04040404040404), (290, 161.32323232323233), (291, 162.42424242424244), (292, 163.62626262626262), (293, 163.62626262626262), (294, 164.8989898989899), (295, 166.4848484848485), (296, 167.5252525252525), (297, 167.72727272727272), (298, 167.8080808080808), (299, 169.1818181818182), (300, 170.35353535353536), (301, 171.92929292929293), (302, 173.55555555555554), (303, 175.03030303030303), (304, 176.44444444444446), (305, 176.44444444444446), (306, 177.54545454545453), (307, 177.7171717171717), (308, 178.44444444444446), (309, 179.7979797979798), (310, 180.35353535353536), (311, 181.55555555555554), (312, 181.54545454545453), (313, 181.54545454545453), (314, 182.7171717171717), (315, 184.58585858585857), (316, 185.63636363636363), (317, 185.63636363636363), (318, 186.93939393939394), (319, 186.82828282828282), (320, 187.12121212121212), (321, 187.12121212121212), (322, 187.12121212121212), (323, 187.12121212121212), (324, 186.75757575757575), (325, 186.75757575757575), (326, 187.3838383838384), (327, 187.97979797979798), (328, 189.4848484848485), (329, 189.42424242424244), (330, 188.85858585858585), (331, 188.85858585858585), (332, 190.7070707070707), (333, 190.45454545454547), (334, 190.45454545454547), (335, 191.6969696969697), (336, 192.03030303030303), (337, 192.03030303030303), (338, 192.03030303030303), (339, 192.03030303030303), (340, 192.03030303030303), (341, 192.03030303030303), (342, 193.36363636363637), (343, 193.40404040404042), (344, 193.40404040404042), (345, 193.40404040404042), (346, 193.40404040404042), (347, 193.40404040404042), (348, 193.40404040404042), (349, 193.40404040404042), (350, 193.12121212121212), (351, 193.12121212121212), (352, 193.12121212121212), (353, 193.12121212121212), (354, 192.9090909090909), (355, 192.9090909090909), (356, 192.9090909090909), (357, 192.76767676767676), (358, 192.76767676767676), (359, 192.76767676767676), (360, 192.76767676767676), (361, 192.37373737373738), (362, 192.77777777777777), (363, 192.83838383838383), (364, 193.06060606060606), (365, 192.5252525252525), (366, 192.25252525252526), (367, 191.85858585858585), (368, 192.31313131313132), (369, 192.010101010101), (370, 192.14141414141415), (371, 192.35353535353536), (372, 192.35353535353536), (373, 192.35353535353536), (374, 192.35353535353536), (375, 192.75757575757575), (376, 192.86868686868686), (377, 192.86868686868686), (378, 192.86868686868686), (379, 192.4848484848485), (380, 192.4848484848485), (381, 192.4848484848485), (382, 192.4848484848485), (383, 192.15151515151516), (384, 191.8181818181818), (385, 191.26262626262627), (386, 191.26262626262627), (387, 191.64646464646464), (388, 191.64646464646464), (389, 191.44444444444446), (390, 191.34343434343435), (391, 191.0909090909091), (392, 191.0909090909091), (393, 191.0909090909091), (394, 191.0909090909091), (395, 191.0909090909091), (396, 191.17171717171718), (397, 191.22222222222223), (398, 191.22222222222223), (399, 191.22222222222223), (400, 191.22222222222223), (401, 191.42424242424244), (402, 191.42424242424244), (403, 191.42424242424244), (404, 191.42424242424244), (405, 191.42424242424244), (406, 191.82828282828282), (407, 191.82828282828282), (408, 191.82828282828282), (409, 191.82828282828282), (410, 191.82828282828282), (411, 191.83838383838383), (412, 191.83838383838383), (413, 191.83838383838383), (414, 191.83838383838383), (415, 192.1818181818182), (416, 192.1818181818182), (417, 192.1818181818182), (418, 192.2929292929293), (419, 192.35353535353536), (420, 192.35353535353536), (421, 192.35353535353536), (422, 192.35353535353536), (423, 192.7171717171717), (424, 192.7171717171717), (425, 193.02020202020202), (426, 193.42424242424244), (427, 193.4848484848485), (428, 193.6969696969697), (429, 194.26262626262627), (430, 194.26262626262627), (431, 194.26262626262627), (432, 194.5151515151515), (433, 194.5151515151515), (434, 194.64646464646464), (435, 194.64646464646464), (436, 194.64646464646464), (437, 194.64646464646464), (438, 194.64646464646464), (439, 194.64646464646464), (440, 194.64646464646464), (441, 194.64646464646464), (442, 194.64646464646464), (443, 194.64646464646464), (444, 194.64646464646464), (445, 194.64646464646464), (446, 194.64646464646464), (447, 194.64646464646464), (448, 194.64646464646464), (449, 194.92929292929293), (450, 193.25252525252526), (451, 193.25252525252526), (452, 192.85858585858585), (453, 193.07070707070707), (454, 193.07070707070707), (455, 193.07070707070707), (456, 193.21212121212122), (457, 193.21212121212122), (458, 191.94949494949495), (459, 191.94949494949495), (460, 191.94949494949495), (461, 191.40404040404042), (462, 191.40404040404042), (463, 191.40404040404042), (464, 191.40404040404042), (465, 191.40404040404042), (466, 191.40404040404042), (467, 191.40404040404042), (468, 191.40404040404042), (469, 191.40404040404042), (470, 191.40404040404042), (471, 191.40404040404042), (472, 191.40404040404042), (473, 191.40404040404042), (474, 191.40404040404042), (475, 191.5050505050505), (476, 191.5050505050505), (477, 191.5050505050505), (478, 191.88888888888889), (479, 191.46464646464648), (480, 189.58585858585857), (481, 189.58585858585857), (482, 189.91919191919192), (483, 190.25252525252526), (484, 190.8080808080808), (485, 190.8080808080808), (486, 190.8080808080808), (487, 189.54545454545453), (488, 189.74747474747474), (489, 189.84848484848484), (490, 190.15151515151516), (491, 190.3030303030303), (492, 190.3030303030303), (493, 190.3030303030303), (494, 190.3939393939394), (495, 190.3939393939394), (496, 190.25252525252526), (497, 190.25252525252526), (498, 190.25252525252526), (499, 189.86868686868686), (500, 189.86868686868686), (501, 190.0), (502, 190.0), (503, 190.0), (504, 190.0), (505, 190.59595959595958), (506, 190.77777777777777), (507, 191.1919191919192), (508, 191.1919191919192), (509, 191.16161616161617), (510, 191.11111111111111), (511, 191.23232323232324), (512, 190.62626262626262), (513, 190.9090909090909), (514, 190.7171717171717), (515, 190.7171717171717), (516, 190.7171717171717), (517, 190.7171717171717), (518, 190.65656565656565), (519, 190.92929292929293), (520, 190.92929292929293), (521, 190.92929292929293), (522, 190.92929292929293), (523, 190.92929292929293), (524, 191.36363636363637), (525, 191.36363636363637), (526, 191.31313131313132), (527, 191.31313131313132), (528, 191.31313131313132), (529, 191.22222222222223), (530, 191.22222222222223), (531, 191.22222222222223), (532, 191.22222222222223), (533, 191.2828282828283), (534, 191.2828282828283), (535, 191.2828282828283), (536, 191.2828282828283), (537, 191.2828282828283), (538, 191.2828282828283), (539, 191.2828282828283), (540, 191.2828282828283), (541, 191.2828282828283), (542, 190.8080808080808), (543, 190.8080808080808), (544, 191.86868686868686), (545, 192.0909090909091), (546, 192.0909090909091), (547, 192.67676767676767), (548, 192.3030303030303), (549, 192.3030303030303), (550, 192.3030303030303), (551, 192.3030303030303), (552, 192.3030303030303), (553, 192.3030303030303), (554, 192.53535353535352), (555, 192.53535353535352), (556, 192.53535353535352), (557, 192.53535353535352), (558, 192.53535353535352), (559, 192.41414141414143), (560, 192.95959595959596), (561, 192.95959595959596), (562, 192.95959595959596), (563, 192.95959595959596), (564, 192.95959595959596), (565, 192.95959595959596), (566, 192.95959595959596), (567, 192.95959595959596), (568, 192.95959595959596), (569, 192.95959595959596), (570, 192.94949494949495), (571, 192.94949494949495), (572, 192.94949494949495), (573, 192.94949494949495), (574, 192.94949494949495), (575, 192.94949494949495), (576, 192.94949494949495), (577, 192.94949494949495), (578, 193.37373737373738), (579, 195.25252525252526), (580, 195.25252525252526), (581, 195.25252525252526), (582, 195.25252525252526), (583, 195.25252525252526), (584, 195.25252525252526), (585, 195.25252525252526), (586, 196.5151515151515), (587, 196.5151515151515), (588, 196.41414141414143), (589, 196.41414141414143), (590, 196.41414141414143), (591, 196.2828282828283), (592, 196.2828282828283), (593, 196.2828282828283), (594, 196.2828282828283), (595, 196.42424242424244), (596, 196.42424242424244), (597, 195.88888888888889), (598, 196.7070707070707), (599, 196.7070707070707), (600, 198.0), (601, 198.0), (602, 198.0), (603, 198.0), (604, 198.0), (605, 198.0), (606, 198.32323232323233), (607, 200.0), (608, 200.0), (609, 200.0), (610, 200.0), (611, 200.0), (612, 200.0), (613, 200.0), (614, 200.0), (615, 200.0), (616, 200.0), (617, 200.0), (618, 200.0), (619, 200.0), (620, 200.0), (621, 200.0), (622, 200.0), (623, 200.0), (624, 200.0), (625, 200.0), (626, 200.0), (627, 200.0), (628, 200.0), (629, 200.0), (630, 200.0), (631, 200.0), (632, 200.0), (633, 200.0), (634, 200.0), (635, 200.0), (636, 200.0), (637, 200.0), (638, 200.0), (639, 200.0), (640, 200.0), (641, 200.0), (642, 200.0), (643, 200.0), (644, 200.0), (645, 200.0), (646, 200.0), (647, 200.0), (648, 200.0), (649, 200.0), (650, 200.0), (651, 200.0), (652, 200.0), (653, 200.0), (654, 200.0), (655, 200.0), (656, 200.0), (657, 200.0), (658, 200.0), (659, 199.83838383838383), (660, 199.83838383838383), (661, 199.83838383838383), (662, 199.83838383838383), (663, 199.83838383838383), (664, 199.83838383838383), (665, 199.83838383838383), (666, 199.83838383838383), (667, 199.83838383838383), (668, 199.83838383838383), (669, 199.83838383838383), (670, 199.83838383838383), (671, 199.83838383838383), (672, 199.83838383838383), (673, 199.83838383838383), (674, 199.83838383838383), (675, 199.83838383838383), (676, 199.83838383838383), (677, 199.83838383838383), (678, 199.83838383838383), (679, 199.83838383838383), (680, 199.83838383838383), (681, 199.83838383838383), (682, 199.83838383838383), (683, 199.83838383838383), (684, 199.83838383838383), (685, 199.83838383838383), (686, 199.83838383838383), (687, 199.83838383838383), (688, 199.83838383838383), (689, 199.83838383838383), (690, 199.83838383838383), (691, 199.83838383838383), (692, 199.83838383838383), (693, 199.83838383838383), (694, 199.83838383838383), (695, 199.83838383838383), (696, 199.83838383838383), (697, 199.83838383838383), (698, 199.83838383838383), (699, 199.83838383838383), (700, 199.83838383838383), (701, 199.83838383838383), (702, 199.83838383838383), (703, 199.83838383838383), (704, 199.83838383838383), (705, 199.83838383838383), (706, 199.83838383838383), (707, 199.83838383838383), (708, 199.83838383838383), (709, 199.83838383838383), (710, 199.83838383838383), (711, 199.83838383838383), (712, 199.83838383838383), (713, 199.83838383838383), (714, 199.83838383838383), (715, 199.83838383838383), (716, 199.83838383838383), (717, 199.83838383838383), (718, 199.83838383838383), (719, 199.83838383838383), (720, 199.83838383838383), (721, 199.83838383838383), (722, 199.83838383838383), (723, 199.83838383838383), (724, 199.83838383838383), (725, 199.83838383838383), (726, 199.83838383838383), (727, 199.83838383838383), (728, 199.83838383838383), (729, 199.83838383838383), (730, 199.83838383838383), (731, 199.83838383838383), (732, 199.83838383838383), (733, 199.83838383838383), (734, 199.83838383838383), (735, 199.83838383838383), (736, 199.83838383838383), (737, 199.83838383838383), (738, 199.83838383838383), (739, 199.83838383838383), (740, 199.83838383838383), (741, 199.83838383838383), (742, 199.83838383838383), (743, 199.83838383838383), (744, 199.83838383838383), (745, 199.83838383838383), (746, 199.83838383838383), (747, 199.83838383838383), (748, 199.83838383838383), (749, 199.83838383838383), (750, 199.83838383838383), (751, 199.83838383838383), (752, 199.83838383838383), (753, 199.83838383838383), (754, 199.83838383838383), (755, 199.83838383838383), (756, 199.83838383838383), (757, 199.83838383838383), (758, 200.0), (759, 200.0), (760, 200.0), (761, 200.0), (762, 200.0), (763, 200.0), (764, 200.0), (765, 200.0), (766, 200.0), (767, 200.0), (768, 200.0), (769, 200.0), (770, 200.0), (771, 200.0), (772, 200.0), (773, 200.0), (774, 200.0), (775, 200.0), (776, 200.0), (777, 200.0), (778, 200.0), (779, 200.0), (780, 200.0), (781, 200.0), (782, 198.2929292929293), (783, 198.2929292929293), (784, 198.2929292929293), (785, 198.2929292929293), (786, 198.2929292929293), (787, 198.54545454545453), (788, 198.54545454545453), (789, 198.54545454545453), (790, 198.85858585858585), (791, 198.85858585858585), (792, 198.85858585858585), (793, 198.85858585858585), (794, 198.85858585858585), (795, 198.85858585858585), (796, 198.85858585858585), (797, 199.11111111111111), (798, 199.11111111111111), (799, 199.11111111111111), (800, 199.11111111111111), (801, 199.11111111111111), (802, 199.11111111111111), (803, 199.11111111111111), (804, 199.12121212121212), (805, 199.12121212121212), (806, 199.12121212121212), (807, 199.12121212121212), (808, 199.12121212121212), (809, 199.12121212121212), (810, 199.12121212121212), (811, 199.12121212121212), (812, 199.12121212121212), (813, 199.12121212121212), (814, 199.12121212121212), (815, 199.12121212121212), (816, 199.12121212121212), (817, 199.12121212121212), (818, 199.2828282828283), (819, 199.2828282828283), (820, 199.2828282828283), (821, 199.32323232323233), (822, 199.5252525252525), (823, 199.5252525252525), (824, 199.5252525252525), (825, 199.5252525252525), (826, 199.5252525252525), (827, 199.5252525252525), (828, 199.5252525252525), (829, 199.72727272727272), (830, 199.72727272727272), (831, 199.72727272727272), (832, 199.72727272727272), (833, 199.72727272727272), (834, 199.72727272727272), (835, 199.72727272727272), (836, 199.72727272727272), (837, 199.72727272727272), (838, 199.72727272727272), (839, 199.72727272727272), (840, 199.72727272727272), (841, 200.0), (842, 200.0), (843, 200.0), (844, 200.0), (845, 200.0), (846, 200.0), (847, 200.0), (848, 200.0), (849, 200.0), (850, 200.0), (851, 200.0), (852, 200.0), (853, 200.0), (854, 200.0), (855, 200.0), (856, 200.0), (857, 200.0), (858, 200.0), (859, 200.0), (860, 200.0), (861, 200.0), (862, 200.0), (863, 200.0), (864, 200.0), (865, 200.0), (866, 200.0), (867, 200.0), (868, 200.0), (869, 200.0), (870, 200.0), (871, 200.0), (872, 200.0), (873, 200.0), (874, 200.0), (875, 200.0), (876, 200.0), (877, 200.0), (878, 200.0), (879, 200.0), (880, 200.0), (881, 200.0), (882, 200.0), (883, 200.0), (884, 200.0), (885, 200.0), (886, 200.0), (887, 200.0), (888, 200.0), (889, 200.0), (890, 200.0), (891, 200.0), (892, 200.0), (893, 200.0), (894, 200.0), (895, 200.0), (896, 200.0), (897, 200.0), (898, 200.0), (899, 200.0), (900, 200.0), (901, 200.0), (902, 200.0), (903, 200.0), (904, 200.0), (905, 200.0), (906, 200.0), (907, 200.0), (908, 200.0), (909, 200.0), (910, 200.0), (911, 200.0), (912, 200.0), (913, 200.0), (914, 200.0), (915, 200.0), (916, 200.0), (917, 200.0), (918, 200.0), (919, 200.0), (920, 200.0), (921, 200.0), (922, 200.0), (923, 200.0), (924, 200.0), (925, 200.0), (926, 200.0), (927, 200.0), (928, 200.0), (929, 200.0), (930, 200.0), (931, 200.0), (932, 200.0), (933, 200.0), (934, 200.0), (935, 200.0), (936, 200.0), (937, 200.0), (938, 200.0), (939, 200.0), (940, 200.0), (941, 200.0), (942, 200.0), (943, 200.0), (944, 200.0), (945, 200.0), (946, 200.0), (947, 200.0), (948, 200.0), (949, 200.0), (950, 200.0), (951, 200.0), (952, 200.0), (953, 200.0), (954, 200.0), (955, 200.0), (956, 200.0), (957, 200.0), (958, 200.0), (959, 200.0), (960, 200.0), (961, 200.0), (962, 200.0), (963, 200.0), (964, 200.0), (965, 200.0), (966, 200.0), (967, 200.0), (968, 200.0), (969, 200.0), (970, 200.0), (971, 200.0), (972, 200.0), (973, 200.0), (974, 200.0), (975, 200.0), (976, 200.0), (977, 200.0), (978, 200.0), (979, 200.0), (980, 200.0), (981, 200.0), (982, 200.0), (983, 200.0), (984, 200.0), (985, 200.0), (986, 200.0), (987, 200.0), (988, 200.0), (989, 200.0), (990, 200.0), (991, 200.0), (992, 200.0), (993, 200.0), (994, 200.0), (995, 200.0), (996, 200.0), (997, 200.0), (998, 200.0), (999, 200.0), (1000, 200.0), (1001, 200.0), (1002, 200.0), (1003, 200.0), (1004, 200.0), (1005, 200.0), (1006, 200.0), (1007, 200.0), (1008, 200.0), (1009, 200.0), (1010, 200.0), (1011, 200.0), (1012, 200.0), (1013, 200.0), (1014, 200.0), (1015, 200.0), (1016, 200.0), (1017, 200.0), (1018, 200.0), (1019, 200.0), (1020, 200.0), (1021, 200.0), (1022, 200.0), (1023, 200.0), (1024, 200.0), (1025, 200.0), (1026, 200.0), (1027, 200.0), (1028, 200.0), (1029, 200.0), (1030, 200.0), (1031, 200.0), (1032, 200.0), (1033, 200.0), (1034, 200.0), (1035, 200.0), (1036, 200.0), (1037, 200.0), (1038, 200.0), (1039, 200.0), (1040, 200.0), (1041, 200.0), (1042, 200.0), (1043, 200.0), (1044, 200.0), (1045, 200.0), (1046, 200.0), (1047, 200.0), (1048, 200.0), (1049, 200.0), (1050, 200.0), (1051, 200.0), (1052, 200.0), (1053, 200.0), (1054, 200.0), (1055, 200.0), (1056, 200.0), (1057, 200.0), (1058, 200.0), (1059, 200.0), (1060, 200.0), (1061, 200.0), (1062, 200.0), (1063, 200.0), (1064, 200.0), (1065, 200.0), (1066, 200.0), (1067, 200.0), (1068, 200.0), (1069, 200.0), (1070, 200.0), (1071, 200.0), (1072, 200.0), (1073, 200.0), (1074, 200.0), (1075, 200.0), (1076, 200.0), (1077, 200.0), (1078, 200.0), (1079, 200.0), (1080, 200.0), (1081, 200.0), (1082, 200.0), (1083, 200.0), (1084, 200.0), (1085, 200.0), (1086, 200.0), (1087, 200.0), (1088, 200.0), (1089, 200.0), (1090, 200.0), (1091, 200.0), (1092, 200.0), (1093, 200.0), (1094, 200.0), (1095, 200.0), (1096, 200.0), (1097, 200.0), (1098, 200.0), (1099, 200.0), (1100, 200.0), (1101, 200.0), (1102, 200.0), (1103, 200.0), (1104, 200.0), (1105, 200.0), (1106, 200.0), (1107, 200.0), (1108, 200.0), (1109, 200.0), (1110, 200.0), (1111, 199.84848484848484), (1112, 199.84848484848484), (1113, 199.84848484848484), (1114, 199.84848484848484), (1115, 199.84848484848484), (1116, 199.84848484848484), (1117, 199.84848484848484), (1118, 199.84848484848484), (1119, 199.84848484848484), (1120, 199.84848484848484), (1121, 199.84848484848484), (1122, 199.84848484848484), (1123, 199.84848484848484), (1124, 199.84848484848484), (1125, 199.84848484848484), (1126, 199.84848484848484), (1127, 199.84848484848484), (1128, 199.84848484848484), (1129, 199.84848484848484), (1130, 199.84848484848484), (1131, 199.84848484848484), (1132, 199.83838383838383), (1133, 199.83838383838383), (1134, 199.83838383838383), (1135, 199.83838383838383), (1136, 199.83838383838383), (1137, 199.83838383838383), (1138, 199.83838383838383), (1139, 199.010101010101), (1140, 199.010101010101), (1141, 199.010101010101), (1142, 199.010101010101), (1143, 199.010101010101), (1144, 199.010101010101), (1145, 199.010101010101), (1146, 198.74747474747474), (1147, 198.74747474747474), (1148, 198.74747474747474), (1149, 198.4949494949495), (1150, 198.4949494949495), (1151, 198.4949494949495), (1152, 198.4949494949495), (1153, 198.4949494949495), (1154, 198.4949494949495), (1155, 198.4949494949495), (1156, 198.4949494949495), (1157, 198.4949494949495), (1158, 198.4949494949495), (1159, 198.4949494949495), (1160, 198.4949494949495), (1161, 198.4949494949495), (1162, 198.4949494949495), (1163, 198.4949494949495), (1164, 198.4949494949495), (1165, 198.4949494949495), (1166, 198.4949494949495), (1167, 198.4949494949495), (1168, 198.4949494949495), (1169, 198.4949494949495), (1170, 198.4949494949495), (1171, 198.4949494949495), (1172, 197.46464646464648), (1173, 197.46464646464648), (1174, 197.46464646464648), (1175, 197.46464646464648), (1176, 197.46464646464648), (1177, 197.46464646464648), (1178, 197.46464646464648), (1179, 197.46464646464648), (1180, 197.46464646464648), (1181, 197.46464646464648), (1182, 197.46464646464648), (1183, 197.46464646464648), (1184, 197.46464646464648), (1185, 197.46464646464648), (1186, 197.46464646464648), (1187, 197.46464646464648), (1188, 197.46464646464648), (1189, 197.46464646464648), (1190, 197.46464646464648), (1191, 197.46464646464648), (1192, 197.46464646464648), (1193, 197.46464646464648), (1194, 197.46464646464648), (1195, 197.46464646464648), (1196, 197.46464646464648), (1197, 197.46464646464648), (1198, 197.46464646464648), (1199, 197.46464646464648), (1200, 197.46464646464648), (1201, 197.46464646464648), (1202, 197.46464646464648), (1203, 197.46464646464648), (1204, 197.46464646464648), (1205, 197.46464646464648), (1206, 197.46464646464648), (1207, 197.46464646464648), (1208, 197.46464646464648), (1209, 197.46464646464648), (1210, 197.6161616161616), (1211, 197.6161616161616), (1212, 197.6161616161616), (1213, 197.6161616161616), (1214, 197.6161616161616), (1215, 197.6161616161616), (1216, 197.6161616161616), (1217, 197.6161616161616), (1218, 197.6161616161616), (1219, 197.6161616161616), (1220, 197.6161616161616), (1221, 197.6161616161616), (1222, 197.6161616161616), (1223, 197.6161616161616), (1224, 197.6161616161616), (1225, 197.6161616161616), (1226, 197.6161616161616), (1227, 197.6161616161616), (1228, 197.6161616161616), (1229, 197.6161616161616), (1230, 197.6161616161616), (1231, 197.62626262626262), (1232, 197.62626262626262), (1233, 197.62626262626262), (1234, 197.62626262626262), (1235, 197.62626262626262), (1236, 197.62626262626262), (1237, 197.62626262626262), (1238, 198.45454545454547), (1239, 198.45454545454547), (1240, 198.45454545454547), (1241, 198.45454545454547), (1242, 198.45454545454547), (1243, 198.45454545454547), (1244, 198.45454545454547), (1245, 198.7171717171717), (1246, 198.7171717171717), (1247, 198.7171717171717), (1248, 198.96969696969697), (1249, 198.96969696969697), (1250, 198.96969696969697), (1251, 198.96969696969697), (1252, 198.96969696969697), (1253, 198.96969696969697), (1254, 198.96969696969697), (1255, 198.96969696969697), (1256, 198.96969696969697), (1257, 198.96969696969697), (1258, 198.96969696969697), (1259, 198.96969696969697), (1260, 198.66666666666666), (1261, 198.66666666666666), (1262, 198.66666666666666), (1263, 198.66666666666666), (1264, 198.66666666666666), (1265, 198.66666666666666), (1266, 198.66666666666666), (1267, 198.66666666666666), (1268, 198.66666666666666), (1269, 198.66666666666666), (1270, 198.66666666666666), (1271, 199.6969696969697), (1272, 199.6969696969697), (1273, 199.45454545454547), (1274, 199.45454545454547), (1275, 199.45454545454547), (1276, 198.6060606060606), (1277, 198.6060606060606), (1278, 198.6060606060606), (1279, 198.6060606060606), (1280, 198.6060606060606), (1281, 198.6060606060606), (1282, 198.6060606060606), (1283, 198.6060606060606), (1284, 198.6060606060606), (1285, 198.6060606060606), (1286, 198.6060606060606), (1287, 198.6060606060606), (1288, 198.6060606060606), (1289, 198.6060606060606), (1290, 198.6060606060606), (1291, 198.6060606060606), (1292, 198.6060606060606), (1293, 198.6060606060606), (1294, 198.6060606060606), (1295, 198.6060606060606), (1296, 198.6060606060606), (1297, 198.6060606060606), (1298, 198.6060606060606), (1299, 198.6060606060606), (1300, 198.6060606060606), (1301, 197.54545454545453), (1302, 197.54545454545453), (1303, 197.54545454545453), (1304, 197.54545454545453), (1305, 197.54545454545453), (1306, 197.54545454545453), (1307, 197.54545454545453), (1308, 197.54545454545453), (1309, 197.54545454545453), (1310, 197.59595959595958), (1311, 198.37373737373738), (1312, 198.37373737373738), (1313, 198.37373737373738), (1314, 198.37373737373738), (1315, 198.37373737373738), (1316, 198.37373737373738), (1317, 198.37373737373738), (1318, 198.37373737373738), (1319, 198.37373737373738), (1320, 198.37373737373738), (1321, 198.37373737373738), (1322, 198.37373737373738), (1323, 198.37373737373738), (1324, 198.37373737373738), (1325, 198.37373737373738), (1326, 198.37373737373738), (1327, 198.37373737373738), (1328, 198.37373737373738), (1329, 198.37373737373738), (1330, 198.37373737373738), (1331, 198.37373737373738), (1332, 198.37373737373738), (1333, 198.37373737373738), (1334, 198.37373737373738), (1335, 198.5050505050505), (1336, 198.5050505050505), (1337, 198.5050505050505), (1338, 198.5050505050505), (1339, 198.5050505050505), (1340, 198.5050505050505), (1341, 198.5050505050505), (1342, 198.5050505050505), (1343, 198.5050505050505), (1344, 198.5050505050505), (1345, 198.5050505050505), (1346, 198.5050505050505), (1347, 198.5050505050505), (1348, 198.5050505050505), (1349, 198.5050505050505), (1350, 198.5050505050505), (1351, 198.5050505050505), (1352, 198.5050505050505), (1353, 198.5050505050505), (1354, 198.5050505050505), (1355, 198.5050505050505), (1356, 198.5050505050505), (1357, 198.5050505050505), (1358, 198.5050505050505), (1359, 198.5050505050505), (1360, 199.75757575757575), (1361, 199.75757575757575), (1362, 199.75757575757575), (1363, 199.75757575757575), (1364, 199.75757575757575), (1365, 199.75757575757575), (1366, 199.75757575757575), (1367, 199.75757575757575), (1368, 199.75757575757575), (1369, 199.75757575757575), (1370, 199.75757575757575), (1371, 199.75757575757575), (1372, 199.75757575757575), (1373, 199.75757575757575), (1374, 199.75757575757575), (1375, 199.75757575757575), (1376, 199.75757575757575), (1377, 199.75757575757575), (1378, 199.75757575757575), (1379, 199.75757575757575), (1380, 200.0), (1381, 200.0), (1382, 200.0), (1383, 200.0), (1384, 200.0), (1385, 200.0), (1386, 200.0), (1387, 200.0), (1388, 200.0), (1389, 200.0), (1390, 200.0), (1391, 200.0), (1392, 200.0), (1393, 200.0), (1394, 200.0), (1395, 200.0), (1396, 200.0), (1397, 200.0), (1398, 200.0), (1399, 200.0), (1400, 200.0), (1401, 200.0), (1402, 200.0), (1403, 200.0), (1404, 200.0), (1405, 200.0), (1406, 200.0), (1407, 200.0), (1408, 200.0), (1409, 200.0), (1410, 200.0), (1411, 200.0), (1412, 200.0), (1413, 200.0), (1414, 200.0), (1415, 200.0), (1416, 200.0), (1417, 200.0), (1418, 200.0), (1419, 200.0), (1420, 200.0), (1421, 200.0), (1422, 200.0), (1423, 200.0), (1424, 200.0), (1425, 200.0), (1426, 200.0), (1427, 200.0), (1428, 200.0), (1429, 200.0), (1430, 200.0), (1431, 200.0), (1432, 200.0), (1433, 200.0), (1434, 200.0), (1435, 200.0), (1436, 200.0), (1437, 200.0), (1438, 200.0), (1439, 200.0), (1440, 200.0), (1441, 200.0), (1442, 200.0), (1443, 200.0), (1444, 200.0), (1445, 200.0), (1446, 200.0), (1447, 200.0), (1448, 200.0), (1449, 200.0), (1450, 200.0), (1451, 200.0), (1452, 200.0), (1453, 200.0), (1454, 200.0), (1455, 200.0), (1456, 200.0), (1457, 200.0), (1458, 200.0), (1459, 200.0), (1460, 200.0), (1461, 200.0), (1462, 200.0), (1463, 200.0), (1464, 200.0), (1465, 200.0), (1466, 200.0), (1467, 200.0), (1468, 200.0), (1469, 200.0), (1470, 200.0), (1471, 200.0), (1472, 200.0), (1473, 200.0), (1474, 200.0), (1475, 200.0), (1476, 200.0), (1477, 200.0), (1478, 200.0), (1479, 200.0), (1480, 200.0), (1481, 200.0), (1482, 200.0), (1483, 200.0), (1484, 200.0), (1485, 200.0), (1486, 200.0), (1487, 200.0), (1488, 200.0), (1489, 200.0), (1490, 200.0), (1491, 200.0), (1492, 200.0), (1493, 199.86868686868686), (1494, 199.86868686868686), (1495, 199.86868686868686), (1496, 199.86868686868686), (1497, 199.86868686868686), (1498, 199.86868686868686), (1499, 199.86868686868686), (1500, 199.86868686868686), (1501, 199.86868686868686), (1502, 199.86868686868686), (1503, 199.86868686868686), (1504, 199.86868686868686), (1505, 199.86868686868686), (1506, 199.86868686868686), (1507, 199.63636363636363), (1508, 199.63636363636363), (1509, 199.63636363636363), (1510, 199.6161616161616), (1511, 199.6161616161616), (1512, 199.6161616161616), (1513, 199.6161616161616), (1514, 199.6161616161616), (1515, 199.6161616161616), (1516, 199.6161616161616), (1517, 199.6161616161616), (1518, 199.6161616161616), (1519, 199.6161616161616), (1520, 199.6161616161616), (1521, 199.35353535353536), (1522, 199.35353535353536), (1523, 199.35353535353536), (1524, 199.35353535353536), (1525, 199.35353535353536), (1526, 199.35353535353536), (1527, 199.35353535353536), (1528, 199.35353535353536), (1529, 199.35353535353536), (1530, 199.35353535353536), (1531, 199.35353535353536), (1532, 199.35353535353536), (1533, 199.35353535353536), (1534, 199.35353535353536), (1535, 199.35353535353536), (1536, 199.35353535353536), (1537, 199.35353535353536), (1538, 199.35353535353536), (1539, 199.35353535353536), (1540, 199.35353535353536), (1541, 199.35353535353536), (1542, 199.35353535353536), (1543, 199.35353535353536), (1544, 199.85858585858585), (1545, 199.85858585858585), (1546, 199.85858585858585), (1547, 199.85858585858585), (1548, 199.85858585858585), (1549, 199.85858585858585), (1550, 199.85858585858585), (1551, 199.85858585858585), (1552, 199.85858585858585), (1553, 199.85858585858585), (1554, 199.85858585858585), (1555, 199.85858585858585), (1556, 199.95959595959596), (1557, 199.95959595959596), (1558, 199.95959595959596), (1559, 199.95959595959596), (1560, 199.95959595959596), (1561, 199.95959595959596), (1562, 199.95959595959596), (1563, 199.95959595959596), (1564, 199.95959595959596), (1565, 199.95959595959596), (1566, 199.95959595959596), (1567, 199.95959595959596), (1568, 199.95959595959596), (1569, 199.95959595959596), (1570, 200.0), (1571, 200.0), (1572, 200.0), (1573, 200.0), (1574, 200.0), (1575, 200.0), (1576, 200.0), (1577, 200.0), (1578, 200.0)]
