<class 'gym.envs.classic_control.cartpole.CartPoleEnv'>
Iteration 0 avg reward 18.000000
Iteration 100 avg reward 44.383838
Iteration 200 avg reward 120.444444
Iteration 300 avg reward 162.585859
Iteration 400 avg reward 193.141414
Iteration 500 avg reward 195.828283
Iteration 600 avg reward 199.939394
Iteration 700 avg reward 200.000000
Iteration 800 avg reward 200.000000
Iteration 900 avg reward 200.000000
Iteration 1000 avg reward 200.000000
Iteration 1100 avg reward 200.000000
Iteration 1200 avg reward 199.757576
Iteration 1300 avg reward 200.000000
Iteration 1400 avg reward 200.000000
[(0, 18.0), (1, 29.0), (2, 26.666666666666668), (3, 30.25), (4, 31.0), (5, 28.333333333333332), (6, 35.0), (7, 32.125), (8, 30.88888888888889), (9, 31.8), (10, 30.272727272727273), (11, 28.75), (12, 28.46153846153846), (13, 27.928571428571427), (14, 34.2), (15, 33.6875), (16, 32.94117647058823), (17, 32.166666666666664), (18, 33.68421052631579), (19, 32.6), (20, 32.04761904761905), (21, 31.318181818181817), (22, 31.82608695652174), (23, 31.625), (24, 31.52), (25, 31.307692307692307), (26, 32.81481481481482), (27, 32.92857142857143), (28, 33.41379310344828), (29, 33.9), (30, 33.16129032258065), (31, 36.03125), (32, 35.75757575757576), (33, 35.5), (34, 34.857142857142854), (35, 34.52777777777778), (36, 34.08108108108108), (37, 34.31578947368421), (38, 34.82051282051282), (39, 34.45), (40, 35.68292682926829), (41, 35.42857142857143), (42, 35.23255813953488), (43, 35.13636363636363), (44, 35.13333333333333), (45, 35.67391304347826), (46, 36.170212765957444), (47, 36.270833333333336), (48, 35.816326530612244), (49, 36.22), (50, 36.23529411764706), (51, 36.63461538461539), (52, 36.39622641509434), (53, 36.55555555555556), (54, 36.63636363636363), (55, 36.642857142857146), (56, 36.8421052631579), (57, 36.827586206896555), (58, 36.813559322033896), (59, 37.38333333333333), (60, 37.49180327868852), (61, 37.62903225806452), (62, 37.79365079365079), (63, 37.65625), (64, 38.0), (65, 38.09090909090909), (66, 37.92537313432836), (67, 37.794117647058826), (68, 37.7536231884058), (69, 37.98571428571429), (70, 38.50704225352113), (71, 38.791666666666664), (72, 38.76712328767123), (73, 38.82432432432432), (74, 38.88), (75, 38.9078947368421), (76, 39.01298701298701), (77, 39.6025641025641), (78, 39.822784810126585), (79, 39.7625), (80, 39.50617283950617), (81, 40.073170731707314), (82, 39.95180722891566), (83, 39.976190476190474), (84, 40.129411764705885), (85, 40.25581395348837), (86, 40.14942528735632), (87, 40.64772727272727), (88, 40.87640449438202), (89, 40.77777777777778), (90, 41.02197802197802), (91, 41.93478260869565), (92, 42.16129032258065), (93, 42.09574468085106), (94, 42.578947368421055), (95, 42.59375), (96, 43.175257731958766), (97, 43.38775510204081), (98, 43.60606060606061), (99, 44.111111111111114), (100, 44.38383838383838), (101, 44.64646464646464), (102, 45.323232323232325), (103, 45.323232323232325), (104, 46.24242424242424), (105, 46.93939393939394), (106, 47.75757575757576), (107, 48.41414141414141), (108, 48.505050505050505), (109, 48.7979797979798), (110, 49.494949494949495), (111, 49.80808080808081), (112, 50.92929292929293), (113, 51.717171717171716), (114, 52.26262626262626), (115, 52.57575757575758), (116, 53.37373737373738), (117, 54.5959595959596), (118, 55.41414141414141), (119, 56.09090909090909), (120, 57.23232323232323), (121, 57.83838383838384), (122, 58.90909090909091), (123, 60.03030303030303), (124, 61.01010101010101), (125, 61.84848484848485), (126, 62.64646464646464), (127, 64.22222222222223), (128, 64.43434343434343), (129, 65.64646464646465), (130, 66.0), (131, 66.74747474747475), (132, 67.22222222222223), (133, 68.15151515151516), (134, 69.03030303030303), (135, 69.98989898989899), (136, 71.43434343434343), (137, 72.66666666666667), (138, 73.54545454545455), (139, 74.58585858585859), (140, 75.08080808080808), (141, 76.1919191919192), (142, 76.77777777777777), (143, 77.62626262626263), (144, 78.76767676767676), (145, 80.01010101010101), (146, 81.28282828282828), (147, 82.60606060606061), (148, 83.06060606060606), (149, 83.52525252525253), (150, 83.68686868686869), (151, 84.79797979797979), (152, 85.56565656565657), (153, 86.46464646464646), (154, 87.88888888888889), (155, 88.20202020202021), (156, 88.37373737373737), (157, 88.91919191919192), (158, 89.61616161616162), (159, 89.85858585858585), (160, 91.1919191919192), (161, 91.73737373737374), (162, 92.76767676767676), (163, 93.83838383838383), (164, 94.33333333333333), (165, 94.27272727272727), (166, 94.54545454545455), (167, 94.56565656565657), (168, 95.27272727272727), (169, 95.47474747474747), (170, 97.15151515151516), (171, 97.20202020202021), (172, 98.57575757575758), (173, 99.18181818181819), (174, 100.41414141414141), (175, 100.94949494949495), (176, 102.37373737373737), (177, 103.47474747474747), (178, 104.4040404040404), (179, 105.43434343434343), (180, 105.57575757575758), (181, 106.17171717171718), (182, 106.12121212121212), (183, 107.3030303030303), (184, 108.31313131313131), (185, 108.68686868686869), (186, 109.71717171717172), (187, 110.98989898989899), (188, 111.48484848484848), (189, 113.25252525252525), (190, 113.82828282828282), (191, 115.03030303030303), (192, 116.39393939393939), (193, 117.3030303030303), (194, 117.5959595959596), (195, 117.36363636363636), (196, 117.68686868686869), (197, 117.70707070707071), (198, 118.35353535353535), (199, 118.91919191919192), (200, 120.44444444444444), (201, 121.13131313131314), (202, 122.57575757575758), (203, 121.73737373737374), (204, 122.74747474747475), (205, 123.75757575757575), (206, 124.05050505050505), (207, 123.77777777777777), (208, 124.15151515151516), (209, 123.92929292929293), (210, 124.1010101010101), (211, 124.73737373737374), (212, 125.0909090909091), (213, 124.42424242424242), (214, 125.61616161616162), (215, 124.95959595959596), (216, 125.52525252525253), (217, 126.43434343434343), (218, 127.1919191919192), (219, 127.47474747474747), (220, 128.37373737373738), (221, 129.16161616161617), (222, 129.04040404040404), (223, 129.94949494949495), (224, 130.15151515151516), (225, 130.7070707070707), (226, 131.03030303030303), (227, 132.26262626262627), (228, 132.78787878787878), (229, 133.8989898989899), (230, 133.86868686868686), (231, 135.26262626262627), (232, 135.95959595959596), (233, 136.02020202020202), (234, 136.86868686868686), (235, 136.34343434343435), (236, 136.63636363636363), (237, 137.12121212121212), (238, 137.72727272727272), (239, 138.3030303030303), (240, 138.13131313131314), (241, 138.5050505050505), (242, 138.41414141414143), (243, 138.8080808080808), (244, 139.2828282828283), (245, 139.67676767676767), (246, 139.4949494949495), (247, 140.35353535353536), (248, 140.91919191919192), (249, 142.45454545454547), (250, 142.31313131313132), (251, 142.82828282828282), (252, 143.07070707070707), (253, 143.2929292929293), (254, 144.23232323232324), (255, 144.73737373737373), (256, 144.87878787878788), (257, 145.46464646464648), (258, 146.24242424242425), (259, 146.53535353535352), (260, 147.65656565656565), (261, 147.97979797979798), (262, 148.34343434343435), (263, 149.62626262626262), (264, 150.73737373737373), (265, 151.77777777777777), (266, 152.32323232323233), (267, 152.73737373737373), (268, 153.4949494949495), (269, 153.12121212121212), (270, 153.2828282828283), (271, 153.25252525252526), (272, 154.35353535353536), (273, 153.76767676767676), (274, 154.5151515151515), (275, 154.62626262626262), (276, 155.1010101010101), (277, 155.1919191919192), (278, 155.92929292929293), (279, 156.85858585858585), (280, 156.010101010101), (281, 156.0909090909091), (282, 156.4747474747475), (283, 156.2020202020202), (284, 156.73737373737373), (285, 157.2929292929293), (286, 157.78787878787878), (287, 158.04040404040404), (288, 157.8080808080808), (289, 158.78787878787878), (290, 158.82828282828282), (291, 159.02020202020202), (292, 159.40404040404042), (293, 160.07070707070707), (294, 160.55555555555554), (295, 161.54545454545453), (296, 162.03030303030303), (297, 161.83838383838383), (298, 161.83838383838383), (299, 161.83838383838383), (300, 162.58585858585857), (301, 162.68686868686868), (302, 163.83838383838383), (303, 163.67676767676767), (304, 164.23232323232324), (305, 165.41414141414143), (306, 166.68686868686868), (307, 167.94949494949495), (308, 168.67676767676767), (309, 169.03030303030303), (310, 168.91919191919192), (311, 169.95959595959596), (312, 170.40404040404042), (313, 170.40404040404042), (314, 170.84848484848484), (315, 170.84848484848484), (316, 171.1919191919192), (317, 170.6161616161616), (318, 170.6161616161616), (319, 170.6161616161616), (320, 170.6161616161616), (321, 171.45454545454547), (322, 171.45454545454547), (323, 172.08080808080808), (324, 172.56565656565655), (325, 172.40404040404042), (326, 172.75757575757575), (327, 172.75757575757575), (328, 172.75757575757575), (329, 173.43434343434345), (330, 173.04040404040404), (331, 173.04040404040404), (332, 173.65656565656565), (333, 173.65656565656565), (334, 174.5252525252525), (335, 174.6969696969697), (336, 175.22222222222223), (337, 175.3030303030303), (338, 175.94949494949495), (339, 176.78787878787878), (340, 177.67676767676767), (341, 178.5151515151515), (342, 178.64646464646464), (343, 178.64646464646464), (344, 178.58585858585857), (345, 178.62626262626262), (346, 178.45454545454547), (347, 179.13131313131314), (348, 179.13131313131314), (349, 179.85858585858585), (350, 180.15151515151516), (351, 180.68686868686868), (352, 180.68686868686868), (353, 180.989898989899), (354, 181.94949494949495), (355, 182.84848484848484), (356, 183.23232323232324), (357, 183.86868686868686), (358, 183.86868686868686), (359, 183.86868686868686), (360, 184.21212121212122), (361, 184.6060606060606), (362, 184.6060606060606), (363, 185.02020202020202), (364, 185.24242424242425), (365, 186.16161616161617), (366, 186.33333333333334), (367, 186.7171717171717), (368, 187.0909090909091), (369, 188.26262626262627), (370, 188.43434343434345), (371, 188.43434343434345), (372, 189.13131313131314), (373, 189.58585858585857), (374, 189.76767676767676), (375, 189.76767676767676), (376, 189.8181818181818), (377, 189.8181818181818), (378, 190.010101010101), (379, 190.7979797979798), (380, 191.53535353535352), (381, 191.64646464646464), (382, 192.43434343434345), (383, 191.6969696969697), (384, 191.6969696969697), (385, 191.78787878787878), (386, 192.84848484848484), (387, 192.93939393939394), (388, 193.0), (389, 192.7979797979798), (390, 192.7979797979798), (391, 192.7979797979798), (392, 192.57575757575756), (393, 192.57575757575756), (394, 192.57575757575756), (395, 192.5050505050505), (396, 193.14141414141415), (397, 193.14141414141415), (398, 193.14141414141415), (399, 193.14141414141415), (400, 193.14141414141415), (401, 193.14141414141415), (402, 193.68686868686868), (403, 193.58585858585857), (404, 193.27272727272728), (405, 193.27272727272728), (406, 193.08080808080808), (407, 192.58585858585857), (408, 192.5151515151515), (409, 192.64646464646464), (410, 192.64646464646464), (411, 193.1919191919192), (412, 193.1919191919192), (413, 193.0909090909091), (414, 193.0909090909091), (415, 193.0909090909091), (416, 193.05050505050505), (417, 193.05050505050505), (418, 193.05050505050505), (419, 193.05050505050505), (420, 193.05050505050505), (421, 193.05050505050505), (422, 193.05050505050505), (423, 193.05050505050505), (424, 192.66666666666666), (425, 192.66666666666666), (426, 192.66666666666666), (427, 192.66666666666666), (428, 192.35353535353536), (429, 192.74747474747474), (430, 192.66666666666666), (431, 192.66666666666666), (432, 192.66666666666666), (433, 192.66666666666666), (434, 192.66666666666666), (435, 192.66666666666666), (436, 192.66666666666666), (437, 192.66666666666666), (438, 192.66666666666666), (439, 192.66666666666666), (440, 192.66666666666666), (441, 192.66666666666666), (442, 192.66666666666666), (443, 192.86868686868686), (444, 193.53535353535352), (445, 193.7070707070707), (446, 193.7070707070707), (447, 193.7070707070707), (448, 193.73737373737373), (449, 193.73737373737373), (450, 193.73737373737373), (451, 193.73737373737373), (452, 193.73737373737373), (453, 193.84848484848484), (454, 194.0909090909091), (455, 194.0909090909091), (456, 194.21212121212122), (457, 194.73737373737373), (458, 194.87878787878788), (459, 194.87878787878788), (460, 194.7070707070707), (461, 194.78787878787878), (462, 194.78787878787878), (463, 194.77777777777777), (464, 194.77777777777777), (465, 194.77777777777777), (466, 194.77777777777777), (467, 194.77777777777777), (468, 194.75757575757575), (469, 195.21212121212122), (470, 195.21212121212122), (471, 195.21212121212122), (472, 195.7979797979798), (473, 195.72727272727272), (474, 195.72727272727272), (475, 195.72727272727272), (476, 196.04040404040404), (477, 196.04040404040404), (478, 196.3030303030303), (479, 196.22222222222223), (480, 196.22222222222223), (481, 196.11111111111111), (482, 196.03030303030303), (483, 196.1919191919192), (484, 196.1919191919192), (485, 196.1919191919192), (486, 196.37373737373738), (487, 196.37373737373738), (488, 195.989898989899), (489, 195.88888888888889), (490, 195.88888888888889), (491, 195.88888888888889), (492, 195.88888888888889), (493, 195.88888888888889), (494, 195.88888888888889), (495, 195.88888888888889), (496, 195.88888888888889), (497, 195.82828282828282), (498, 195.82828282828282), (499, 195.82828282828282), (500, 195.82828282828282), (501, 195.82828282828282), (502, 195.82828282828282), (503, 195.82828282828282), (504, 196.03030303030303), (505, 196.2929292929293), (506, 196.57575757575756), (507, 196.57575757575756), (508, 196.57575757575756), (509, 196.57575757575756), (510, 196.57575757575756), (511, 196.57575757575756), (512, 196.57575757575756), (513, 196.5252525252525), (514, 196.5252525252525), (515, 196.96969696969697), (516, 196.96969696969697), (517, 196.96969696969697), (518, 196.96969696969697), (519, 196.96969696969697), (520, 197.4949494949495), (521, 197.4949494949495), (522, 197.4949494949495), (523, 197.5151515151515), (524, 197.5151515151515), (525, 197.5151515151515), (526, 197.59595959595958), (527, 197.82828282828282), (528, 197.82828282828282), (529, 197.9090909090909), (530, 197.9090909090909), (531, 197.9090909090909), (532, 197.9090909090909), (533, 197.9090909090909), (534, 197.9090909090909), (535, 197.9090909090909), (536, 197.9090909090909), (537, 197.9090909090909), (538, 197.9090909090909), (539, 197.9090909090909), (540, 197.9090909090909), (541, 197.9090909090909), (542, 197.9090909090909), (543, 197.9090909090909), (544, 197.9090909090909), (545, 197.9090909090909), (546, 197.9090909090909), (547, 197.9090909090909), (548, 197.9090909090909), (549, 197.9090909090909), (550, 197.9090909090909), (551, 197.9090909090909), (552, 197.9090909090909), (553, 197.9090909090909), (554, 197.9090909090909), (555, 197.9090909090909), (556, 197.9090909090909), (557, 197.9090909090909), (558, 197.9090909090909), (559, 197.9090909090909), (560, 197.9090909090909), (561, 197.9090909090909), (562, 198.1818181818182), (563, 198.1818181818182), (564, 198.1818181818182), (565, 198.1818181818182), (566, 198.1818181818182), (567, 198.2020202020202), (568, 198.2020202020202), (569, 198.21212121212122), (570, 198.21212121212122), (571, 198.21212121212122), (572, 198.63636363636363), (573, 198.63636363636363), (574, 198.63636363636363), (575, 198.75757575757575), (576, 198.75757575757575), (577, 198.75757575757575), (578, 199.2020202020202), (579, 199.2020202020202), (580, 199.31313131313132), (581, 199.3939393939394), (582, 199.3939393939394), (583, 199.3939393939394), (584, 199.3939393939394), (585, 199.3939393939394), (586, 199.3939393939394), (587, 199.77777777777777), (588, 199.87878787878788), (589, 199.87878787878788), (590, 199.87878787878788), (591, 199.87878787878788), (592, 199.87878787878788), (593, 199.87878787878788), (594, 199.87878787878788), (595, 199.87878787878788), (596, 199.93939393939394), (597, 199.93939393939394), (598, 199.93939393939394), (599, 199.93939393939394), (600, 199.93939393939394), (601, 199.93939393939394), (602, 199.93939393939394), (603, 199.93939393939394), (604, 199.93939393939394), (605, 200.0), (606, 200.0), (607, 200.0), (608, 200.0), (609, 200.0), (610, 200.0), (611, 200.0), (612, 200.0), (613, 200.0), (614, 200.0), (615, 200.0), (616, 200.0), (617, 200.0), (618, 200.0), (619, 200.0), (620, 200.0), (621, 200.0), (622, 200.0), (623, 200.0), (624, 200.0), (625, 200.0), (626, 200.0), (627, 200.0), (628, 200.0), (629, 200.0), (630, 200.0), (631, 200.0), (632, 200.0), (633, 200.0), (634, 200.0), (635, 200.0), (636, 200.0), (637, 200.0), (638, 200.0), (639, 200.0), (640, 200.0), (641, 200.0), (642, 200.0), (643, 200.0), (644, 200.0), (645, 200.0), (646, 200.0), (647, 200.0), (648, 200.0), (649, 200.0), (650, 200.0), (651, 200.0), (652, 200.0), (653, 200.0), (654, 200.0), (655, 200.0), (656, 200.0), (657, 200.0), (658, 200.0), (659, 200.0), (660, 200.0), (661, 200.0), (662, 200.0), (663, 200.0), (664, 200.0), (665, 200.0), (666, 200.0), (667, 200.0), (668, 200.0), (669, 200.0), (670, 200.0), (671, 200.0), (672, 200.0), (673, 200.0), (674, 200.0), (675, 200.0), (676, 200.0), (677, 200.0), (678, 200.0), (679, 200.0), (680, 200.0), (681, 200.0), (682, 200.0), (683, 200.0), (684, 200.0), (685, 200.0), (686, 200.0), (687, 200.0), (688, 200.0), (689, 200.0), (690, 200.0), (691, 200.0), (692, 200.0), (693, 200.0), (694, 200.0), (695, 200.0), (696, 200.0), (697, 200.0), (698, 200.0), (699, 200.0), (700, 200.0), (701, 200.0), (702, 200.0), (703, 200.0), (704, 200.0), (705, 200.0), (706, 200.0), (707, 200.0), (708, 200.0), (709, 200.0), (710, 200.0), (711, 200.0), (712, 200.0), (713, 200.0), (714, 200.0), (715, 200.0), (716, 200.0), (717, 200.0), (718, 200.0), (719, 200.0), (720, 200.0), (721, 200.0), (722, 200.0), (723, 200.0), (724, 200.0), (725, 200.0), (726, 200.0), (727, 200.0), (728, 200.0), (729, 200.0), (730, 200.0), (731, 200.0), (732, 200.0), (733, 200.0), (734, 200.0), (735, 200.0), (736, 200.0), (737, 200.0), (738, 200.0), (739, 200.0), (740, 200.0), (741, 200.0), (742, 200.0), (743, 200.0), (744, 200.0), (745, 200.0), (746, 200.0), (747, 200.0), (748, 200.0), (749, 200.0), (750, 200.0), (751, 200.0), (752, 200.0), (753, 200.0), (754, 200.0), (755, 200.0), (756, 200.0), (757, 200.0), (758, 200.0), (759, 200.0), (760, 200.0), (761, 200.0), (762, 200.0), (763, 200.0), (764, 200.0), (765, 200.0), (766, 200.0), (767, 200.0), (768, 200.0), (769, 200.0), (770, 200.0), (771, 200.0), (772, 200.0), (773, 200.0), (774, 200.0), (775, 200.0), (776, 200.0), (777, 200.0), (778, 200.0), (779, 200.0), (780, 200.0), (781, 200.0), (782, 200.0), (783, 200.0), (784, 200.0), (785, 200.0), (786, 200.0), (787, 200.0), (788, 200.0), (789, 200.0), (790, 200.0), (791, 200.0), (792, 200.0), (793, 200.0), (794, 200.0), (795, 200.0), (796, 200.0), (797, 200.0), (798, 200.0), (799, 200.0), (800, 200.0), (801, 200.0), (802, 200.0), (803, 200.0), (804, 200.0), (805, 200.0), (806, 200.0), (807, 200.0), (808, 200.0), (809, 200.0), (810, 200.0), (811, 200.0), (812, 200.0), (813, 200.0), (814, 200.0), (815, 200.0), (816, 200.0), (817, 200.0), (818, 200.0), (819, 200.0), (820, 200.0), (821, 200.0), (822, 200.0), (823, 200.0), (824, 200.0), (825, 200.0), (826, 200.0), (827, 200.0), (828, 200.0), (829, 200.0), (830, 200.0), (831, 200.0), (832, 200.0), (833, 200.0), (834, 200.0), (835, 200.0), (836, 200.0), (837, 200.0), (838, 200.0), (839, 200.0), (840, 200.0), (841, 200.0), (842, 200.0), (843, 200.0), (844, 200.0), (845, 200.0), (846, 200.0), (847, 200.0), (848, 200.0), (849, 200.0), (850, 200.0), (851, 200.0), (852, 200.0), (853, 200.0), (854, 200.0), (855, 200.0), (856, 200.0), (857, 200.0), (858, 200.0), (859, 200.0), (860, 200.0), (861, 200.0), (862, 200.0), (863, 200.0), (864, 200.0), (865, 200.0), (866, 200.0), (867, 200.0), (868, 200.0), (869, 200.0), (870, 200.0), (871, 200.0), (872, 200.0), (873, 200.0), (874, 200.0), (875, 200.0), (876, 200.0), (877, 200.0), (878, 200.0), (879, 200.0), (880, 200.0), (881, 200.0), (882, 200.0), (883, 200.0), (884, 200.0), (885, 200.0), (886, 200.0), (887, 200.0), (888, 200.0), (889, 200.0), (890, 200.0), (891, 200.0), (892, 200.0), (893, 200.0), (894, 200.0), (895, 200.0), (896, 200.0), (897, 200.0), (898, 200.0), (899, 200.0), (900, 200.0), (901, 200.0), (902, 200.0), (903, 200.0), (904, 200.0), (905, 200.0), (906, 200.0), (907, 200.0), (908, 200.0), (909, 200.0), (910, 200.0), (911, 200.0), (912, 200.0), (913, 200.0), (914, 200.0), (915, 200.0), (916, 200.0), (917, 200.0), (918, 200.0), (919, 200.0), (920, 200.0), (921, 200.0), (922, 200.0), (923, 200.0), (924, 200.0), (925, 200.0), (926, 200.0), (927, 200.0), (928, 200.0), (929, 200.0), (930, 200.0), (931, 200.0), (932, 200.0), (933, 200.0), (934, 200.0), (935, 200.0), (936, 200.0), (937, 200.0), (938, 200.0), (939, 200.0), (940, 200.0), (941, 200.0), (942, 200.0), (943, 200.0), (944, 200.0), (945, 200.0), (946, 200.0), (947, 200.0), (948, 200.0), (949, 200.0), (950, 200.0), (951, 200.0), (952, 200.0), (953, 200.0), (954, 200.0), (955, 200.0), (956, 200.0), (957, 200.0), (958, 200.0), (959, 200.0), (960, 200.0), (961, 200.0), (962, 200.0), (963, 200.0), (964, 200.0), (965, 200.0), (966, 200.0), (967, 200.0), (968, 200.0), (969, 200.0), (970, 200.0), (971, 200.0), (972, 200.0), (973, 200.0), (974, 200.0), (975, 200.0), (976, 200.0), (977, 200.0), (978, 200.0), (979, 200.0), (980, 200.0), (981, 200.0), (982, 200.0), (983, 200.0), (984, 200.0), (985, 200.0), (986, 200.0), (987, 200.0), (988, 200.0), (989, 200.0), (990, 200.0), (991, 200.0), (992, 200.0), (993, 200.0), (994, 200.0), (995, 200.0), (996, 200.0), (997, 200.0), (998, 200.0), (999, 200.0), (1000, 200.0), (1001, 200.0), (1002, 200.0), (1003, 200.0), (1004, 200.0), (1005, 200.0), (1006, 200.0), (1007, 200.0), (1008, 200.0), (1009, 200.0), (1010, 200.0), (1011, 200.0), (1012, 200.0), (1013, 200.0), (1014, 200.0), (1015, 200.0), (1016, 200.0), (1017, 200.0), (1018, 200.0), (1019, 200.0), (1020, 200.0), (1021, 200.0), (1022, 200.0), (1023, 200.0), (1024, 200.0), (1025, 200.0), (1026, 200.0), (1027, 200.0), (1028, 200.0), (1029, 200.0), (1030, 200.0), (1031, 200.0), (1032, 200.0), (1033, 200.0), (1034, 200.0), (1035, 200.0), (1036, 200.0), (1037, 200.0), (1038, 200.0), (1039, 200.0), (1040, 200.0), (1041, 200.0), (1042, 200.0), (1043, 200.0), (1044, 200.0), (1045, 200.0), (1046, 200.0), (1047, 200.0), (1048, 200.0), (1049, 200.0), (1050, 200.0), (1051, 200.0), (1052, 200.0), (1053, 200.0), (1054, 200.0), (1055, 200.0), (1056, 200.0), (1057, 200.0), (1058, 200.0), (1059, 200.0), (1060, 200.0), (1061, 200.0), (1062, 200.0), (1063, 200.0), (1064, 200.0), (1065, 200.0), (1066, 200.0), (1067, 200.0), (1068, 200.0), (1069, 200.0), (1070, 200.0), (1071, 200.0), (1072, 200.0), (1073, 200.0), (1074, 200.0), (1075, 200.0), (1076, 200.0), (1077, 200.0), (1078, 200.0), (1079, 200.0), (1080, 200.0), (1081, 200.0), (1082, 200.0), (1083, 200.0), (1084, 200.0), (1085, 200.0), (1086, 200.0), (1087, 200.0), (1088, 200.0), (1089, 200.0), (1090, 200.0), (1091, 200.0), (1092, 200.0), (1093, 200.0), (1094, 200.0), (1095, 200.0), (1096, 200.0), (1097, 200.0), (1098, 200.0), (1099, 200.0), (1100, 200.0), (1101, 200.0), (1102, 200.0), (1103, 200.0), (1104, 200.0), (1105, 200.0), (1106, 200.0), (1107, 200.0), (1108, 200.0), (1109, 200.0), (1110, 200.0), (1111, 200.0), (1112, 200.0), (1113, 200.0), (1114, 200.0), (1115, 200.0), (1116, 200.0), (1117, 200.0), (1118, 200.0), (1119, 200.0), (1120, 200.0), (1121, 200.0), (1122, 200.0), (1123, 200.0), (1124, 200.0), (1125, 200.0), (1126, 200.0), (1127, 200.0), (1128, 200.0), (1129, 200.0), (1130, 200.0), (1131, 200.0), (1132, 200.0), (1133, 200.0), (1134, 200.0), (1135, 200.0), (1136, 200.0), (1137, 200.0), (1138, 200.0), (1139, 200.0), (1140, 200.0), (1141, 200.0), (1142, 200.0), (1143, 200.0), (1144, 200.0), (1145, 200.0), (1146, 200.0), (1147, 200.0), (1148, 200.0), (1149, 200.0), (1150, 200.0), (1151, 200.0), (1152, 200.0), (1153, 200.0), (1154, 200.0), (1155, 200.0), (1156, 200.0), (1157, 200.0), (1158, 200.0), (1159, 200.0), (1160, 200.0), (1161, 200.0), (1162, 200.0), (1163, 200.0), (1164, 200.0), (1165, 200.0), (1166, 200.0), (1167, 200.0), (1168, 200.0), (1169, 200.0), (1170, 200.0), (1171, 200.0), (1172, 199.75757575757575), (1173, 199.75757575757575), (1174, 199.75757575757575), (1175, 199.75757575757575), (1176, 199.75757575757575), (1177, 199.75757575757575), (1178, 199.75757575757575), (1179, 199.75757575757575), (1180, 199.75757575757575), (1181, 199.75757575757575), (1182, 199.75757575757575), (1183, 199.75757575757575), (1184, 199.75757575757575), (1185, 199.75757575757575), (1186, 199.75757575757575), (1187, 199.75757575757575), (1188, 199.75757575757575), (1189, 199.75757575757575), (1190, 199.75757575757575), (1191, 199.75757575757575), (1192, 199.75757575757575), (1193, 199.75757575757575), (1194, 199.75757575757575), (1195, 199.75757575757575), (1196, 199.75757575757575), (1197, 199.75757575757575), (1198, 199.75757575757575), (1199, 199.75757575757575), (1200, 199.75757575757575), (1201, 199.75757575757575), (1202, 199.75757575757575), (1203, 199.75757575757575), (1204, 199.75757575757575), (1205, 199.75757575757575), (1206, 199.75757575757575), (1207, 199.75757575757575), (1208, 199.75757575757575), (1209, 199.75757575757575), (1210, 199.75757575757575), (1211, 199.75757575757575), (1212, 199.75757575757575), (1213, 199.75757575757575), (1214, 199.75757575757575), (1215, 199.75757575757575), (1216, 199.75757575757575), (1217, 199.75757575757575), (1218, 199.75757575757575), (1219, 199.75757575757575), (1220, 199.75757575757575), (1221, 199.75757575757575), (1222, 199.75757575757575), (1223, 199.75757575757575), (1224, 199.75757575757575), (1225, 199.75757575757575), (1226, 199.75757575757575), (1227, 199.75757575757575), (1228, 199.75757575757575), (1229, 199.75757575757575), (1230, 199.75757575757575), (1231, 199.75757575757575), (1232, 199.75757575757575), (1233, 199.75757575757575), (1234, 199.75757575757575), (1235, 199.75757575757575), (1236, 199.75757575757575), (1237, 199.75757575757575), (1238, 199.75757575757575), (1239, 199.75757575757575), (1240, 199.75757575757575), (1241, 199.75757575757575), (1242, 199.75757575757575), (1243, 199.75757575757575), (1244, 199.75757575757575), (1245, 199.75757575757575), (1246, 199.75757575757575), (1247, 199.75757575757575), (1248, 199.75757575757575), (1249, 199.75757575757575), (1250, 199.75757575757575), (1251, 199.75757575757575), (1252, 199.75757575757575), (1253, 199.75757575757575), (1254, 199.75757575757575), (1255, 199.75757575757575), (1256, 199.75757575757575), (1257, 199.75757575757575), (1258, 199.75757575757575), (1259, 199.75757575757575), (1260, 199.75757575757575), (1261, 199.75757575757575), (1262, 199.75757575757575), (1263, 199.75757575757575), (1264, 199.75757575757575), (1265, 199.75757575757575), (1266, 199.75757575757575), (1267, 199.75757575757575), (1268, 199.75757575757575), (1269, 199.75757575757575), (1270, 199.75757575757575), (1271, 200.0), (1272, 200.0), (1273, 200.0), (1274, 200.0), (1275, 200.0), (1276, 200.0), (1277, 200.0), (1278, 200.0), (1279, 200.0), (1280, 200.0), (1281, 200.0), (1282, 200.0), (1283, 200.0), (1284, 200.0), (1285, 200.0), (1286, 200.0), (1287, 200.0), (1288, 200.0), (1289, 200.0), (1290, 200.0), (1291, 200.0), (1292, 200.0), (1293, 200.0), (1294, 200.0), (1295, 200.0), (1296, 200.0), (1297, 200.0), (1298, 200.0), (1299, 200.0), (1300, 200.0), (1301, 200.0), (1302, 200.0), (1303, 200.0), (1304, 200.0), (1305, 200.0), (1306, 200.0), (1307, 200.0), (1308, 200.0), (1309, 200.0), (1310, 200.0), (1311, 200.0), (1312, 200.0), (1313, 200.0), (1314, 200.0), (1315, 200.0), (1316, 200.0), (1317, 200.0), (1318, 200.0), (1319, 200.0), (1320, 200.0), (1321, 200.0), (1322, 200.0), (1323, 200.0), (1324, 200.0), (1325, 200.0), (1326, 200.0), (1327, 200.0), (1328, 200.0), (1329, 200.0), (1330, 200.0), (1331, 200.0), (1332, 200.0), (1333, 200.0), (1334, 200.0), (1335, 200.0), (1336, 200.0), (1337, 200.0), (1338, 200.0), (1339, 200.0), (1340, 200.0), (1341, 200.0), (1342, 200.0), (1343, 200.0), (1344, 200.0), (1345, 200.0), (1346, 200.0), (1347, 200.0), (1348, 200.0), (1349, 200.0), (1350, 200.0), (1351, 200.0), (1352, 200.0), (1353, 200.0), (1354, 200.0), (1355, 200.0), (1356, 200.0), (1357, 200.0), (1358, 200.0), (1359, 200.0), (1360, 200.0), (1361, 200.0), (1362, 200.0), (1363, 200.0), (1364, 200.0), (1365, 200.0), (1366, 200.0), (1367, 200.0), (1368, 200.0), (1369, 200.0), (1370, 200.0), (1371, 200.0), (1372, 200.0), (1373, 200.0), (1374, 200.0), (1375, 200.0), (1376, 200.0), (1377, 200.0), (1378, 200.0), (1379, 200.0), (1380, 200.0), (1381, 200.0), (1382, 200.0), (1383, 200.0), (1384, 200.0), (1385, 200.0), (1386, 200.0), (1387, 200.0), (1388, 200.0), (1389, 200.0), (1390, 200.0), (1391, 200.0), (1392, 200.0), (1393, 200.0), (1394, 200.0), (1395, 200.0), (1396, 200.0), (1397, 200.0), (1398, 200.0), (1399, 200.0), (1400, 200.0), (1401, 200.0), (1402, 200.0), (1403, 200.0), (1404, 200.0), (1405, 200.0), (1406, 200.0), (1407, 200.0), (1408, 200.0), (1409, 200.0), (1410, 200.0), (1411, 200.0), (1412, 200.0), (1413, 200.0), (1414, 200.0), (1415, 200.0), (1416, 200.0), (1417, 200.0), (1418, 200.0), (1419, 200.0), (1420, 200.0), (1421, 200.0), (1422, 200.0), (1423, 200.0), (1424, 200.0), (1425, 200.0), (1426, 200.0), (1427, 200.0), (1428, 200.0), (1429, 200.0), (1430, 200.0), (1431, 200.0), (1432, 200.0), (1433, 200.0), (1434, 200.0), (1435, 200.0), (1436, 200.0), (1437, 200.0), (1438, 200.0), (1439, 200.0), (1440, 200.0), (1441, 200.0), (1442, 200.0), (1443, 200.0), (1444, 200.0), (1445, 200.0), (1446, 200.0), (1447, 200.0), (1448, 200.0), (1449, 200.0), (1450, 200.0), (1451, 200.0), (1452, 200.0), (1453, 200.0), (1454, 200.0), (1455, 200.0), (1456, 200.0), (1457, 200.0), (1458, 200.0), (1459, 200.0), (1460, 200.0), (1461, 200.0), (1462, 200.0), (1463, 200.0), (1464, 200.0), (1465, 200.0), (1466, 200.0), (1467, 200.0), (1468, 200.0)]
