<class 'gym.envs.classic_control.cartpole.CartPoleEnv'>
Iteration 0 avg reward 62.000000
Iteration 100 avg reward 70.212121
Iteration 200 avg reward 107.686869
Iteration 300 avg reward 173.525253
Iteration 400 avg reward 197.707071
Iteration 500 avg reward 200.000000
Iteration 600 avg reward 200.000000
Iteration 700 avg reward 200.000000
Iteration 800 avg reward 200.000000
Iteration 900 avg reward 200.000000
Iteration 1000 avg reward 200.000000
Iteration 1100 avg reward 200.000000
Iteration 1200 avg reward 200.000000
Iteration 1300 avg reward 200.000000
[(0, 62.0), (1, 53.0), (2, 46.0), (3, 58.5), (4, 55.8), (5, 54.166666666666664), (6, 60.285714285714285), (7, 58.5), (8, 60.22222222222222), (9, 64.1), (10, 62.54545454545455), (11, 64.91666666666667), (12, 62.23076923076923), (13, 62.07142857142857), (14, 61.53333333333333), (15, 64.4375), (16, 64.0), (17, 61.888888888888886), (18, 61.21052631578947), (19, 60.05), (20, 59.42857142857143), (21, 58.0), (22, 56.21739130434783), (23, 55.291666666666664), (24, 56.64), (25, 57.76923076923077), (26, 57.44444444444444), (27, 57.785714285714285), (28, 58.03448275862069), (29, 58.2), (30, 58.935483870967744), (31, 58.125), (32, 58.18181818181818), (33, 57.6764705882353), (34, 57.6), (35, 57.75), (36, 58.83783783783784), (37, 58.28947368421053), (38, 61.43589743589744), (39, 62.025), (40, 61.58536585365854), (41, 61.38095238095238), (42, 61.46511627906977), (43, 61.75), (44, 62.44444444444444), (45, 64.26086956521739), (46, 64.04255319148936), (47, 63.5625), (48, 64.36734693877551), (49, 64.38), (50, 64.27450980392157), (51, 64.82692307692308), (52, 66.18867924528301), (53, 66.9074074074074), (54, 68.74545454545455), (55, 68.53571428571429), (56, 68.52631578947368), (57, 68.56896551724138), (58, 70.0677966101695), (59, 69.63333333333334), (60, 69.67213114754098), (61, 69.14516129032258), (62, 68.74603174603175), (63, 68.796875), (64, 68.50769230769231), (65, 68.18181818181819), (66, 68.23880597014926), (67, 67.86764705882354), (68, 67.78260869565217), (69, 67.34285714285714), (70, 67.25352112676056), (71, 67.375), (72, 67.21917808219177), (73, 67.27027027027027), (74, 68.06666666666666), (75, 67.5657894736842), (76, 67.45454545454545), (77, 68.06410256410257), (78, 68.12658227848101), (79, 68.325), (80, 68.24691358024691), (81, 68.14634146341463), (82, 68.16867469879519), (83, 67.66666666666667), (84, 67.78823529411764), (85, 67.69767441860465), (86, 67.42528735632185), (87, 67.9659090909091), (88, 68.14606741573034), (89, 68.21111111111111), (90, 67.84615384615384), (91, 67.45652173913044), (92, 67.98924731182795), (93, 68.45744680851064), (94, 68.61052631578947), (95, 68.39583333333333), (96, 68.8659793814433), (97, 69.09183673469387), (98, 69.81818181818181), (99, 70.20202020202021), (100, 70.21212121212122), (101, 70.26262626262626), (102, 70.4040404040404), (103, 71.53535353535354), (104, 71.54545454545455), (105, 71.07070707070707), (106, 71.52525252525253), (107, 72.28282828282828), (108, 71.83838383838383), (109, 72.42424242424242), (110, 72.70707070707071), (111, 73.35353535353535), (112, 74.28282828282828), (113, 74.17171717171718), (114, 73.5959595959596), (115, 74.07070707070707), (116, 74.34343434343434), (117, 75.05050505050505), (118, 75.37373737373737), (119, 76.11111111111111), (120, 77.29292929292929), (121, 78.34343434343434), (122, 79.15151515151516), (123, 79.07070707070707), (124, 79.43434343434343), (125, 80.28282828282828), (126, 81.21212121212122), (127, 81.08080808080808), (128, 82.07070707070707), (129, 81.98989898989899), (130, 83.47474747474747), (131, 83.17171717171718), (132, 83.56565656565657), (133, 84.06060606060606), (134, 83.92929292929293), (135, 83.92929292929293), (136, 84.32323232323232), (137, 83.33333333333333), (138, 83.05050505050505), (139, 83.73737373737374), (140, 83.92929292929293), (141, 84.12121212121212), (142, 83.84848484848484), (143, 83.72727272727273), (144, 83.41414141414141), (145, 83.39393939393939), (146, 83.97979797979798), (147, 84.72727272727273), (148, 85.31313131313131), (149, 85.98989898989899), (150, 85.63636363636364), (151, 84.93939393939394), (152, 84.77777777777777), (153, 83.95959595959596), (154, 83.97979797979798), (155, 84.96969696969697), (156, 86.21212121212122), (157, 86.64646464646465), (158, 87.07070707070707), (159, 87.08080808080808), (160, 87.33333333333333), (161, 88.35353535353535), (162, 88.67676767676768), (163, 88.82828282828282), (164, 89.01010101010101), (165, 88.84848484848484), (166, 89.14141414141415), (167, 90.53535353535354), (168, 90.6969696969697), (169, 91.84848484848484), (170, 92.13131313131314), (171, 93.58585858585859), (172, 94.11111111111111), (173, 93.53535353535354), (174, 94.3030303030303), (175, 94.67676767676768), (176, 93.97979797979798), (177, 95.24242424242425), (178, 95.8989898989899), (179, 96.91919191919192), (180, 97.27272727272727), (181, 97.20202020202021), (182, 98.29292929292929), (183, 99.27272727272727), (184, 100.21212121212122), (185, 100.5050505050505), (186, 101.07070707070707), (187, 101.57575757575758), (188, 101.8080808080808), (189, 103.45454545454545), (190, 103.91919191919192), (191, 103.5959595959596), (192, 102.8989898989899), (193, 103.53535353535354), (194, 104.96969696969697), (195, 106.20202020202021), (196, 106.71717171717172), (197, 106.77777777777777), (198, 107.37373737373737), (199, 107.46464646464646), (200, 107.68686868686869), (201, 108.25252525252525), (202, 109.42424242424242), (203, 110.87878787878788), (204, 112.65656565656566), (205, 114.27272727272727), (206, 114.73737373737374), (207, 115.96969696969697), (208, 116.5959595959596), (209, 118.04040404040404), (210, 117.83838383838383), (211, 119.46464646464646), (212, 120.88888888888889), (213, 121.36363636363636), (214, 122.58585858585859), (215, 122.62626262626263), (216, 122.87878787878788), (217, 123.43434343434343), (218, 124.65656565656566), (219, 126.02020202020202), (220, 126.98989898989899), (221, 127.43434343434343), (222, 128.41414141414143), (223, 129.6969696969697), (224, 130.16161616161617), (225, 131.46464646464648), (226, 133.1010101010101), (227, 134.02020202020202), (228, 135.4747474747475), (229, 136.46464646464648), (230, 137.5151515151515), (231, 139.23232323232324), (232, 139.93939393939394), (233, 140.4949494949495), (234, 141.08080808080808), (235, 141.8080808080808), (236, 142.96969696969697), (237, 143.68686868686868), (238, 144.4848484848485), (239, 145.2828282828283), (240, 145.94949494949495), (241, 146.42424242424244), (242, 147.55555555555554), (243, 147.57575757575756), (244, 149.03030303030303), (245, 149.76767676767676), (246, 149.93939393939394), (247, 150.62626262626262), (248, 150.5151515151515), (249, 149.7070707070707), (250, 150.35353535353536), (251, 150.72727272727272), (252, 150.41414141414143), (253, 150.37373737373738), (254, 150.46464646464648), (255, 150.46464646464648), (256, 150.92929292929293), (257, 152.0909090909091), (258, 152.7070707070707), (259, 153.4949494949495), (260, 153.54545454545453), (261, 153.64646464646464), (262, 155.4747474747475), (263, 156.4848484848485), (264, 156.6161616161616), (265, 156.6161616161616), (266, 158.02020202020202), (267, 158.37373737373738), (268, 158.46464646464648), (269, 159.2828282828283), (270, 159.37373737373738), (271, 160.02020202020202), (272, 160.1010101010101), (273, 159.91919191919192), (274, 160.82828282828282), (275, 160.17171717171718), (276, 159.66666666666666), (277, 159.66666666666666), (278, 160.78787878787878), (279, 160.8989898989899), (280, 162.25252525252526), (281, 163.43434343434345), (282, 163.6969696969697), (283, 163.63636363636363), (284, 164.24242424242425), (285, 165.41414141414143), (286, 166.1010101010101), (287, 166.1010101010101), (288, 167.37373737373738), (289, 167.8989898989899), (290, 167.8989898989899), (291, 168.26262626262627), (292, 169.2929292929293), (293, 168.93939393939394), (294, 169.45454545454547), (295, 170.4949494949495), (296, 171.34343434343435), (297, 171.34343434343435), (298, 172.17171717171718), (299, 172.7070707070707), (300, 173.5252525252525), (301, 174.13131313131314), (302, 174.13131313131314), (303, 174.13131313131314), (304, 174.13131313131314), (305, 174.88888888888889), (306, 175.08080808080808), (307, 176.25252525252526), (308, 176.04040404040404), (309, 177.75757575757575), (310, 177.88888888888889), (311, 177.88888888888889), (312, 178.95959595959596), (313, 178.95959595959596), (314, 180.34343434343435), (315, 181.36363636363637), (316, 181.36363636363637), (317, 181.36363636363637), (318, 181.36363636363637), (319, 180.75757575757575), (320, 181.23232323232324), (321, 181.40404040404042), (322, 181.40404040404042), (323, 182.22222222222223), (324, 182.22222222222223), (325, 182.22222222222223), (326, 182.22222222222223), (327, 182.22222222222223), (328, 182.13131313131314), (329, 182.26262626262627), (330, 182.26262626262627), (331, 182.62626262626262), (332, 183.12121212121212), (333, 183.12121212121212), (334, 183.12121212121212), (335, 183.12121212121212), (336, 182.7171717171717), (337, 182.7070707070707), (338, 182.7070707070707), (339, 183.1010101010101), (340, 183.1010101010101), (341, 183.3939393939394), (342, 184.17171717171718), (343, 184.32323232323233), (344, 184.3838383838384), (345, 184.74747474747474), (346, 184.74747474747474), (347, 185.62626262626262), (348, 186.43434343434345), (349, 186.43434343434345), (350, 186.43434343434345), (351, 186.74747474747474), (352, 187.13131313131314), (353, 187.65656565656565), (354, 187.65656565656565), (355, 188.23232323232324), (356, 188.23232323232324), (357, 189.14141414141415), (358, 189.63636363636363), (359, 189.63636363636363), (360, 189.8181818181818), (361, 189.8181818181818), (362, 190.22222222222223), (363, 190.24242424242425), (364, 189.97979797979798), (365, 189.94949494949495), (366, 190.58585858585857), (367, 190.58585858585857), (368, 190.58585858585857), (369, 191.03030303030303), (370, 191.03030303030303), (371, 191.03030303030303), (372, 191.74747474747474), (373, 191.74747474747474), (374, 192.40404040404042), (375, 192.9090909090909), (376, 192.9090909090909), (377, 192.9090909090909), (378, 192.9090909090909), (379, 192.9090909090909), (380, 192.9090909090909), (381, 193.65656565656565), (382, 193.97979797979798), (383, 194.63636363636363), (384, 194.63636363636363), (385, 195.03030303030303), (386, 195.03030303030303), (387, 195.03030303030303), (388, 195.74747474747474), (389, 195.74747474747474), (390, 195.77777777777777), (391, 195.77777777777777), (392, 196.13131313131314), (393, 196.13131313131314), (394, 196.13131313131314), (395, 196.4848484848485), (396, 196.4848484848485), (397, 196.93939393939394), (398, 197.5151515151515), (399, 197.7070707070707), (400, 197.7070707070707), (401, 197.7070707070707), (402, 197.7070707070707), (403, 197.7070707070707), (404, 197.7070707070707), (405, 197.7070707070707), (406, 197.7070707070707), (407, 197.91919191919192), (408, 197.91919191919192), (409, 197.91919191919192), (410, 197.91919191919192), (411, 198.21212121212122), (412, 198.21212121212122), (413, 198.21212121212122), (414, 198.21212121212122), (415, 198.21212121212122), (416, 198.21212121212122), (417, 198.21212121212122), (418, 198.8181818181818), (419, 199.2020202020202), (420, 199.2020202020202), (421, 199.2020202020202), (422, 199.2020202020202), (423, 199.2020202020202), (424, 199.2020202020202), (425, 199.2020202020202), (426, 199.2020202020202), (427, 199.2929292929293), (428, 199.2929292929293), (429, 199.2929292929293), (430, 199.2929292929293), (431, 199.2929292929293), (432, 199.2929292929293), (433, 199.2929292929293), (434, 199.2929292929293), (435, 199.6969696969697), (436, 199.7070707070707), (437, 199.7070707070707), (438, 199.7070707070707), (439, 199.7070707070707), (440, 199.7070707070707), (441, 199.7070707070707), (442, 199.7070707070707), (443, 199.7070707070707), (444, 199.7070707070707), (445, 199.7070707070707), (446, 199.7070707070707), (447, 199.7070707070707), (448, 199.7070707070707), (449, 199.7070707070707), (450, 199.7070707070707), (451, 199.7070707070707), (452, 199.7070707070707), (453, 199.7070707070707), (454, 199.7070707070707), (455, 199.7070707070707), (456, 199.7070707070707), (457, 199.7070707070707), (458, 199.7070707070707), (459, 199.7070707070707), (460, 199.7070707070707), (461, 199.7070707070707), (462, 199.7070707070707), (463, 199.96969696969697), (464, 200.0), (465, 200.0), (466, 200.0), (467, 200.0), (468, 200.0), (469, 200.0), (470, 200.0), (471, 200.0), (472, 200.0), (473, 200.0), (474, 200.0), (475, 200.0), (476, 200.0), (477, 200.0), (478, 200.0), (479, 200.0), (480, 200.0), (481, 200.0), (482, 200.0), (483, 200.0), (484, 200.0), (485, 200.0), (486, 200.0), (487, 200.0), (488, 200.0), (489, 200.0), (490, 200.0), (491, 200.0), (492, 200.0), (493, 200.0), (494, 200.0), (495, 200.0), (496, 200.0), (497, 200.0), (498, 200.0), (499, 200.0), (500, 200.0), (501, 200.0), (502, 200.0), (503, 200.0), (504, 200.0), (505, 200.0), (506, 200.0), (507, 200.0), (508, 200.0), (509, 200.0), (510, 200.0), (511, 200.0), (512, 200.0), (513, 200.0), (514, 200.0), (515, 200.0), (516, 200.0), (517, 200.0), (518, 200.0), (519, 200.0), (520, 200.0), (521, 200.0), (522, 200.0), (523, 200.0), (524, 200.0), (525, 200.0), (526, 200.0), (527, 200.0), (528, 200.0), (529, 200.0), (530, 200.0), (531, 200.0), (532, 200.0), (533, 200.0), (534, 200.0), (535, 200.0), (536, 200.0), (537, 200.0), (538, 200.0), (539, 200.0), (540, 200.0), (541, 200.0), (542, 200.0), (543, 200.0), (544, 200.0), (545, 200.0), (546, 200.0), (547, 200.0), (548, 200.0), (549, 200.0), (550, 200.0), (551, 200.0), (552, 200.0), (553, 200.0), (554, 200.0), (555, 200.0), (556, 200.0), (557, 200.0), (558, 200.0), (559, 200.0), (560, 200.0), (561, 200.0), (562, 200.0), (563, 200.0), (564, 200.0), (565, 200.0), (566, 200.0), (567, 200.0), (568, 200.0), (569, 200.0), (570, 200.0), (571, 200.0), (572, 200.0), (573, 200.0), (574, 200.0), (575, 200.0), (576, 200.0), (577, 200.0), (578, 200.0), (579, 200.0), (580, 200.0), (581, 200.0), (582, 200.0), (583, 200.0), (584, 200.0), (585, 200.0), (586, 200.0), (587, 200.0), (588, 200.0), (589, 200.0), (590, 200.0), (591, 200.0), (592, 200.0), (593, 200.0), (594, 200.0), (595, 200.0), (596, 200.0), (597, 200.0), (598, 200.0), (599, 200.0), (600, 200.0), (601, 200.0), (602, 200.0), (603, 200.0), (604, 200.0), (605, 200.0), (606, 200.0), (607, 200.0), (608, 200.0), (609, 200.0), (610, 200.0), (611, 200.0), (612, 200.0), (613, 200.0), (614, 200.0), (615, 200.0), (616, 200.0), (617, 200.0), (618, 200.0), (619, 200.0), (620, 200.0), (621, 200.0), (622, 200.0), (623, 200.0), (624, 200.0), (625, 200.0), (626, 200.0), (627, 200.0), (628, 200.0), (629, 200.0), (630, 200.0), (631, 200.0), (632, 200.0), (633, 200.0), (634, 200.0), (635, 200.0), (636, 200.0), (637, 200.0), (638, 200.0), (639, 200.0), (640, 200.0), (641, 200.0), (642, 200.0), (643, 200.0), (644, 200.0), (645, 200.0), (646, 200.0), (647, 200.0), (648, 200.0), (649, 200.0), (650, 200.0), (651, 200.0), (652, 200.0), (653, 200.0), (654, 200.0), (655, 200.0), (656, 200.0), (657, 200.0), (658, 200.0), (659, 200.0), (660, 200.0), (661, 200.0), (662, 200.0), (663, 200.0), (664, 200.0), (665, 200.0), (666, 200.0), (667, 200.0), (668, 200.0), (669, 200.0), (670, 200.0), (671, 200.0), (672, 200.0), (673, 200.0), (674, 200.0), (675, 200.0), (676, 200.0), (677, 200.0), (678, 200.0), (679, 200.0), (680, 200.0), (681, 200.0), (682, 200.0), (683, 200.0), (684, 200.0), (685, 200.0), (686, 200.0), (687, 200.0), (688, 200.0), (689, 200.0), (690, 200.0), (691, 200.0), (692, 200.0), (693, 200.0), (694, 200.0), (695, 200.0), (696, 200.0), (697, 200.0), (698, 200.0), (699, 200.0), (700, 200.0), (701, 200.0), (702, 200.0), (703, 200.0), (704, 200.0), (705, 200.0), (706, 200.0), (707, 200.0), (708, 200.0), (709, 200.0), (710, 200.0), (711, 200.0), (712, 200.0), (713, 200.0), (714, 200.0), (715, 200.0), (716, 200.0), (717, 200.0), (718, 200.0), (719, 200.0), (720, 200.0), (721, 200.0), (722, 200.0), (723, 200.0), (724, 200.0), (725, 200.0), (726, 200.0), (727, 200.0), (728, 200.0), (729, 200.0), (730, 200.0), (731, 200.0), (732, 200.0), (733, 200.0), (734, 200.0), (735, 200.0), (736, 200.0), (737, 200.0), (738, 200.0), (739, 200.0), (740, 200.0), (741, 200.0), (742, 200.0), (743, 200.0), (744, 200.0), (745, 200.0), (746, 200.0), (747, 200.0), (748, 200.0), (749, 200.0), (750, 200.0), (751, 200.0), (752, 200.0), (753, 200.0), (754, 200.0), (755, 200.0), (756, 200.0), (757, 200.0), (758, 200.0), (759, 200.0), (760, 200.0), (761, 200.0), (762, 200.0), (763, 200.0), (764, 200.0), (765, 200.0), (766, 200.0), (767, 200.0), (768, 200.0), (769, 200.0), (770, 200.0), (771, 200.0), (772, 200.0), (773, 200.0), (774, 200.0), (775, 200.0), (776, 200.0), (777, 200.0), (778, 200.0), (779, 200.0), (780, 200.0), (781, 200.0), (782, 200.0), (783, 200.0), (784, 200.0), (785, 200.0), (786, 200.0), (787, 200.0), (788, 200.0), (789, 200.0), (790, 200.0), (791, 200.0), (792, 200.0), (793, 200.0), (794, 200.0), (795, 200.0), (796, 200.0), (797, 200.0), (798, 200.0), (799, 200.0), (800, 200.0), (801, 200.0), (802, 200.0), (803, 200.0), (804, 200.0), (805, 200.0), (806, 200.0), (807, 200.0), (808, 200.0), (809, 200.0), (810, 200.0), (811, 200.0), (812, 200.0), (813, 200.0), (814, 200.0), (815, 200.0), (816, 200.0), (817, 200.0), (818, 200.0), (819, 200.0), (820, 200.0), (821, 200.0), (822, 200.0), (823, 200.0), (824, 200.0), (825, 200.0), (826, 200.0), (827, 200.0), (828, 200.0), (829, 200.0), (830, 200.0), (831, 200.0), (832, 200.0), (833, 200.0), (834, 200.0), (835, 200.0), (836, 200.0), (837, 200.0), (838, 200.0), (839, 200.0), (840, 200.0), (841, 200.0), (842, 200.0), (843, 200.0), (844, 200.0), (845, 200.0), (846, 200.0), (847, 200.0), (848, 200.0), (849, 200.0), (850, 200.0), (851, 200.0), (852, 200.0), (853, 200.0), (854, 200.0), (855, 200.0), (856, 200.0), (857, 200.0), (858, 200.0), (859, 200.0), (860, 200.0), (861, 200.0), (862, 200.0), (863, 200.0), (864, 200.0), (865, 200.0), (866, 200.0), (867, 200.0), (868, 200.0), (869, 200.0), (870, 200.0), (871, 200.0), (872, 200.0), (873, 200.0), (874, 200.0), (875, 200.0), (876, 200.0), (877, 200.0), (878, 200.0), (879, 200.0), (880, 200.0), (881, 200.0), (882, 200.0), (883, 200.0), (884, 200.0), (885, 200.0), (886, 200.0), (887, 200.0), (888, 200.0), (889, 200.0), (890, 200.0), (891, 200.0), (892, 200.0), (893, 200.0), (894, 200.0), (895, 200.0), (896, 200.0), (897, 200.0), (898, 200.0), (899, 200.0), (900, 200.0), (901, 200.0), (902, 200.0), (903, 200.0), (904, 200.0), (905, 200.0), (906, 200.0), (907, 200.0), (908, 200.0), (909, 200.0), (910, 200.0), (911, 200.0), (912, 200.0), (913, 200.0), (914, 200.0), (915, 200.0), (916, 200.0), (917, 200.0), (918, 200.0), (919, 200.0), (920, 200.0), (921, 200.0), (922, 200.0), (923, 200.0), (924, 200.0), (925, 200.0), (926, 200.0), (927, 200.0), (928, 200.0), (929, 200.0), (930, 200.0), (931, 200.0), (932, 200.0), (933, 200.0), (934, 200.0), (935, 200.0), (936, 200.0), (937, 200.0), (938, 200.0), (939, 200.0), (940, 200.0), (941, 200.0), (942, 200.0), (943, 200.0), (944, 200.0), (945, 200.0), (946, 200.0), (947, 200.0), (948, 200.0), (949, 200.0), (950, 200.0), (951, 200.0), (952, 200.0), (953, 200.0), (954, 200.0), (955, 200.0), (956, 200.0), (957, 200.0), (958, 200.0), (959, 200.0), (960, 200.0), (961, 200.0), (962, 200.0), (963, 200.0), (964, 200.0), (965, 200.0), (966, 200.0), (967, 200.0), (968, 200.0), (969, 200.0), (970, 200.0), (971, 200.0), (972, 200.0), (973, 200.0), (974, 200.0), (975, 200.0), (976, 200.0), (977, 200.0), (978, 200.0), (979, 200.0), (980, 200.0), (981, 200.0), (982, 200.0), (983, 200.0), (984, 200.0), (985, 200.0), (986, 200.0), (987, 200.0), (988, 200.0), (989, 200.0), (990, 200.0), (991, 200.0), (992, 200.0), (993, 200.0), (994, 200.0), (995, 200.0), (996, 200.0), (997, 200.0), (998, 200.0), (999, 200.0), (1000, 200.0), (1001, 200.0), (1002, 200.0), (1003, 200.0), (1004, 200.0), (1005, 200.0), (1006, 200.0), (1007, 200.0), (1008, 200.0), (1009, 200.0), (1010, 200.0), (1011, 200.0), (1012, 200.0), (1013, 200.0), (1014, 200.0), (1015, 200.0), (1016, 200.0), (1017, 200.0), (1018, 200.0), (1019, 200.0), (1020, 200.0), (1021, 200.0), (1022, 200.0), (1023, 200.0), (1024, 200.0), (1025, 200.0), (1026, 200.0), (1027, 200.0), (1028, 200.0), (1029, 200.0), (1030, 200.0), (1031, 200.0), (1032, 200.0), (1033, 200.0), (1034, 200.0), (1035, 200.0), (1036, 200.0), (1037, 200.0), (1038, 200.0), (1039, 200.0), (1040, 200.0), (1041, 200.0), (1042, 200.0), (1043, 200.0), (1044, 200.0), (1045, 200.0), (1046, 200.0), (1047, 200.0), (1048, 200.0), (1049, 200.0), (1050, 200.0), (1051, 200.0), (1052, 200.0), (1053, 200.0), (1054, 200.0), (1055, 200.0), (1056, 200.0), (1057, 200.0), (1058, 200.0), (1059, 200.0), (1060, 200.0), (1061, 200.0), (1062, 200.0), (1063, 200.0), (1064, 200.0), (1065, 200.0), (1066, 200.0), (1067, 200.0), (1068, 200.0), (1069, 200.0), (1070, 200.0), (1071, 200.0), (1072, 200.0), (1073, 200.0), (1074, 200.0), (1075, 200.0), (1076, 200.0), (1077, 200.0), (1078, 200.0), (1079, 200.0), (1080, 200.0), (1081, 200.0), (1082, 200.0), (1083, 200.0), (1084, 200.0), (1085, 200.0), (1086, 200.0), (1087, 200.0), (1088, 200.0), (1089, 200.0), (1090, 200.0), (1091, 200.0), (1092, 200.0), (1093, 200.0), (1094, 200.0), (1095, 200.0), (1096, 200.0), (1097, 200.0), (1098, 200.0), (1099, 200.0), (1100, 200.0), (1101, 200.0), (1102, 200.0), (1103, 200.0), (1104, 200.0), (1105, 200.0), (1106, 200.0), (1107, 200.0), (1108, 200.0), (1109, 200.0), (1110, 200.0), (1111, 200.0), (1112, 200.0), (1113, 200.0), (1114, 200.0), (1115, 200.0), (1116, 200.0), (1117, 200.0), (1118, 200.0), (1119, 200.0), (1120, 200.0), (1121, 200.0), (1122, 200.0), (1123, 200.0), (1124, 200.0), (1125, 200.0), (1126, 200.0), (1127, 200.0), (1128, 200.0), (1129, 200.0), (1130, 200.0), (1131, 200.0), (1132, 200.0), (1133, 200.0), (1134, 200.0), (1135, 200.0), (1136, 200.0), (1137, 200.0), (1138, 200.0), (1139, 200.0), (1140, 200.0), (1141, 200.0), (1142, 200.0), (1143, 200.0), (1144, 200.0), (1145, 200.0), (1146, 200.0), (1147, 200.0), (1148, 200.0), (1149, 200.0), (1150, 200.0), (1151, 200.0), (1152, 200.0), (1153, 200.0), (1154, 200.0), (1155, 200.0), (1156, 200.0), (1157, 200.0), (1158, 200.0), (1159, 200.0), (1160, 200.0), (1161, 200.0), (1162, 200.0), (1163, 200.0), (1164, 200.0), (1165, 200.0), (1166, 200.0), (1167, 200.0), (1168, 200.0), (1169, 200.0), (1170, 200.0), (1171, 200.0), (1172, 200.0), (1173, 200.0), (1174, 200.0), (1175, 200.0), (1176, 200.0), (1177, 200.0), (1178, 200.0), (1179, 200.0), (1180, 200.0), (1181, 200.0), (1182, 200.0), (1183, 200.0), (1184, 200.0), (1185, 200.0), (1186, 200.0), (1187, 200.0), (1188, 200.0), (1189, 200.0), (1190, 200.0), (1191, 200.0), (1192, 200.0), (1193, 200.0), (1194, 200.0), (1195, 200.0), (1196, 200.0), (1197, 200.0), (1198, 200.0), (1199, 200.0), (1200, 200.0), (1201, 200.0), (1202, 200.0), (1203, 200.0), (1204, 200.0), (1205, 200.0), (1206, 200.0), (1207, 200.0), (1208, 200.0), (1209, 200.0), (1210, 200.0), (1211, 200.0), (1212, 200.0), (1213, 200.0), (1214, 200.0), (1215, 200.0), (1216, 200.0), (1217, 200.0), (1218, 200.0), (1219, 200.0), (1220, 200.0), (1221, 200.0), (1222, 200.0), (1223, 200.0), (1224, 200.0), (1225, 200.0), (1226, 200.0), (1227, 200.0), (1228, 200.0), (1229, 200.0), (1230, 200.0), (1231, 200.0), (1232, 200.0), (1233, 200.0), (1234, 200.0), (1235, 200.0), (1236, 200.0), (1237, 200.0), (1238, 200.0), (1239, 200.0), (1240, 200.0), (1241, 200.0), (1242, 200.0), (1243, 200.0), (1244, 200.0), (1245, 200.0), (1246, 200.0), (1247, 200.0), (1248, 200.0), (1249, 200.0), (1250, 200.0), (1251, 200.0), (1252, 200.0), (1253, 200.0), (1254, 200.0), (1255, 200.0), (1256, 200.0), (1257, 200.0), (1258, 200.0), (1259, 200.0), (1260, 200.0), (1261, 200.0), (1262, 200.0), (1263, 200.0), (1264, 200.0), (1265, 200.0), (1266, 200.0), (1267, 200.0), (1268, 200.0), (1269, 200.0), (1270, 200.0), (1271, 200.0), (1272, 200.0), (1273, 200.0), (1274, 200.0), (1275, 200.0), (1276, 200.0), (1277, 200.0), (1278, 200.0), (1279, 200.0), (1280, 200.0), (1281, 200.0), (1282, 200.0), (1283, 200.0), (1284, 200.0), (1285, 200.0), (1286, 200.0), (1287, 200.0), (1288, 200.0), (1289, 200.0), (1290, 200.0), (1291, 200.0), (1292, 200.0), (1293, 200.0), (1294, 200.0), (1295, 200.0), (1296, 200.0), (1297, 200.0), (1298, 200.0), (1299, 200.0), (1300, 200.0), (1301, 200.0), (1302, 200.0), (1303, 200.0), (1304, 200.0), (1305, 200.0), (1306, 200.0), (1307, 200.0), (1308, 200.0), (1309, 200.0), (1310, 200.0), (1311, 200.0), (1312, 200.0), (1313, 200.0), (1314, 200.0), (1315, 200.0), (1316, 200.0), (1317, 200.0), (1318, 200.0), (1319, 200.0), (1320, 200.0), (1321, 200.0), (1322, 200.0), (1323, 200.0), (1324, 200.0), (1325, 200.0), (1326, 200.0), (1327, 200.0), (1328, 200.0), (1329, 200.0), (1330, 200.0), (1331, 200.0), (1332, 200.0), (1333, 200.0), (1334, 200.0), (1335, 200.0), (1336, 200.0), (1337, 200.0), (1338, 200.0), (1339, 200.0), (1340, 200.0), (1341, 200.0), (1342, 200.0), (1343, 200.0), (1344, 200.0), (1345, 200.0), (1346, 200.0), (1347, 200.0), (1348, 200.0), (1349, 200.0), (1350, 200.0), (1351, 200.0), (1352, 200.0), (1353, 200.0), (1354, 200.0), (1355, 200.0), (1356, 200.0), (1357, 200.0), (1358, 200.0), (1359, 200.0), (1360, 200.0), (1361, 200.0), (1362, 200.0), (1363, 200.0), (1364, 200.0), (1365, 200.0), (1366, 200.0), (1367, 200.0), (1368, 200.0), (1369, 200.0), (1370, 200.0), (1371, 200.0), (1372, 200.0), (1373, 200.0), (1374, 200.0), (1375, 200.0), (1376, 200.0), (1377, 200.0), (1378, 200.0), (1379, 200.0), (1380, 200.0), (1381, 200.0), (1382, 200.0), (1383, 200.0), (1384, 200.0)]
