<class 'gym.envs.classic_control.cartpole.CartPoleEnv'>
Iteration 0 avg reward 27.000000
Iteration 100 avg reward 51.747475
Iteration 200 avg reward 146.636364
Iteration 300 avg reward 186.636364
Iteration 400 avg reward 194.131313
Iteration 500 avg reward 194.838384
Iteration 600 avg reward 197.595960
Iteration 700 avg reward 199.040404
Iteration 800 avg reward 200.000000
Iteration 900 avg reward 200.000000
Iteration 1000 avg reward 200.000000
Iteration 1100 avg reward 195.858586
Iteration 1200 avg reward 197.191919
Iteration 1300 avg reward 193.444444
Iteration 1400 avg reward 199.030303
[(0, 27.0), (1, 39.0), (2, 33.666666666666664), (3, 43.0), (4, 38.0), (5, 34.333333333333336), (6, 33.142857142857146), (7, 32.5), (8, 34.111111111111114), (9, 34.8), (10, 33.09090909090909), (11, 32.833333333333336), (12, 33.84615384615385), (13, 32.42857142857143), (14, 32.0), (15, 31.75), (16, 30.764705882352942), (17, 30.333333333333332), (18, 29.36842105263158), (19, 32.15), (20, 31.571428571428573), (21, 31.136363636363637), (22, 32.30434782608695), (23, 32.791666666666664), (24, 32.36), (25, 32.26923076923077), (26, 31.88888888888889), (27, 33.0), (28, 33.86206896551724), (29, 33.9), (30, 34.96774193548387), (31, 36.96875), (32, 38.60606060606061), (33, 41.0), (34, 40.77142857142857), (35, 40.333333333333336), (36, 39.67567567567568), (37, 39.36842105263158), (38, 39.23076923076923), (39, 40.3), (40, 41.90243902439025), (41, 42.61904761904762), (42, 43.093023255813954), (43, 44.40909090909091), (44, 47.06666666666667), (45, 48.17391304347826), (46, 47.702127659574465), (47, 47.75), (48, 47.3469387755102), (49, 47.04), (50, 46.78431372549019), (51, 47.67307692307692), (52, 48.15094339622642), (53, 48.24074074074074), (54, 47.69090909090909), (55, 47.160714285714285), (56, 46.92982456140351), (57, 47.775862068965516), (58, 47.220338983050844), (59, 47.516666666666666), (60, 47.47540983606557), (61, 47.41935483870968), (62, 47.74603174603175), (63, 47.4375), (64, 47.41538461538462), (65, 47.27272727272727), (66, 46.88059701492537), (67, 46.529411764705884), (68, 47.53623188405797), (69, 48.48571428571429), (70, 48.95774647887324), (71, 48.611111111111114), (72, 50.68493150684932), (73, 50.986486486486484), (74, 51.053333333333335), (75, 51.723684210526315), (76, 51.36363636363637), (77, 52.3974358974359), (78, 54.265822784810126), (79, 54.5625), (80, 55.27160493827161), (81, 55.01219512195122), (82, 54.674698795180724), (83, 54.82142857142857), (84, 54.811764705882354), (85, 54.406976744186046), (86, 54.229885057471265), (87, 54.02272727272727), (88, 53.57303370786517), (89, 53.18888888888889), (90, 52.73626373626374), (91, 52.630434782608695), (92, 52.903225806451616), (93, 52.680851063829785), (94, 52.67368421052632), (95, 52.489583333333336), (96, 52.44329896907217), (97, 52.234693877551024), (98, 52.02020202020202), (99, 52.16161616161616), (100, 51.74747474747475), (101, 52.282828282828284), (102, 51.707070707070706), (103, 51.686868686868685), (104, 51.96969696969697), (105, 52.474747474747474), (106, 52.72727272727273), (107, 52.75757575757576), (108, 52.686868686868685), (109, 53.61616161616162), (110, 54.111111111111114), (111, 53.86868686868687), (112, 54.05050505050505), (113, 55.38383838383838), (114, 56.23232323232323), (115, 56.97979797979798), (116, 58.74747474747475), (117, 59.72727272727273), (118, 60.35353535353536), (119, 61.282828282828284), (120, 61.505050505050505), (121, 63.101010101010104), (122, 64.3030303030303), (123, 64.76767676767676), (124, 65.97979797979798), (125, 66.58585858585859), (126, 67.22222222222223), (127, 67.85858585858585), (128, 68.92929292929293), (129, 69.47474747474747), (130, 70.38383838383838), (131, 70.81818181818181), (132, 72.60606060606061), (133, 74.0), (134, 75.5050505050505), (135, 76.41414141414141), (136, 78.01010101010101), (137, 78.67676767676768), (138, 79.45454545454545), (139, 80.34343434343434), (140, 80.72727272727273), (141, 81.5050505050505), (142, 82.8080808080808), (143, 83.33333333333333), (144, 84.44444444444444), (145, 85.78787878787878), (146, 86.94949494949495), (147, 87.26262626262626), (148, 88.79797979797979), (149, 89.82828282828282), (150, 91.1919191919192), (151, 92.12121212121212), (152, 93.02020202020202), (153, 94.1919191919192), (154, 95.95959595959596), (155, 97.76767676767676), (156, 98.15151515151516), (157, 99.74747474747475), (158, 101.55555555555556), (159, 103.26262626262626), (160, 104.33333333333333), (161, 106.12121212121212), (162, 107.3030303030303), (163, 108.77777777777777), (164, 110.38383838383838), (165, 110.91919191919192), (166, 112.71717171717172), (167, 113.42424242424242), (168, 115.02020202020202), (169, 114.26262626262626), (170, 116.11111111111111), (171, 115.74747474747475), (172, 116.72727272727273), (173, 118.42424242424242), (174, 120.22222222222223), (175, 121.55555555555556), (176, 122.31313131313131), (177, 122.58585858585859), (178, 124.23232323232324), (179, 125.52525252525253), (180, 125.48484848484848), (181, 126.18181818181819), (182, 127.81818181818181), (183, 129.63636363636363), (184, 131.1919191919192), (185, 132.23232323232324), (186, 132.1010101010101), (187, 132.57575757575756), (188, 133.4848484848485), (189, 134.26262626262627), (190, 135.17171717171718), (191, 135.7979797979798), (192, 137.40404040404042), (193, 139.12121212121212), (194, 140.3838383838384), (195, 141.82828282828282), (196, 143.5252525252525), (197, 144.4949494949495), (198, 144.82828282828282), (199, 145.82828282828282), (200, 146.63636363636363), (201, 148.3939393939394), (202, 149.86868686868686), (203, 150.6060606060606), (204, 151.37373737373738), (205, 152.07070707070707), (206, 153.1818181818182), (207, 151.85858585858585), (208, 151.5050505050505), (209, 151.78787878787878), (210, 153.03030303030303), (211, 152.5151515151515), (212, 154.26262626262627), (213, 153.84848484848484), (214, 153.2828282828283), (215, 154.62626262626262), (216, 155.7070707070707), (217, 157.15151515151516), (218, 158.5151515151515), (219, 160.03030303030303), (220, 161.37373737373738), (221, 162.8989898989899), (222, 164.16161616161617), (223, 165.97979797979798), (224, 167.03030303030303), (225, 168.1010101010101), (226, 168.72727272727272), (227, 169.82828282828282), (228, 170.76767676767676), (229, 170.76767676767676), (230, 172.17171717171718), (231, 173.24242424242425), (232, 174.41414141414143), (233, 175.35353535353536), (234, 176.8181818181818), (235, 176.8181818181818), (236, 176.11111111111111), (237, 176.4949494949495), (238, 178.1919191919192), (239, 178.1919191919192), (240, 178.1919191919192), (241, 178.65656565656565), (242, 178.989898989899), (243, 180.27272727272728), (244, 180.27272727272728), (245, 180.27272727272728), (246, 180.54545454545453), (247, 180.54545454545453), (248, 179.5050505050505), (249, 180.67676767676767), (250, 180.67676767676767), (251, 180.88888888888889), (252, 180.88888888888889), (253, 180.88888888888889), (254, 181.83838383838383), (255, 182.08080808080808), (256, 181.92929292929293), (257, 183.2828282828283), (258, 183.53535353535352), (259, 183.62626262626262), (260, 183.23232323232324), (261, 183.44444444444446), (262, 183.3030303030303), (263, 183.0), (264, 183.85858585858585), (265, 183.4747474747475), (266, 183.4747474747475), (267, 183.4747474747475), (268, 183.4747474747475), (269, 182.59595959595958), (270, 182.59595959595958), (271, 182.40404040404042), (272, 181.6161616161616), (273, 182.07070707070707), (274, 182.07070707070707), (275, 182.44444444444446), (276, 182.44444444444446), (277, 182.42424242424244), (278, 182.42424242424244), (279, 182.42424242424244), (280, 182.7979797979798), (281, 182.7979797979798), (282, 181.35353535353536), (283, 181.35353535353536), (284, 181.8080808080808), (285, 182.8181818181818), (286, 184.07070707070707), (287, 182.74747474747474), (288, 182.74747474747474), (289, 181.8989898989899), (290, 181.8989898989899), (291, 181.7979797979798), (292, 181.7979797979798), (293, 181.93939393939394), (294, 181.75757575757575), (295, 182.62626262626262), (296, 183.84848484848484), (297, 185.08080808080808), (298, 186.67676767676767), (299, 186.63636363636363), (300, 186.63636363636363), (301, 186.63636363636363), (302, 187.07070707070707), (303, 186.7070707070707), (304, 186.0909090909091), (305, 185.88888888888889), (306, 184.56565656565655), (307, 184.56565656565655), (308, 183.77777777777777), (309, 184.2929292929293), (310, 184.07070707070707), (311, 182.32323232323233), (312, 182.32323232323233), (313, 182.87878787878788), (314, 181.40404040404042), (315, 180.41414141414143), (316, 180.41414141414143), (317, 180.41414141414143), (318, 180.34343434343435), (319, 181.5252525252525), (320, 182.13131313131314), (321, 181.35353535353536), (322, 181.0), (323, 180.72727272727272), (324, 181.25252525252526), (325, 181.15151515151516), (326, 182.13131313131314), (327, 182.84848484848484), (328, 184.25252525252526), (329, 184.85858585858585), (330, 184.11111111111111), (331, 185.14141414141415), (332, 185.65656565656565), (333, 185.65656565656565), (334, 185.65656565656565), (335, 185.87878787878788), (336, 185.87878787878788), (337, 187.15151515151516), (338, 187.85858585858585), (339, 188.31313131313132), (340, 188.31313131313132), (341, 188.31313131313132), (342, 188.31313131313132), (343, 188.31313131313132), (344, 188.37373737373738), (345, 188.37373737373738), (346, 188.75757575757575), (347, 188.86868686868686), (348, 188.43434343434345), (349, 189.82828282828282), (350, 189.82828282828282), (351, 189.989898989899), (352, 189.989898989899), (353, 190.32323232323233), (354, 191.22222222222223), (355, 191.88888888888889), (356, 192.010101010101), (357, 192.14141414141415), (358, 192.14141414141415), (359, 193.0), (360, 193.4848484848485), (361, 193.4848484848485), (362, 193.4848484848485), (363, 193.58585858585857), (364, 193.95959595959596), (365, 194.15151515151516), (366, 194.15151515151516), (367, 194.15151515151516), (368, 194.15151515151516), (369, 194.4949494949495), (370, 194.4949494949495), (371, 194.9090909090909), (372, 194.9090909090909), (373, 194.9090909090909), (374, 194.9090909090909), (375, 194.78787878787878), (376, 194.78787878787878), (377, 194.33333333333334), (378, 194.33333333333334), (379, 194.33333333333334), (380, 194.08080808080808), (381, 193.8989898989899), (382, 193.8989898989899), (383, 193.8989898989899), (384, 194.1010101010101), (385, 194.1010101010101), (386, 194.1010101010101), (387, 194.1010101010101), (388, 193.32323232323233), (389, 192.010101010101), (390, 192.010101010101), (391, 192.010101010101), (392, 192.31313131313132), (393, 192.72727272727272), (394, 192.72727272727272), (395, 192.72727272727272), (396, 192.72727272727272), (397, 192.72727272727272), (398, 192.72727272727272), (399, 192.72727272727272), (400, 194.13131313131314), (401, 194.13131313131314), (402, 194.13131313131314), (403, 195.0), (404, 195.0), (405, 195.0), (406, 194.32323232323233), (407, 194.32323232323233), (408, 194.32323232323233), (409, 193.75757575757575), (410, 193.75757575757575), (411, 193.75757575757575), (412, 193.3030303030303), (413, 193.3030303030303), (414, 193.3030303030303), (415, 193.3030303030303), (416, 193.3030303030303), (417, 193.3030303030303), (418, 193.3030303030303), (419, 193.3030303030303), (420, 193.3030303030303), (421, 193.3030303030303), (422, 193.40404040404042), (423, 193.40404040404042), (424, 193.40404040404042), (425, 193.40404040404042), (426, 193.40404040404042), (427, 193.40404040404042), (428, 192.4848484848485), (429, 193.23232323232324), (430, 192.05050505050505), (431, 192.4747474747475), (432, 192.4747474747475), (433, 192.4747474747475), (434, 192.4747474747475), (435, 192.4747474747475), (436, 192.4747474747475), (437, 192.4747474747475), (438, 192.4747474747475), (439, 192.4747474747475), (440, 192.4747474747475), (441, 192.5050505050505), (442, 192.5050505050505), (443, 193.22222222222223), (444, 193.41414141414143), (445, 194.3838383838384), (446, 194.3838383838384), (447, 194.85858585858585), (448, 194.85858585858585), (449, 194.85858585858585), (450, 195.4848484848485), (451, 195.4848484848485), (452, 195.4848484848485), (453, 195.4848484848485), (454, 195.4848484848485), (455, 195.88888888888889), (456, 195.88888888888889), (457, 196.1919191919192), (458, 196.1919191919192), (459, 196.1919191919192), (460, 196.1919191919192), (461, 196.75757575757575), (462, 197.2929292929293), (463, 197.2929292929293), (464, 197.2929292929293), (465, 197.2929292929293), (466, 197.2929292929293), (467, 197.2929292929293), (468, 197.2929292929293), (469, 197.2929292929293), (470, 198.2828282828283), (471, 198.2828282828283), (472, 198.2828282828283), (473, 198.2828282828283), (474, 198.2828282828283), (475, 198.2828282828283), (476, 198.2828282828283), (477, 198.2828282828283), (478, 197.72727272727272), (479, 196.56565656565655), (480, 195.4747474747475), (481, 195.4747474747475), (482, 195.4747474747475), (483, 195.4747474747475), (484, 195.4747474747475), (485, 195.4747474747475), (486, 195.4747474747475), (487, 195.4747474747475), (488, 195.4747474747475), (489, 195.43434343434345), (490, 195.43434343434345), (491, 195.05050505050505), (492, 195.12121212121212), (493, 194.7070707070707), (494, 194.7070707070707), (495, 194.7070707070707), (496, 194.7070707070707), (497, 194.7070707070707), (498, 194.83838383838383), (499, 194.83838383838383), (500, 194.83838383838383), (501, 195.5252525252525), (502, 195.5252525252525), (503, 195.5252525252525), (504, 195.989898989899), (505, 196.0), (506, 196.0), (507, 196.0), (508, 196.0), (509, 196.13131313131314), (510, 196.13131313131314), (511, 196.40404040404042), (512, 196.40404040404042), (513, 196.40404040404042), (514, 196.40404040404042), (515, 196.40404040404042), (516, 196.40404040404042), (517, 196.40404040404042), (518, 196.40404040404042), (519, 196.40404040404042), (520, 196.40404040404042), (521, 196.40404040404042), (522, 196.40404040404042), (523, 196.40404040404042), (524, 196.40404040404042), (525, 196.40404040404042), (526, 196.40404040404042), (527, 197.32323232323233), (528, 197.32323232323233), (529, 198.5050505050505), (530, 198.33333333333334), (531, 198.33333333333334), (532, 198.33333333333334), (533, 198.33333333333334), (534, 198.33333333333334), (535, 198.33333333333334), (536, 198.33333333333334), (537, 198.33333333333334), (538, 197.8080808080808), (539, 197.8080808080808), (540, 197.8080808080808), (541, 198.8080808080808), (542, 198.8080808080808), (543, 198.8080808080808), (544, 198.8080808080808), (545, 198.8080808080808), (546, 198.4848484848485), (547, 198.4848484848485), (548, 198.4848484848485), (549, 198.8080808080808), (550, 198.94949494949495), (551, 198.94949494949495), (552, 198.94949494949495), (553, 198.94949494949495), (554, 198.4949494949495), (555, 198.4949494949495), (556, 198.4949494949495), (557, 198.4949494949495), (558, 198.54545454545453), (559, 198.35353535353536), (560, 198.35353535353536), (561, 198.35353535353536), (562, 198.35353535353536), (563, 198.35353535353536), (564, 198.35353535353536), (565, 198.3838383838384), (566, 198.3838383838384), (567, 198.3838383838384), (568, 198.3838383838384), (569, 198.3838383838384), (570, 198.3838383838384), (571, 198.3838383838384), (572, 198.3838383838384), (573, 198.3838383838384), (574, 198.3838383838384), (575, 198.3838383838384), (576, 198.3838383838384), (577, 198.1818181818182), (578, 198.1818181818182), (579, 198.1818181818182), (580, 198.1818181818182), (581, 198.1818181818182), (582, 198.1818181818182), (583, 198.1818181818182), (584, 198.1010101010101), (585, 197.5252525252525), (586, 197.5252525252525), (587, 197.5252525252525), (588, 197.5252525252525), (589, 197.5252525252525), (590, 197.5252525252525), (591, 197.5252525252525), (592, 197.5252525252525), (593, 197.2020202020202), (594, 197.2020202020202), (595, 197.2020202020202), (596, 197.2020202020202), (597, 197.2020202020202), (598, 197.14141414141415), (599, 196.83838383838383), (600, 197.59595959595958), (601, 197.59595959595958), (602, 197.59595959595958), (603, 197.59595959595958), (604, 197.59595959595958), (605, 197.59595959595958), (606, 197.59595959595958), (607, 197.8080808080808), (608, 197.7070707070707), (609, 197.58585858585857), (610, 197.58585858585857), (611, 197.58585858585857), (612, 197.58585858585857), (613, 197.37373737373738), (614, 197.37373737373738), (615, 197.37373737373738), (616, 197.23232323232324), (617, 197.23232323232324), (618, 197.23232323232324), (619, 197.23232323232324), (620, 197.23232323232324), (621, 197.23232323232324), (622, 196.84848484848484), (623, 196.84848484848484), (624, 196.84848484848484), (625, 196.84848484848484), (626, 196.84848484848484), (627, 196.84848484848484), (628, 196.84848484848484), (629, 196.84848484848484), (630, 196.84848484848484), (631, 196.84848484848484), (632, 196.84848484848484), (633, 197.75757575757575), (634, 197.75757575757575), (635, 197.75757575757575), (636, 197.75757575757575), (637, 197.75757575757575), (638, 197.75757575757575), (639, 196.84848484848484), (640, 196.84848484848484), (641, 196.84848484848484), (642, 196.84848484848484), (643, 196.84848484848484), (644, 196.84848484848484), (645, 196.84848484848484), (646, 196.84848484848484), (647, 196.84848484848484), (648, 196.84848484848484), (649, 196.84848484848484), (650, 196.84848484848484), (651, 196.84848484848484), (652, 196.84848484848484), (653, 197.77777777777777), (654, 197.77777777777777), (655, 197.77777777777777), (656, 197.77777777777777), (657, 197.77777777777777), (658, 197.77777777777777), (659, 197.77777777777777), (660, 197.77777777777777), (661, 197.77777777777777), (662, 197.92929292929293), (663, 197.95959595959596), (664, 197.95959595959596), (665, 197.95959595959596), (666, 197.95959595959596), (667, 197.95959595959596), (668, 197.95959595959596), (669, 197.95959595959596), (670, 197.95959595959596), (671, 197.95959595959596), (672, 197.95959595959596), (673, 197.95959595959596), (674, 197.95959595959596), (675, 197.95959595959596), (676, 197.95959595959596), (677, 197.6969696969697), (678, 197.6969696969697), (679, 197.6969696969697), (680, 197.6969696969697), (681, 197.6969696969697), (682, 197.6969696969697), (683, 197.77777777777777), (684, 198.35353535353536), (685, 198.35353535353536), (686, 198.35353535353536), (687, 198.35353535353536), (688, 198.35353535353536), (689, 198.35353535353536), (690, 198.35353535353536), (691, 198.35353535353536), (692, 198.67676767676767), (693, 198.67676767676767), (694, 198.67676767676767), (695, 198.67676767676767), (696, 198.67676767676767), (697, 198.73737373737373), (698, 199.04040404040404), (699, 199.04040404040404), (700, 199.04040404040404), (701, 199.04040404040404), (702, 199.04040404040404), (703, 199.04040404040404), (704, 199.04040404040404), (705, 199.04040404040404), (706, 199.04040404040404), (707, 199.14141414141415), (708, 199.26262626262627), (709, 199.26262626262627), (710, 199.26262626262627), (711, 199.26262626262627), (712, 199.4747474747475), (713, 199.4747474747475), (714, 199.4747474747475), (715, 199.6161616161616), (716, 199.6161616161616), (717, 199.6161616161616), (718, 199.6161616161616), (719, 199.6161616161616), (720, 199.6161616161616), (721, 200.0), (722, 200.0), (723, 200.0), (724, 200.0), (725, 200.0), (726, 200.0), (727, 200.0), (728, 200.0), (729, 200.0), (730, 200.0), (731, 200.0), (732, 200.0), (733, 200.0), (734, 200.0), (735, 200.0), (736, 200.0), (737, 200.0), (738, 200.0), (739, 200.0), (740, 200.0), (741, 200.0), (742, 200.0), (743, 200.0), (744, 200.0), (745, 200.0), (746, 200.0), (747, 200.0), (748, 200.0), (749, 200.0), (750, 200.0), (751, 200.0), (752, 200.0), (753, 200.0), (754, 200.0), (755, 200.0), (756, 200.0), (757, 200.0), (758, 200.0), (759, 200.0), (760, 200.0), (761, 200.0), (762, 200.0), (763, 200.0), (764, 200.0), (765, 200.0), (766, 200.0), (767, 200.0), (768, 200.0), (769, 200.0), (770, 200.0), (771, 200.0), (772, 200.0), (773, 200.0), (774, 200.0), (775, 200.0), (776, 200.0), (777, 200.0), (778, 200.0), (779, 200.0), (780, 200.0), (781, 200.0), (782, 200.0), (783, 200.0), (784, 200.0), (785, 200.0), (786, 200.0), (787, 200.0), (788, 200.0), (789, 200.0), (790, 200.0), (791, 200.0), (792, 200.0), (793, 200.0), (794, 200.0), (795, 200.0), (796, 200.0), (797, 200.0), (798, 200.0), (799, 200.0), (800, 200.0), (801, 200.0), (802, 200.0), (803, 200.0), (804, 200.0), (805, 200.0), (806, 200.0), (807, 200.0), (808, 200.0), (809, 200.0), (810, 200.0), (811, 200.0), (812, 200.0), (813, 200.0), (814, 200.0), (815, 200.0), (816, 200.0), (817, 200.0), (818, 200.0), (819, 200.0), (820, 200.0), (821, 200.0), (822, 200.0), (823, 200.0), (824, 200.0), (825, 200.0), (826, 200.0), (827, 200.0), (828, 200.0), (829, 200.0), (830, 200.0), (831, 200.0), (832, 200.0), (833, 200.0), (834, 200.0), (835, 200.0), (836, 200.0), (837, 200.0), (838, 200.0), (839, 200.0), (840, 200.0), (841, 200.0), (842, 200.0), (843, 200.0), (844, 200.0), (845, 200.0), (846, 200.0), (847, 200.0), (848, 200.0), (849, 200.0), (850, 200.0), (851, 200.0), (852, 200.0), (853, 200.0), (854, 200.0), (855, 200.0), (856, 200.0), (857, 200.0), (858, 200.0), (859, 200.0), (860, 200.0), (861, 200.0), (862, 200.0), (863, 200.0), (864, 200.0), (865, 200.0), (866, 200.0), (867, 200.0), (868, 200.0), (869, 200.0), (870, 200.0), (871, 200.0), (872, 200.0), (873, 200.0), (874, 200.0), (875, 200.0), (876, 200.0), (877, 200.0), (878, 200.0), (879, 200.0), (880, 200.0), (881, 200.0), (882, 200.0), (883, 200.0), (884, 200.0), (885, 200.0), (886, 200.0), (887, 200.0), (888, 200.0), (889, 200.0), (890, 200.0), (891, 200.0), (892, 200.0), (893, 200.0), (894, 200.0), (895, 200.0), (896, 200.0), (897, 200.0), (898, 200.0), (899, 200.0), (900, 200.0), (901, 200.0), (902, 200.0), (903, 200.0), (904, 200.0), (905, 200.0), (906, 200.0), (907, 200.0), (908, 200.0), (909, 200.0), (910, 200.0), (911, 200.0), (912, 200.0), (913, 200.0), (914, 200.0), (915, 200.0), (916, 200.0), (917, 200.0), (918, 200.0), (919, 200.0), (920, 200.0), (921, 200.0), (922, 200.0), (923, 200.0), (924, 200.0), (925, 200.0), (926, 200.0), (927, 200.0), (928, 200.0), (929, 200.0), (930, 200.0), (931, 200.0), (932, 200.0), (933, 200.0), (934, 200.0), (935, 200.0), (936, 200.0), (937, 200.0), (938, 200.0), (939, 200.0), (940, 200.0), (941, 200.0), (942, 199.46464646464648), (943, 199.46464646464648), (944, 199.46464646464648), (945, 199.46464646464648), (946, 199.46464646464648), (947, 199.46464646464648), (948, 199.46464646464648), (949, 199.46464646464648), (950, 199.46464646464648), (951, 199.46464646464648), (952, 199.46464646464648), (953, 199.46464646464648), (954, 199.0909090909091), (955, 199.0909090909091), (956, 199.0909090909091), (957, 199.0909090909091), (958, 199.0909090909091), (959, 199.0909090909091), (960, 199.0909090909091), (961, 199.0909090909091), (962, 199.0909090909091), (963, 199.0909090909091), (964, 199.0909090909091), (965, 199.0909090909091), (966, 199.0909090909091), (967, 199.0909090909091), (968, 199.88888888888889), (969, 199.88888888888889), (970, 200.0), (971, 200.0), (972, 200.0), (973, 200.0), (974, 200.0), (975, 200.0), (976, 200.0), (977, 200.0), (978, 200.0), (979, 200.0), (980, 200.0), (981, 200.0), (982, 200.0), (983, 200.0), (984, 200.0), (985, 200.0), (986, 200.0), (987, 200.0), (988, 200.0), (989, 200.0), (990, 200.0), (991, 200.0), (992, 200.0), (993, 200.0), (994, 200.0), (995, 200.0), (996, 200.0), (997, 200.0), (998, 200.0), (999, 200.0), (1000, 200.0), (1001, 200.0), (1002, 200.0), (1003, 200.0), (1004, 200.0), (1005, 200.0), (1006, 200.0), (1007, 200.0), (1008, 200.0), (1009, 200.0), (1010, 200.0), (1011, 200.0), (1012, 200.0), (1013, 200.0), (1014, 200.0), (1015, 200.0), (1016, 200.0), (1017, 200.0), (1018, 200.0), (1019, 200.0), (1020, 200.0), (1021, 200.0), (1022, 200.0), (1023, 200.0), (1024, 200.0), (1025, 200.0), (1026, 200.0), (1027, 200.0), (1028, 200.0), (1029, 200.0), (1030, 198.84848484848484), (1031, 198.84848484848484), (1032, 198.84848484848484), (1033, 198.84848484848484), (1034, 198.84848484848484), (1035, 198.84848484848484), (1036, 198.84848484848484), (1037, 198.84848484848484), (1038, 198.84848484848484), (1039, 198.84848484848484), (1040, 198.84848484848484), (1041, 198.84848484848484), (1042, 198.23232323232324), (1043, 198.23232323232324), (1044, 198.23232323232324), (1045, 198.23232323232324), (1046, 198.23232323232324), (1047, 198.23232323232324), (1048, 198.23232323232324), (1049, 198.23232323232324), (1050, 198.23232323232324), (1051, 198.23232323232324), (1052, 198.23232323232324), (1053, 198.23232323232324), (1054, 198.23232323232324), (1055, 198.23232323232324), (1056, 198.23232323232324), (1057, 198.23232323232324), (1058, 198.23232323232324), (1059, 198.23232323232324), (1060, 198.23232323232324), (1061, 197.7979797979798), (1062, 197.6060606060606), (1063, 197.6060606060606), (1064, 197.6060606060606), (1065, 197.6060606060606), (1066, 197.6060606060606), (1067, 197.6060606060606), (1068, 197.6060606060606), (1069, 197.6060606060606), (1070, 197.6060606060606), (1071, 197.6060606060606), (1072, 197.4747474747475), (1073, 197.4747474747475), (1074, 197.4747474747475), (1075, 197.08080808080808), (1076, 197.08080808080808), (1077, 196.44444444444446), (1078, 195.7070707070707), (1079, 195.11111111111111), (1080, 195.11111111111111), (1081, 195.11111111111111), (1082, 195.11111111111111), (1083, 195.11111111111111), (1084, 195.2828282828283), (1085, 195.44444444444446), (1086, 195.44444444444446), (1087, 196.17171717171718), (1088, 196.17171717171718), (1089, 196.17171717171718), (1090, 196.17171717171718), (1091, 196.17171717171718), (1092, 196.17171717171718), (1093, 195.7171717171717), (1094, 195.7171717171717), (1095, 195.7171717171717), (1096, 195.85858585858585), (1097, 195.85858585858585), (1098, 195.85858585858585), (1099, 195.85858585858585), (1100, 195.85858585858585), (1101, 195.85858585858585), (1102, 195.85858585858585), (1103, 195.85858585858585), (1104, 195.85858585858585), (1105, 196.26262626262627), (1106, 196.26262626262627), (1107, 196.26262626262627), (1108, 196.75757575757575), (1109, 196.75757575757575), (1110, 196.75757575757575), (1111, 196.75757575757575), (1112, 196.75757575757575), (1113, 196.75757575757575), (1114, 196.75757575757575), (1115, 196.86868686868686), (1116, 196.86868686868686), (1117, 196.86868686868686), (1118, 196.86868686868686), (1119, 196.86868686868686), (1120, 196.86868686868686), (1121, 196.86868686868686), (1122, 196.86868686868686), (1123, 196.86868686868686), (1124, 196.86868686868686), (1125, 196.86868686868686), (1126, 196.4747474747475), (1127, 196.53535353535352), (1128, 196.53535353535352), (1129, 196.53535353535352), (1130, 196.53535353535352), (1131, 196.53535353535352), (1132, 196.53535353535352), (1133, 196.53535353535352), (1134, 196.14141414141415), (1135, 197.04040404040404), (1136, 197.42424242424244), (1137, 197.42424242424244), (1138, 197.42424242424244), (1139, 196.75757575757575), (1140, 196.75757575757575), (1141, 196.4747474747475), (1142, 197.65656565656565), (1143, 197.75757575757575), (1144, 197.11111111111111), (1145, 197.11111111111111), (1146, 197.11111111111111), (1147, 196.59595959595958), (1148, 196.59595959595958), (1149, 196.59595959595958), (1150, 196.59595959595958), (1151, 196.21212121212122), (1152, 196.21212121212122), (1153, 196.21212121212122), (1154, 195.87878787878788), (1155, 195.65656565656565), (1156, 195.06060606060606), (1157, 194.64646464646464), (1158, 194.64646464646464), (1159, 194.24242424242425), (1160, 193.5050505050505), (1161, 193.3030303030303), (1162, 193.3030303030303), (1163, 192.58585858585857), (1164, 192.58585858585857), (1165, 192.58585858585857), (1166, 192.58585858585857), (1167, 192.55555555555554), (1168, 192.55555555555554), (1169, 192.55555555555554), (1170, 192.06060606060606), (1171, 192.06060606060606), (1172, 192.06060606060606), (1173, 193.64646464646464), (1174, 193.64646464646464), (1175, 193.64646464646464), (1176, 193.64646464646464), (1177, 193.64646464646464), (1178, 193.64646464646464), (1179, 194.26262626262627), (1180, 195.2828282828283), (1181, 195.2828282828283), (1182, 195.2828282828283), (1183, 195.2828282828283), (1184, 195.2828282828283), (1185, 195.2828282828283), (1186, 195.2828282828283), (1187, 195.2828282828283), (1188, 196.11111111111111), (1189, 196.11111111111111), (1190, 197.41414141414143), (1191, 195.94949494949495), (1192, 195.94949494949495), (1193, 195.94949494949495), (1194, 195.94949494949495), (1195, 195.94949494949495), (1196, 195.94949494949495), (1197, 196.66666666666666), (1198, 196.66666666666666), (1199, 197.1919191919192), (1200, 197.1919191919192), (1201, 197.1919191919192), (1202, 197.1919191919192), (1203, 197.1919191919192), (1204, 197.1919191919192), (1205, 197.1919191919192), (1206, 197.1919191919192), (1207, 197.1919191919192), (1208, 197.1919191919192), (1209, 197.1919191919192), (1210, 197.1919191919192), (1211, 197.1919191919192), (1212, 197.1919191919192), (1213, 197.1919191919192), (1214, 197.1919191919192), (1215, 197.1919191919192), (1216, 197.1919191919192), (1217, 197.1919191919192), (1218, 197.1919191919192), (1219, 197.1919191919192), (1220, 197.1919191919192), (1221, 197.1919191919192), (1222, 197.1919191919192), (1223, 197.1919191919192), (1224, 197.1919191919192), (1225, 197.1919191919192), (1226, 197.1919191919192), (1227, 197.1919191919192), (1228, 197.1919191919192), (1229, 197.1919191919192), (1230, 197.1919191919192), (1231, 197.1919191919192), (1232, 197.1919191919192), (1233, 197.1919191919192), (1234, 197.1919191919192), (1235, 197.1919191919192), (1236, 197.1919191919192), (1237, 197.1919191919192), (1238, 197.1919191919192), (1239, 197.1919191919192), (1240, 197.1919191919192), (1241, 197.1919191919192), (1242, 197.1919191919192), (1243, 197.1919191919192), (1244, 197.08080808080808), (1245, 197.08080808080808), (1246, 197.08080808080808), (1247, 195.58585858585857), (1248, 195.58585858585857), (1249, 195.58585858585857), (1250, 195.58585858585857), (1251, 195.58585858585857), (1252, 195.58585858585857), (1253, 195.58585858585857), (1254, 195.58585858585857), (1255, 195.58585858585857), (1256, 195.58585858585857), (1257, 195.58585858585857), (1258, 195.58585858585857), (1259, 195.58585858585857), (1260, 195.58585858585857), (1261, 196.22222222222223), (1262, 196.22222222222223), (1263, 196.22222222222223), (1264, 196.22222222222223), (1265, 196.22222222222223), (1266, 196.22222222222223), (1267, 196.22222222222223), (1268, 196.22222222222223), (1269, 196.22222222222223), (1270, 196.22222222222223), (1271, 196.22222222222223), (1272, 194.97979797979798), (1273, 194.97979797979798), (1274, 193.57575757575756), (1275, 193.57575757575756), (1276, 193.57575757575756), (1277, 193.57575757575756), (1278, 193.57575757575756), (1279, 193.57575757575756), (1280, 193.57575757575756), (1281, 193.57575757575756), (1282, 193.57575757575756), (1283, 193.57575757575756), (1284, 193.57575757575756), (1285, 193.57575757575756), (1286, 193.57575757575756), (1287, 194.2828282828283), (1288, 194.2828282828283), (1289, 194.2828282828283), (1290, 194.1010101010101), (1291, 194.1010101010101), (1292, 194.1010101010101), (1293, 193.44444444444446), (1294, 193.44444444444446), (1295, 193.44444444444446), (1296, 193.44444444444446), (1297, 193.44444444444446), (1298, 193.44444444444446), (1299, 193.44444444444446), (1300, 193.44444444444446), (1301, 192.45454545454547), (1302, 192.45454545454547), (1303, 192.45454545454547), (1304, 192.77777777777777), (1305, 193.31313131313132), (1306, 193.31313131313132), (1307, 193.5252525252525), (1308, 193.36363636363637), (1309, 194.0), (1310, 194.64646464646464), (1311, 195.11111111111111), (1312, 195.41414141414143), (1313, 195.41414141414143), (1314, 195.7171717171717), (1315, 195.7171717171717), (1316, 195.40404040404042), (1317, 195.40404040404042), (1318, 195.40404040404042), (1319, 195.7979797979798), (1320, 195.94949494949495), (1321, 195.94949494949495), (1322, 195.77777777777777), (1323, 196.0909090909091), (1324, 196.0909090909091), (1325, 195.73737373737373), (1326, 195.73737373737373), (1327, 195.73737373737373), (1328, 195.73737373737373), (1329, 195.6969696969697), (1330, 196.0), (1331, 196.0), (1332, 196.41414141414143), (1333, 196.83838383838383), (1334, 196.83838383838383), (1335, 196.96969696969697), (1336, 196.8080808080808), (1337, 196.8080808080808), (1338, 196.33333333333334), (1339, 196.33333333333334), (1340, 196.33333333333334), (1341, 196.33333333333334), (1342, 196.33333333333334), (1343, 196.33333333333334), (1344, 196.33333333333334), (1345, 196.33333333333334), (1346, 196.33333333333334), (1347, 196.33333333333334), (1348, 196.33333333333334), (1349, 196.33333333333334), (1350, 196.08080808080808), (1351, 196.08080808080808), (1352, 196.08080808080808), (1353, 196.08080808080808), (1354, 196.08080808080808), (1355, 195.42424242424244), (1356, 195.42424242424244), (1357, 195.42424242424244), (1358, 195.42424242424244), (1359, 195.42424242424244), (1360, 195.42424242424244), (1361, 195.0), (1362, 194.8989898989899), (1363, 194.8989898989899), (1364, 194.8989898989899), (1365, 194.8989898989899), (1366, 194.8989898989899), (1367, 194.8989898989899), (1368, 194.8989898989899), (1369, 195.35353535353536), (1370, 194.85858585858585), (1371, 194.85858585858585), (1372, 194.85858585858585), (1373, 195.73737373737373), (1374, 195.73737373737373), (1375, 195.73737373737373), (1376, 195.73737373737373), (1377, 195.73737373737373), (1378, 195.73737373737373), (1379, 195.73737373737373), (1380, 195.73737373737373), (1381, 195.73737373737373), (1382, 195.73737373737373), (1383, 195.73737373737373), (1384, 195.73737373737373), (1385, 195.73737373737373), (1386, 195.73737373737373), (1387, 195.73737373737373), (1388, 195.73737373737373), (1389, 197.3838383838384), (1390, 197.3838383838384), (1391, 197.3838383838384), (1392, 198.04040404040404), (1393, 198.04040404040404), (1394, 198.04040404040404), (1395, 198.04040404040404), (1396, 198.04040404040404), (1397, 198.04040404040404), (1398, 198.04040404040404), (1399, 198.04040404040404), (1400, 199.03030303030303), (1401, 199.03030303030303), (1402, 199.03030303030303)]
