<class 'gym.envs.classic_control.cartpole.CartPoleEnv'>
Iteration 0 avg reward 45.000000
Iteration 100 avg reward 94.929293
Iteration 200 avg reward 138.777778
Iteration 300 avg reward 173.989899
Iteration 400 avg reward 186.929293
Iteration 500 avg reward 192.939394
Iteration 600 avg reward 194.010101
Iteration 700 avg reward 195.979798
Iteration 800 avg reward 193.808081
Iteration 900 avg reward 198.292929
Iteration 1000 avg reward 197.888889
Iteration 1100 avg reward 199.050505
Iteration 1200 avg reward 199.989899
Iteration 1300 avg reward 200.000000
Iteration 1400 avg reward 199.464646
[(0, 45.0), (1, 34.0), (2, 47.666666666666664), (3, 47.25), (4, 41.4), (5, 38.166666666666664), (6, 35.0), (7, 35.125), (8, 35.0), (9, 35.1), (10, 34.0), (11, 32.916666666666664), (12, 33.38461538461539), (13, 36.214285714285715), (14, 37.333333333333336), (15, 36.3125), (16, 35.11764705882353), (17, 37.27777777777778), (18, 38.421052631578945), (19, 37.6), (20, 38.333333333333336), (21, 38.31818181818182), (22, 38.47826086956522), (23, 38.791666666666664), (24, 39.0), (25, 38.34615384615385), (26, 38.925925925925924), (27, 39.5), (28, 40.44827586206897), (29, 40.266666666666666), (30, 41.38709677419355), (31, 41.5625), (32, 40.90909090909091), (33, 41.14705882352941), (34, 40.714285714285715), (35, 40.97222222222222), (36, 41.432432432432435), (37, 41.89473684210526), (38, 42.38461538461539), (39, 42.0), (40, 42.8780487804878), (41, 42.357142857142854), (42, 43.906976744186046), (43, 46.56818181818182), (44, 46.17777777777778), (45, 45.58695652173913), (46, 45.702127659574465), (47, 46.125), (48, 45.53061224489796), (49, 48.62), (50, 48.627450980392155), (51, 49.48076923076923), (52, 51.528301886792455), (53, 52.574074074074076), (54, 53.07272727272727), (55, 53.160714285714285), (56, 53.526315789473685), (57, 55.03448275862069), (58, 56.28813559322034), (59, 56.96666666666667), (60, 56.459016393442624), (61, 56.483870967741936), (62, 58.317460317460316), (63, 60.09375), (64, 60.86153846153846), (65, 61.22727272727273), (66, 61.134328358208954), (67, 60.94117647058823), (68, 61.26086956521739), (69, 63.24285714285714), (70, 63.80281690140845), (71, 64.41666666666667), (72, 64.47945205479452), (73, 64.63513513513513), (74, 65.86666666666666), (75, 66.30263157894737), (76, 67.03896103896103), (77, 68.7051282051282), (78, 69.65822784810126), (79, 71.2875), (80, 72.87654320987654), (81, 73.39024390243902), (82, 74.91566265060241), (83, 76.07142857142857), (84, 77.52941176470588), (85, 78.12790697674419), (86, 79.39080459770115), (87, 80.76136363636364), (88, 82.10112359550561), (89, 83.32222222222222), (90, 84.6043956043956), (91, 85.8586956521739), (92, 86.16129032258064), (93, 87.15957446808511), (94, 87.03157894736842), (95, 88.15625), (96, 89.30927835051547), (97, 90.37755102040816), (98, 91.24242424242425), (99, 93.08080808080808), (100, 94.92929292929293), (101, 96.63636363636364), (102, 97.96969696969697), (103, 98.17171717171718), (104, 100.01010101010101), (105, 100.75757575757575), (106, 101.63636363636364), (107, 102.51515151515152), (108, 104.20202020202021), (109, 105.57575757575758), (110, 105.75757575757575), (111, 106.3030303030303), (112, 106.52525252525253), (113, 106.82828282828282), (114, 108.23232323232324), (115, 108.34343434343434), (116, 110.02020202020202), (117, 111.28282828282828), (118, 112.36363636363636), (119, 113.61616161616162), (120, 114.27272727272727), (121, 115.51515151515152), (122, 117.28282828282828), (123, 118.37373737373737), (124, 118.51515151515152), (125, 119.57575757575758), (126, 118.97979797979798), (127, 120.32323232323232), (128, 120.98989898989899), (129, 121.85858585858585), (130, 121.72727272727273), (131, 123.0), (132, 124.14141414141415), (133, 125.04040404040404), (134, 125.23232323232324), (135, 126.57575757575758), (136, 128.010101010101), (137, 129.32323232323233), (138, 129.17171717171718), (139, 130.2929292929293), (140, 132.1010101010101), (141, 131.9090909090909), (142, 131.8989898989899), (143, 132.67676767676767), (144, 133.72727272727272), (145, 133.8080808080808), (146, 134.4848484848485), (147, 135.12121212121212), (148, 135.12121212121212), (149, 136.22222222222223), (150, 137.27272727272728), (151, 137.58585858585857), (152, 137.35353535353536), (153, 138.05050505050505), (154, 138.67676767676767), (155, 138.55555555555554), (156, 139.15151515151516), (157, 139.1919191919192), (158, 139.24242424242425), (159, 141.0), (160, 141.21212121212122), (161, 139.8080808080808), (162, 139.4949494949495), (163, 138.85858585858585), (164, 139.2020202020202), (165, 139.4949494949495), (166, 139.78787878787878), (167, 140.0), (168, 138.6969696969697), (169, 139.44444444444446), (170, 139.40404040404042), (171, 139.3838383838384), (172, 139.1010101010101), (173, 138.5151515151515), (174, 138.74747474747474), (175, 137.86868686868686), (176, 136.02020202020202), (177, 135.84848484848484), (178, 134.3838383838384), (179, 134.54545454545453), (180, 134.3030303030303), (181, 135.26262626262627), (182, 135.03030303030303), (183, 135.58585858585857), (184, 136.91919191919192), (185, 135.83838383838383), (186, 135.7171717171717), (187, 135.4949494949495), (188, 136.13131313131314), (189, 136.40404040404042), (190, 136.5151515151515), (191, 135.40404040404042), (192, 135.87878787878788), (193, 136.32323232323233), (194, 136.66666666666666), (195, 137.06060606060606), (196, 136.2828282828283), (197, 137.06060606060606), (198, 137.0), (199, 137.72727272727272), (200, 138.77777777777777), (201, 138.97979797979798), (202, 138.72727272727272), (203, 139.25252525252526), (204, 139.25252525252526), (205, 139.26262626262627), (206, 139.21212121212122), (207, 139.0), (208, 138.5252525252525), (209, 137.9090909090909), (210, 138.16161616161617), (211, 138.4848484848485), (212, 137.92929292929293), (213, 137.2020202020202), (214, 137.68686868686868), (215, 138.12121212121212), (216, 138.0), (217, 138.25252525252526), (218, 138.6161616161616), (219, 138.7171717171717), (220, 138.68686868686868), (221, 138.8181818181818), (222, 139.46464646464648), (223, 139.4848484848485), (224, 140.4747474747475), (225, 141.4949494949495), (226, 141.41414141414143), (227, 141.25252525252526), (228, 140.62626262626262), (229, 140.87878787878788), (230, 141.7171717171717), (231, 142.65656565656565), (232, 143.16161616161617), (233, 142.8989898989899), (234, 143.6060606060606), (235, 144.46464646464648), (236, 144.3838383838384), (237, 145.37373737373738), (238, 145.41414141414143), (239, 146.1010101010101), (240, 145.8080808080808), (241, 146.03030303030303), (242, 147.35353535353536), (243, 148.63636363636363), (244, 148.33333333333334), (245, 148.4747474747475), (246, 148.91919191919192), (247, 150.1818181818182), (248, 151.6161616161616), (249, 152.05050505050505), (250, 153.17171717171718), (251, 153.36363636363637), (252, 153.3030303030303), (253, 153.5151515151515), (254, 154.5050505050505), (255, 155.40404040404042), (256, 155.59595959595958), (257, 156.24242424242425), (258, 156.82828282828282), (259, 157.12121212121212), (260, 157.4949494949495), (261, 157.57575757575756), (262, 158.16161616161617), (263, 158.16161616161617), (264, 158.16161616161617), (265, 158.7979797979798), (266, 159.03030303030303), (267, 159.95959595959596), (268, 159.45454545454547), (269, 158.59595959595958), (270, 159.96969696969697), (271, 159.96969696969697), (272, 159.74747474747474), (273, 160.08080808080808), (274, 159.7070707070707), (275, 159.75757575757575), (276, 160.87878787878788), (277, 161.85858585858585), (278, 162.93939393939394), (279, 163.64646464646464), (280, 164.4848484848485), (281, 166.010101010101), (282, 166.07070707070707), (283, 167.4949494949495), (284, 167.77777777777777), (285, 168.54545454545453), (286, 169.5050505050505), (287, 170.92929292929293), (288, 172.13131313131314), (289, 172.84848484848484), (290, 172.85858585858585), (291, 172.94949494949495), (292, 173.82828282828282), (293, 174.58585858585857), (294, 174.68686868686868), (295, 174.73737373737373), (296, 175.43434343434345), (297, 175.27272727272728), (298, 174.97979797979798), (299, 174.31313131313132), (300, 173.989898989899), (301, 175.1010101010101), (302, 174.74747474747474), (303, 174.53535353535352), (304, 174.53535353535352), (305, 175.1919191919192), (306, 174.96969696969697), (307, 175.27272727272728), (308, 175.27272727272728), (309, 175.3939393939394), (310, 175.23232323232324), (311, 174.8080808080808), (312, 174.8080808080808), (313, 176.04040404040404), (314, 176.37373737373738), (315, 176.17171717171718), (316, 176.5151515151515), (317, 177.3030303030303), (318, 177.55555555555554), (319, 177.73737373737373), (320, 177.73737373737373), (321, 177.73737373737373), (322, 177.8080808080808), (323, 177.9090909090909), (324, 179.27272727272728), (325, 180.13131313131314), (326, 181.02020202020202), (327, 181.2020202020202), (328, 180.4747474747475), (329, 181.1919191919192), (330, 180.42424242424244), (331, 181.67676767676767), (332, 182.33333333333334), (333, 182.59595959595958), (334, 182.67676767676767), (335, 182.04040404040404), (336, 182.03030303030303), (337, 182.85858585858585), (338, 182.85858585858585), (339, 183.23232323232324), (340, 182.9090909090909), (341, 183.40404040404042), (342, 183.40404040404042), (343, 184.67676767676767), (344, 184.67676767676767), (345, 184.67676767676767), (346, 185.05050505050505), (347, 185.15151515151516), (348, 185.15151515151516), (349, 185.15151515151516), (350, 185.15151515151516), (351, 185.15151515151516), (352, 185.15151515151516), (353, 185.15151515151516), (354, 185.15151515151516), (355, 184.55555555555554), (356, 184.55555555555554), (357, 184.66666666666666), (358, 184.66666666666666), (359, 184.5151515151515), (360, 184.5151515151515), (361, 183.35353535353536), (362, 183.35353535353536), (363, 183.35353535353536), (364, 183.35353535353536), (365, 183.35353535353536), (366, 183.35353535353536), (367, 183.73737373737373), (368, 183.73737373737373), (369, 183.73737373737373), (370, 183.73737373737373), (371, 183.73737373737373), (372, 183.73737373737373), (373, 183.73737373737373), (374, 183.4949494949495), (375, 183.4949494949495), (376, 183.4949494949495), (377, 182.95959595959596), (378, 182.95959595959596), (379, 182.95959595959596), (380, 181.74747474747474), (381, 182.23232323232324), (382, 182.23232323232324), (383, 182.75757575757575), (384, 183.42424242424244), (385, 183.42424242424244), (386, 183.4848484848485), (387, 183.6969696969697), (388, 183.6969696969697), (389, 184.24242424242425), (390, 185.1010101010101), (391, 184.62626262626262), (392, 185.02020202020202), (393, 185.43434343434345), (394, 185.74747474747474), (395, 185.74747474747474), (396, 185.9090909090909), (397, 186.7070707070707), (398, 187.02020202020202), (399, 186.92929292929293), (400, 186.92929292929293), (401, 187.2828282828283), (402, 187.4949494949495), (403, 187.4949494949495), (404, 186.68686868686868), (405, 187.010101010101), (406, 187.23232323232324), (407, 187.23232323232324), (408, 187.7171717171717), (409, 187.08080808080808), (410, 187.8080808080808), (411, 187.77777777777777), (412, 187.85858585858585), (413, 188.06060606060606), (414, 188.26262626262627), (415, 188.3838383838384), (416, 188.3838383838384), (417, 186.96969696969697), (418, 187.14141414141415), (419, 187.14141414141415), (420, 187.14141414141415), (421, 186.77777777777777), (422, 186.77777777777777), (423, 186.7979797979798), (424, 186.7979797979798), (425, 186.7979797979798), (426, 187.06060606060606), (427, 187.78787878787878), (428, 187.78787878787878), (429, 188.83838383838383), (430, 188.83838383838383), (431, 188.83838383838383), (432, 189.1010101010101), (433, 189.1010101010101), (434, 189.73737373737373), (435, 189.7171717171717), (436, 189.6060606060606), (437, 189.6060606060606), (438, 189.75757575757575), (439, 190.08080808080808), (440, 189.92929292929293), (441, 189.66666666666666), (442, 189.66666666666666), (443, 189.17171717171718), (444, 189.17171717171718), (445, 189.17171717171718), (446, 189.31313131313132), (447, 188.5050505050505), (448, 188.5050505050505), (449, 188.5050505050505), (450, 188.5050505050505), (451, 188.5050505050505), (452, 188.5050505050505), (453, 187.989898989899), (454, 188.58585858585857), (455, 188.58585858585857), (456, 188.58585858585857), (457, 188.5252525252525), (458, 188.67676767676767), (459, 188.25252525252526), (460, 189.37373737373738), (461, 189.37373737373738), (462, 189.08080808080808), (463, 189.08080808080808), (464, 189.08080808080808), (465, 189.31313131313132), (466, 190.45454545454547), (467, 191.04040404040404), (468, 191.96969696969697), (469, 192.46464646464648), (470, 193.23232323232324), (471, 193.23232323232324), (472, 193.96969696969697), (473, 194.59595959595958), (474, 194.59595959595958), (475, 194.76767676767676), (476, 194.78787878787878), (477, 194.78787878787878), (478, 194.66666666666666), (479, 195.05050505050505), (480, 195.06060606060606), (481, 195.06060606060606), (482, 195.06060606060606), (483, 195.06060606060606), (484, 194.3939393939394), (485, 194.3939393939394), (486, 194.3939393939394), (487, 194.3939393939394), (488, 194.3939393939394), (489, 193.82828282828282), (490, 193.3838383838384), (491, 193.3838383838384), (492, 193.3838383838384), (493, 193.3838383838384), (494, 193.33333333333334), (495, 193.33333333333334), (496, 193.33333333333334), (497, 193.4848484848485), (498, 193.4848484848485), (499, 193.4848484848485), (500, 192.93939393939394), (501, 192.93939393939394), (502, 193.43434343434345), (503, 193.08080808080808), (504, 193.08080808080808), (505, 193.05050505050505), (506, 193.06060606060606), (507, 193.05050505050505), (508, 193.07070707070707), (509, 193.07070707070707), (510, 192.96969696969697), (511, 192.74747474747474), (512, 192.74747474747474), (513, 192.74747474747474), (514, 193.05050505050505), (515, 193.05050505050505), (516, 193.07070707070707), (517, 193.07070707070707), (518, 192.7070707070707), (519, 192.7070707070707), (520, 192.7070707070707), (521, 192.53535353535352), (522, 192.53535353535352), (523, 192.53535353535352), (524, 192.1919191919192), (525, 191.68686868686868), (526, 191.43434343434345), (527, 191.27272727272728), (528, 191.27272727272728), (529, 191.27272727272728), (530, 191.31313131313132), (531, 191.43434343434345), (532, 191.43434343434345), (533, 191.43434343434345), (534, 191.6161616161616), (535, 191.6161616161616), (536, 191.6161616161616), (537, 191.72727272727272), (538, 191.6060606060606), (539, 190.95959595959596), (540, 190.95959595959596), (541, 191.34343434343435), (542, 191.34343434343435), (543, 191.36363636363637), (544, 191.36363636363637), (545, 190.76767676767676), (546, 190.76767676767676), (547, 190.76767676767676), (548, 189.73737373737373), (549, 189.36363636363637), (550, 189.36363636363637), (551, 189.36363636363637), (552, 189.32323232323233), (553, 189.32323232323233), (554, 189.32323232323233), (555, 189.03030303030303), (556, 189.03030303030303), (557, 189.03030303030303), (558, 189.03030303030303), (559, 189.03030303030303), (560, 189.03030303030303), (561, 189.03030303030303), (562, 189.03030303030303), (563, 189.03030303030303), (564, 189.03030303030303), (565, 189.03030303030303), (566, 189.06060606060606), (567, 189.21212121212122), (568, 189.40404040404042), (569, 189.44444444444446), (570, 189.44444444444446), (571, 189.44444444444446), (572, 189.44444444444446), (573, 189.44444444444446), (574, 189.44444444444446), (575, 189.44444444444446), (576, 189.44444444444446), (577, 190.26262626262627), (578, 190.43434343434345), (579, 190.43434343434345), (580, 190.73737373737373), (581, 190.57575757575756), (582, 191.21212121212122), (583, 191.21212121212122), (584, 191.44444444444446), (585, 191.44444444444446), (586, 191.44444444444446), (587, 191.44444444444446), (588, 191.73737373737373), (589, 192.010101010101), (590, 192.14141414141415), (591, 192.4949494949495), (592, 192.4949494949495), (593, 193.02020202020202), (594, 193.02020202020202), (595, 193.64646464646464), (596, 193.74747474747474), (597, 193.74747474747474), (598, 193.74747474747474), (599, 193.74747474747474), (600, 194.010101010101), (601, 194.4747474747475), (602, 195.7171717171717), (603, 195.7171717171717), (604, 195.35353535353536), (605, 195.010101010101), (606, 194.68686868686868), (607, 194.68686868686868), (608, 194.68686868686868), (609, 194.68686868686868), (610, 194.68686868686868), (611, 194.68686868686868), (612, 194.68686868686868), (613, 194.68686868686868), (614, 194.68686868686868), (615, 194.68686868686868), (616, 194.68686868686868), (617, 194.68686868686868), (618, 194.68686868686868), (619, 194.68686868686868), (620, 194.68686868686868), (621, 194.86868686868686), (622, 194.86868686868686), (623, 194.86868686868686), (624, 194.86868686868686), (625, 194.86868686868686), (626, 194.86868686868686), (627, 194.86868686868686), (628, 195.64646464646464), (629, 195.95959595959596), (630, 195.95959595959596), (631, 195.95959595959596), (632, 195.12121212121212), (633, 195.12121212121212), (634, 195.12121212121212), (635, 195.989898989899), (636, 195.989898989899), (637, 195.989898989899), (638, 195.989898989899), (639, 195.989898989899), (640, 195.86868686868686), (641, 195.86868686868686), (642, 195.86868686868686), (643, 195.86868686868686), (644, 196.03030303030303), (645, 196.1919191919192), (646, 196.74747474747474), (647, 196.74747474747474), (648, 196.74747474747474), (649, 196.74747474747474), (650, 196.74747474747474), (651, 196.86868686868686), (652, 197.07070707070707), (653, 197.07070707070707), (654, 196.64646464646464), (655, 196.64646464646464), (656, 196.64646464646464), (657, 196.64646464646464), (658, 196.64646464646464), (659, 196.64646464646464), (660, 196.65656565656565), (661, 196.65656565656565), (662, 196.8181818181818), (663, 196.8181818181818), (664, 196.74747474747474), (665, 196.74747474747474), (666, 196.74747474747474), (667, 196.74747474747474), (668, 196.74747474747474), (669, 196.74747474747474), (670, 196.74747474747474), (671, 196.74747474747474), (672, 196.14141414141415), (673, 195.95959595959596), (674, 195.95959595959596), (675, 195.95959595959596), (676, 194.53535353535352), (677, 193.04040404040404), (678, 191.62626262626262), (679, 191.24242424242425), (680, 191.3838383838384), (681, 192.05050505050505), (682, 192.66666666666666), (683, 193.8181818181818), (684, 193.8181818181818), (685, 194.36363636363637), (686, 195.07070707070707), (687, 195.77777777777777), (688, 195.77777777777777), (689, 195.77777777777777), (690, 196.3030303030303), (691, 196.55555555555554), (692, 196.55555555555554), (693, 196.58585858585857), (694, 196.58585858585857), (695, 195.7979797979798), (696, 195.7979797979798), (697, 195.7979797979798), (698, 195.7979797979798), (699, 195.7979797979798), (700, 195.97979797979798), (701, 196.12121212121212), (702, 196.12121212121212), (703, 196.12121212121212), (704, 196.12121212121212), (705, 196.12121212121212), (706, 196.33333333333334), (707, 196.33333333333334), (708, 196.33333333333334), (709, 196.33333333333334), (710, 196.33333333333334), (711, 196.33333333333334), (712, 196.33333333333334), (713, 196.33333333333334), (714, 196.33333333333334), (715, 196.33333333333334), (716, 196.33333333333334), (717, 196.33333333333334), (718, 196.33333333333334), (719, 196.6060606060606), (720, 196.6060606060606), (721, 196.6060606060606), (722, 196.6060606060606), (723, 196.6060606060606), (724, 196.6060606060606), (725, 196.6060606060606), (726, 195.5252525252525), (727, 195.5252525252525), (728, 196.9090909090909), (729, 196.9090909090909), (730, 196.9090909090909), (731, 196.9090909090909), (732, 196.9090909090909), (733, 196.9090909090909), (734, 196.9090909090909), (735, 196.9090909090909), (736, 196.9090909090909), (737, 196.9090909090909), (738, 196.56565656565655), (739, 196.56565656565655), (740, 196.5252525252525), (741, 196.1919191919192), (742, 196.1919191919192), (743, 196.1919191919192), (744, 196.1919191919192), (745, 196.1919191919192), (746, 196.1919191919192), (747, 195.6060606060606), (748, 195.6060606060606), (749, 195.6060606060606), (750, 195.6060606060606), (751, 195.6060606060606), (752, 195.6060606060606), (753, 195.44444444444446), (754, 195.44444444444446), (755, 195.44444444444446), (756, 195.44444444444446), (757, 195.44444444444446), (758, 196.2929292929293), (759, 196.2929292929293), (760, 196.2929292929293), (761, 196.2929292929293), (762, 196.2929292929293), (763, 196.2929292929293), (764, 196.15151515151516), (765, 196.08080808080808), (766, 196.08080808080808), (767, 196.08080808080808), (768, 196.03030303030303), (769, 196.03030303030303), (770, 196.03030303030303), (771, 195.9090909090909), (772, 195.9090909090909), (773, 195.9090909090909), (774, 195.9090909090909), (775, 195.9090909090909), (776, 196.2828282828283), (777, 195.96969696969697), (778, 195.34343434343435), (779, 195.34343434343435), (780, 194.6161616161616), (781, 194.4949494949495), (782, 194.4949494949495), (783, 193.95959595959596), (784, 193.95959595959596), (785, 193.86868686868686), (786, 193.64646464646464), (787, 193.64646464646464), (788, 193.57575757575756), (789, 193.57575757575756), (790, 193.26262626262627), (791, 192.8989898989899), (792, 192.84848484848484), (793, 192.84848484848484), (794, 193.63636363636363), (795, 193.63636363636363), (796, 193.63636363636363), (797, 193.4949494949495), (798, 193.4949494949495), (799, 193.4949494949495), (800, 193.8080808080808), (801, 194.4949494949495), (802, 194.91919191919192), (803, 194.91919191919192), (804, 194.91919191919192), (805, 194.91919191919192), (806, 194.91919191919192), (807, 194.91919191919192), (808, 195.05050505050505), (809, 195.05050505050505), (810, 195.41414141414143), (811, 195.41414141414143), (812, 195.41414141414143), (813, 195.41414141414143), (814, 195.41414141414143), (815, 195.76767676767676), (816, 195.76767676767676), (817, 195.9090909090909), (818, 196.2828282828283), (819, 196.7070707070707), (820, 196.72727272727272), (821, 196.72727272727272), (822, 196.73737373737373), (823, 196.8181818181818), (824, 196.8181818181818), (825, 196.8181818181818), (826, 197.03030303030303), (827, 197.03030303030303), (828, 197.03030303030303), (829, 197.03030303030303), (830, 197.03030303030303), (831, 197.03030303030303), (832, 197.03030303030303), (833, 197.03030303030303), (834, 197.03030303030303), (835, 197.25252525252526), (836, 197.25252525252526), (837, 197.78787878787878), (838, 197.78787878787878), (839, 197.78787878787878), (840, 197.78787878787878), (841, 198.15151515151516), (842, 198.15151515151516), (843, 198.15151515151516), (844, 198.15151515151516), (845, 198.15151515151516), (846, 198.55555555555554), (847, 198.55555555555554), (848, 198.55555555555554), (849, 198.55555555555554), (850, 198.55555555555554), (851, 198.55555555555554), (852, 198.55555555555554), (853, 198.55555555555554), (854, 198.96969696969697), (855, 198.96969696969697), (856, 198.96969696969697), (857, 198.96969696969697), (858, 198.96969696969697), (859, 198.96969696969697), (860, 198.96969696969697), (861, 197.74747474747474), (862, 197.74747474747474), (863, 197.74747474747474), (864, 198.32323232323233), (865, 198.77777777777777), (866, 198.77777777777777), (867, 198.77777777777777), (868, 198.77777777777777), (869, 198.77777777777777), (870, 198.0), (871, 198.0), (872, 198.0), (873, 198.0), (874, 198.0), (875, 197.54545454545453), (876, 197.93939393939394), (877, 197.55555555555554), (878, 197.97979797979798), (879, 197.97979797979798), (880, 197.97979797979798), (881, 197.97979797979798), (882, 197.97979797979798), (883, 197.97979797979798), (884, 197.97979797979798), (885, 197.97979797979798), (886, 198.5050505050505), (887, 198.5050505050505), (888, 198.5050505050505), (889, 198.5050505050505), (890, 198.5050505050505), (891, 198.5050505050505), (892, 198.5050505050505), (893, 198.5050505050505), (894, 198.23232323232324), (895, 197.82828282828282), (896, 197.95959595959596), (897, 197.95959595959596), (898, 197.95959595959596), (899, 198.2929292929293), (900, 198.2929292929293), (901, 198.2929292929293), (902, 198.2929292929293), (903, 198.2929292929293), (904, 198.2929292929293), (905, 198.2929292929293), (906, 198.2929292929293), (907, 198.2929292929293), (908, 198.45454545454547), (909, 198.45454545454547), (910, 198.64646464646464), (911, 198.64646464646464), (912, 198.64646464646464), (913, 198.64646464646464), (914, 198.64646464646464), (915, 198.64646464646464), (916, 198.64646464646464), (917, 198.64646464646464), (918, 198.86868686868686), (919, 198.86868686868686), (920, 198.86868686868686), (921, 198.86868686868686), (922, 198.86868686868686), (923, 198.86868686868686), (924, 198.86868686868686), (925, 199.2929292929293), (926, 199.2929292929293), (927, 199.2929292929293), (928, 199.2929292929293), (929, 198.97979797979798), (930, 198.97979797979798), (931, 198.97979797979798), (932, 198.97979797979798), (933, 198.97979797979798), (934, 198.97979797979798), (935, 198.87878787878788), (936, 198.87878787878788), (937, 198.87878787878788), (938, 198.56565656565655), (939, 198.56565656565655), (940, 198.56565656565655), (941, 198.56565656565655), (942, 198.56565656565655), (943, 198.56565656565655), (944, 198.56565656565655), (945, 198.56565656565655), (946, 198.56565656565655), (947, 198.40404040404042), (948, 198.40404040404042), (949, 198.40404040404042), (950, 198.40404040404042), (951, 198.40404040404042), (952, 198.40404040404042), (953, 198.40404040404042), (954, 198.40404040404042), (955, 198.40404040404042), (956, 198.40404040404042), (957, 198.40404040404042), (958, 198.40404040404042), (959, 198.40404040404042), (960, 198.40404040404042), (961, 198.40404040404042), (962, 198.40404040404042), (963, 198.40404040404042), (964, 198.40404040404042), (965, 198.40404040404042), (966, 198.40404040404042), (967, 198.40404040404042), (968, 198.40404040404042), (969, 198.40404040404042), (970, 198.40404040404042), (971, 198.40404040404042), (972, 198.40404040404042), (973, 199.11111111111111), (974, 199.11111111111111), (975, 199.11111111111111), (976, 199.11111111111111), (977, 199.11111111111111), (978, 199.11111111111111), (979, 198.55555555555554), (980, 198.05050505050505), (981, 198.05050505050505), (982, 198.05050505050505), (983, 197.84848484848484), (984, 197.84848484848484), (985, 197.84848484848484), (986, 197.84848484848484), (987, 197.84848484848484), (988, 197.7070707070707), (989, 197.3838383838384), (990, 197.3838383838384), (991, 197.3838383838384), (992, 197.3838383838384), (993, 197.65656565656565), (994, 198.06060606060606), (995, 198.06060606060606), (996, 198.06060606060606), (997, 197.86868686868686), (998, 197.86868686868686), (999, 197.88888888888889), (1000, 197.88888888888889), (1001, 197.88888888888889), (1002, 197.96969696969697), (1003, 198.02020202020202), (1004, 198.02020202020202), (1005, 198.02020202020202), (1006, 198.02020202020202), (1007, 198.02020202020202), (1008, 198.02020202020202), (1009, 197.4848484848485), (1010, 197.4848484848485), (1011, 197.4848484848485), (1012, 197.4747474747475), (1013, 197.4747474747475), (1014, 197.4747474747475), (1015, 197.4747474747475), (1016, 197.4747474747475), (1017, 197.7070707070707), (1018, 197.7070707070707), (1019, 197.7070707070707), (1020, 197.7070707070707), (1021, 197.7070707070707), (1022, 197.7070707070707), (1023, 197.7070707070707), (1024, 197.7070707070707), (1025, 197.43434343434345), (1026, 197.43434343434345), (1027, 197.43434343434345), (1028, 197.43434343434345), (1029, 197.9090909090909), (1030, 197.9090909090909), (1031, 197.73737373737373), (1032, 197.73737373737373), (1033, 197.73737373737373), (1034, 197.73737373737373), (1035, 197.73737373737373), (1036, 197.73737373737373), (1037, 197.73737373737373), (1038, 197.73737373737373), (1039, 197.73737373737373), (1040, 197.73737373737373), (1041, 197.73737373737373), (1042, 197.73737373737373), (1043, 197.73737373737373), (1044, 197.73737373737373), (1045, 197.73737373737373), (1046, 197.73737373737373), (1047, 197.73737373737373), (1048, 197.73737373737373), (1049, 197.73737373737373), (1050, 197.73737373737373), (1051, 197.31313131313132), (1052, 197.31313131313132), (1053, 197.31313131313132), (1054, 197.31313131313132), (1055, 197.31313131313132), (1056, 197.31313131313132), (1057, 197.31313131313132), (1058, 197.2020202020202), (1059, 197.58585858585857), (1060, 197.58585858585857), (1061, 197.37373737373738), (1062, 197.37373737373738), (1063, 197.37373737373738), (1064, 197.37373737373738), (1065, 198.3939393939394), (1066, 198.4949494949495), (1067, 198.4949494949495), (1068, 198.4949494949495), (1069, 198.4949494949495), (1070, 198.4949494949495), (1071, 198.4949494949495), (1072, 198.7070707070707), (1073, 198.7070707070707), (1074, 198.7070707070707), (1075, 198.7070707070707), (1076, 198.7070707070707), (1077, 198.7070707070707), (1078, 198.7070707070707), (1079, 198.7070707070707), (1080, 198.7070707070707), (1081, 198.93939393939394), (1082, 198.93939393939394), (1083, 198.93939393939394), (1084, 198.93939393939394), (1085, 198.93939393939394), (1086, 198.93939393939394), (1087, 198.93939393939394), (1088, 198.93939393939394), (1089, 199.05050505050505), (1090, 199.05050505050505), (1091, 199.05050505050505), (1092, 199.05050505050505), (1093, 199.05050505050505), (1094, 199.05050505050505), (1095, 199.05050505050505), (1096, 199.05050505050505), (1097, 199.05050505050505), (1098, 199.05050505050505), (1099, 199.05050505050505), (1100, 199.05050505050505), (1101, 199.05050505050505), (1102, 199.05050505050505), (1103, 199.05050505050505), (1104, 199.05050505050505), (1105, 199.05050505050505), (1106, 199.05050505050505), (1107, 199.05050505050505), (1108, 199.05050505050505), (1109, 199.05050505050505), (1110, 199.05050505050505), (1111, 199.05050505050505), (1112, 199.05050505050505), (1113, 199.05050505050505), (1114, 199.05050505050505), (1115, 199.05050505050505), (1116, 199.05050505050505), (1117, 199.05050505050505), (1118, 199.05050505050505), (1119, 199.05050505050505), (1120, 199.05050505050505), (1121, 199.05050505050505), (1122, 199.05050505050505), (1123, 199.05050505050505), (1124, 200.0), (1125, 200.0), (1126, 200.0), (1127, 200.0), (1128, 200.0), (1129, 200.0), (1130, 200.0), (1131, 200.0), (1132, 200.0), (1133, 200.0), (1134, 200.0), (1135, 200.0), (1136, 200.0), (1137, 200.0), (1138, 200.0), (1139, 200.0), (1140, 200.0), (1141, 200.0), (1142, 200.0), (1143, 200.0), (1144, 200.0), (1145, 200.0), (1146, 200.0), (1147, 200.0), (1148, 200.0), (1149, 200.0), (1150, 200.0), (1151, 200.0), (1152, 200.0), (1153, 200.0), (1154, 200.0), (1155, 200.0), (1156, 200.0), (1157, 200.0), (1158, 200.0), (1159, 200.0), (1160, 200.0), (1161, 200.0), (1162, 200.0), (1163, 200.0), (1164, 200.0), (1165, 200.0), (1166, 200.0), (1167, 200.0), (1168, 200.0), (1169, 200.0), (1170, 199.989898989899), (1171, 199.989898989899), (1172, 199.989898989899), (1173, 199.989898989899), (1174, 199.989898989899), (1175, 199.989898989899), (1176, 199.989898989899), (1177, 199.989898989899), (1178, 199.989898989899), (1179, 199.989898989899), (1180, 199.989898989899), (1181, 199.989898989899), (1182, 199.989898989899), (1183, 199.989898989899), (1184, 199.989898989899), (1185, 199.989898989899), (1186, 199.989898989899), (1187, 199.989898989899), (1188, 199.989898989899), (1189, 199.989898989899), (1190, 199.989898989899), (1191, 199.989898989899), (1192, 199.989898989899), (1193, 199.989898989899), (1194, 199.989898989899), (1195, 199.989898989899), (1196, 199.989898989899), (1197, 199.989898989899), (1198, 199.989898989899), (1199, 199.989898989899), (1200, 199.989898989899), (1201, 199.989898989899), (1202, 199.989898989899), (1203, 199.989898989899), (1204, 199.989898989899), (1205, 199.989898989899), (1206, 199.989898989899), (1207, 199.989898989899), (1208, 199.989898989899), (1209, 199.989898989899), (1210, 199.989898989899), (1211, 199.989898989899), (1212, 199.989898989899), (1213, 199.989898989899), (1214, 199.989898989899), (1215, 199.989898989899), (1216, 199.989898989899), (1217, 199.989898989899), (1218, 199.989898989899), (1219, 199.989898989899), (1220, 199.989898989899), (1221, 199.989898989899), (1222, 199.989898989899), (1223, 199.989898989899), (1224, 199.989898989899), (1225, 199.989898989899), (1226, 199.989898989899), (1227, 199.989898989899), (1228, 199.989898989899), (1229, 199.989898989899), (1230, 199.989898989899), (1231, 199.989898989899), (1232, 199.989898989899), (1233, 199.989898989899), (1234, 199.989898989899), (1235, 199.989898989899), (1236, 199.989898989899), (1237, 199.989898989899), (1238, 199.989898989899), (1239, 199.989898989899), (1240, 199.989898989899), (1241, 199.989898989899), (1242, 199.989898989899), (1243, 199.989898989899), (1244, 199.989898989899), (1245, 199.989898989899), (1246, 199.989898989899), (1247, 199.989898989899), (1248, 199.989898989899), (1249, 199.989898989899), (1250, 199.989898989899), (1251, 199.989898989899), (1252, 199.989898989899), (1253, 199.989898989899), (1254, 199.989898989899), (1255, 199.989898989899), (1256, 199.989898989899), (1257, 199.989898989899), (1258, 199.989898989899), (1259, 199.989898989899), (1260, 199.989898989899), (1261, 199.989898989899), (1262, 199.989898989899), (1263, 199.989898989899), (1264, 200.0), (1265, 200.0), (1266, 200.0), (1267, 200.0), (1268, 200.0), (1269, 200.0), (1270, 200.0), (1271, 200.0), (1272, 200.0), (1273, 200.0), (1274, 200.0), (1275, 200.0), (1276, 200.0), (1277, 200.0), (1278, 200.0), (1279, 200.0), (1280, 200.0), (1281, 200.0), (1282, 200.0), (1283, 200.0), (1284, 200.0), (1285, 200.0), (1286, 200.0), (1287, 200.0), (1288, 200.0), (1289, 200.0), (1290, 200.0), (1291, 200.0), (1292, 200.0), (1293, 200.0), (1294, 200.0), (1295, 200.0), (1296, 200.0), (1297, 200.0), (1298, 200.0), (1299, 200.0), (1300, 200.0), (1301, 200.0), (1302, 200.0), (1303, 200.0), (1304, 200.0), (1305, 200.0), (1306, 200.0), (1307, 200.0), (1308, 200.0), (1309, 200.0), (1310, 200.0), (1311, 200.0), (1312, 200.0), (1313, 200.0), (1314, 200.0), (1315, 200.0), (1316, 200.0), (1317, 200.0), (1318, 200.0), (1319, 200.0), (1320, 200.0), (1321, 200.0), (1322, 200.0), (1323, 200.0), (1324, 200.0), (1325, 200.0), (1326, 200.0), (1327, 200.0), (1328, 200.0), (1329, 200.0), (1330, 200.0), (1331, 200.0), (1332, 200.0), (1333, 200.0), (1334, 200.0), (1335, 200.0), (1336, 200.0), (1337, 200.0), (1338, 200.0), (1339, 200.0), (1340, 200.0), (1341, 200.0), (1342, 200.0), (1343, 200.0), (1344, 200.0), (1345, 200.0), (1346, 200.0), (1347, 200.0), (1348, 200.0), (1349, 199.7171717171717), (1350, 199.7171717171717), (1351, 199.7171717171717), (1352, 199.7171717171717), (1353, 199.7171717171717), (1354, 199.7171717171717), (1355, 199.7171717171717), (1356, 199.7171717171717), (1357, 199.7171717171717), (1358, 199.7171717171717), (1359, 199.7171717171717), (1360, 199.7171717171717), (1361, 199.7171717171717), (1362, 199.7171717171717), (1363, 199.7171717171717), (1364, 199.7171717171717), (1365, 199.7171717171717), (1366, 199.7171717171717), (1367, 199.7171717171717), (1368, 199.7171717171717), (1369, 199.7171717171717), (1370, 199.7171717171717), (1371, 199.7171717171717), (1372, 199.7171717171717), (1373, 199.62626262626262), (1374, 199.62626262626262), (1375, 199.62626262626262), (1376, 199.62626262626262), (1377, 199.62626262626262), (1378, 199.62626262626262), (1379, 199.62626262626262), (1380, 199.62626262626262), (1381, 199.62626262626262), (1382, 199.62626262626262), (1383, 199.62626262626262), (1384, 199.62626262626262), (1385, 199.62626262626262), (1386, 199.62626262626262), (1387, 199.62626262626262), (1388, 199.62626262626262), (1389, 199.62626262626262), (1390, 199.62626262626262), (1391, 199.62626262626262), (1392, 199.62626262626262), (1393, 199.46464646464648), (1394, 199.46464646464648), (1395, 199.46464646464648), (1396, 199.46464646464648), (1397, 199.46464646464648), (1398, 199.46464646464648), (1399, 199.46464646464648), (1400, 199.46464646464648), (1401, 199.46464646464648), (1402, 199.46464646464648), (1403, 199.46464646464648), (1404, 199.46464646464648), (1405, 199.46464646464648), (1406, 199.46464646464648), (1407, 199.46464646464648), (1408, 199.46464646464648), (1409, 199.46464646464648), (1410, 199.46464646464648), (1411, 199.46464646464648), (1412, 199.46464646464648), (1413, 199.46464646464648), (1414, 199.46464646464648), (1415, 199.46464646464648), (1416, 199.46464646464648), (1417, 199.46464646464648), (1418, 199.46464646464648), (1419, 199.46464646464648), (1420, 199.46464646464648), (1421, 199.46464646464648), (1422, 199.46464646464648), (1423, 199.46464646464648), (1424, 199.46464646464648), (1425, 199.46464646464648), (1426, 199.46464646464648), (1427, 199.46464646464648), (1428, 199.46464646464648), (1429, 199.46464646464648), (1430, 199.46464646464648), (1431, 199.46464646464648), (1432, 199.46464646464648), (1433, 199.46464646464648), (1434, 199.46464646464648), (1435, 199.46464646464648), (1436, 199.46464646464648), (1437, 199.46464646464648), (1438, 199.46464646464648), (1439, 199.46464646464648), (1440, 199.46464646464648), (1441, 199.46464646464648), (1442, 199.46464646464648), (1443, 199.46464646464648), (1444, 199.46464646464648), (1445, 199.46464646464648), (1446, 199.46464646464648), (1447, 199.46464646464648), (1448, 199.83838383838383), (1449, 199.83838383838383), (1450, 199.83838383838383), (1451, 199.83838383838383), (1452, 199.83838383838383), (1453, 199.83838383838383), (1454, 199.83838383838383), (1455, 199.83838383838383), (1456, 199.83838383838383), (1457, 199.83838383838383), (1458, 199.83838383838383), (1459, 199.83838383838383), (1460, 199.83838383838383), (1461, 199.83838383838383), (1462, 199.83838383838383), (1463, 199.83838383838383), (1464, 199.83838383838383), (1465, 199.83838383838383), (1466, 199.83838383838383), (1467, 199.83838383838383), (1468, 199.83838383838383), (1469, 199.83838383838383), (1470, 199.5151515151515), (1471, 199.5151515151515), (1472, 199.5151515151515), (1473, 199.23232323232324), (1474, 199.41414141414143), (1475, 199.41414141414143), (1476, 199.41414141414143), (1477, 199.41414141414143), (1478, 199.41414141414143)]
