<class 'gym.envs.classic_control.cartpole.CartPoleEnv'>
Iteration 0 avg reward 35.000000
Iteration 100 avg reward 35.797980
Iteration 200 avg reward 61.393939
Iteration 300 avg reward 74.757576
Iteration 400 avg reward 83.797980
Iteration 500 avg reward 138.868687
Iteration 600 avg reward 173.606061
Iteration 700 avg reward 194.616162
Iteration 800 avg reward 195.454545
Iteration 900 avg reward 198.262626
Iteration 1000 avg reward 199.050505
Iteration 1100 avg reward 200.000000
Iteration 1200 avg reward 200.000000
Iteration 1300 avg reward 200.000000
Iteration 1400 avg reward 200.000000
Iteration 1500 avg reward 200.000000
Iteration 1600 avg reward 200.000000
Iteration 1700 avg reward 200.000000
[(0, 35.0), (1, 25.0), (2, 26.0), (3, 25.25), (4, 22.8), (5, 23.5), (6, 22.714285714285715), (7, 22.75), (8, 22.666666666666668), (9, 21.9), (10, 21.454545454545453), (11, 21.416666666666668), (12, 20.923076923076923), (13, 22.714285714285715), (14, 22.133333333333333), (15, 21.375), (16, 22.941176470588236), (17, 22.72222222222222), (18, 22.894736842105264), (19, 22.3), (20, 22.047619047619047), (21, 22.09090909090909), (22, 22.391304347826086), (23, 22.083333333333332), (24, 21.68), (25, 21.692307692307693), (26, 23.22222222222222), (27, 23.75), (28, 24.06896551724138), (29, 23.8), (30, 24.838709677419356), (31, 24.375), (32, 23.939393939393938), (33, 24.38235294117647), (34, 24.02857142857143), (35, 23.86111111111111), (36, 23.513513513513512), (37, 23.42105263157895), (38, 23.58974358974359), (39, 23.275), (40, 23.26829268292683), (41, 23.452380952380953), (42, 24.093023255813954), (43, 24.272727272727273), (44, 24.733333333333334), (45, 24.97826086956522), (46, 25.06382978723404), (47, 24.979166666666668), (48, 25.06122448979592), (49, 25.04), (50, 25.529411764705884), (51, 25.384615384615383), (52, 26.20754716981132), (53, 26.61111111111111), (54, 26.727272727272727), (55, 26.875), (56, 27.035087719298247), (57, 26.93103448275862), (58, 27.16949152542373), (59, 27.3), (60, 27.59016393442623), (61, 27.451612903225808), (62, 27.873015873015873), (63, 27.75), (64, 27.73846153846154), (65, 27.87878787878788), (66, 27.791044776119403), (67, 27.691176470588236), (68, 27.884057971014492), (69, 27.928571428571427), (70, 28.014084507042252), (71, 28.25), (72, 28.123287671232877), (73, 28.68918918918919), (74, 28.76), (75, 29.94736842105263), (76, 29.98701298701299), (77, 30.192307692307693), (78, 30.354430379746834), (79, 30.45), (80, 30.493827160493826), (81, 30.670731707317074), (82, 31.096385542168676), (83, 31.273809523809526), (84, 31.564705882352943), (85, 32.116279069767444), (86, 32.275862068965516), (87, 32.56818181818182), (88, 32.48314606741573), (89, 32.68888888888889), (90, 32.9010989010989), (91, 33.19565217391305), (92, 33.344086021505376), (93, 33.58510638297872), (94, 33.97894736842105), (95, 34.4375), (96, 34.47422680412371), (97, 34.60204081632653), (98, 34.656565656565654), (99, 35.43434343434343), (100, 35.7979797979798), (101, 35.898989898989896), (102, 36.474747474747474), (103, 37.07070707070707), (104, 37.38383838383838), (105, 37.64646464646464), (106, 37.898989898989896), (107, 38.19191919191919), (108, 38.80808080808081), (109, 39.16161616161616), (110, 39.656565656565654), (111, 39.97979797979798), (112, 40.303030303030305), (113, 40.97979797979798), (114, 41.282828282828284), (115, 41.42424242424242), (116, 41.73737373737374), (117, 42.2020202020202), (118, 42.333333333333336), (119, 42.898989898989896), (120, 43.16161616161616), (121, 43.343434343434346), (122, 43.484848484848484), (123, 43.707070707070706), (124, 44.19191919191919), (125, 44.888888888888886), (126, 45.15151515151515), (127, 45.515151515151516), (128, 45.73737373737374), (129, 45.98989898989899), (130, 46.18181818181818), (131, 46.55555555555556), (132, 46.898989898989896), (133, 47.07070707070707), (134, 47.22222222222222), (135, 47.54545454545455), (136, 47.85858585858586), (137, 48.111111111111114), (138, 48.08080808080808), (139, 48.24242424242424), (140, 48.84848484848485), (141, 48.95959595959596), (142, 49.57575757575758), (143, 49.888888888888886), (144, 50.24242424242424), (145, 50.58585858585859), (146, 51.121212121212125), (147, 51.39393939393939), (148, 51.888888888888886), (149, 52.39393939393939), (150, 52.43434343434343), (151, 52.91919191919192), (152, 53.54545454545455), (153, 53.81818181818182), (154, 54.15151515151515), (155, 54.36363636363637), (156, 54.09090909090909), (157, 54.2020202020202), (158, 53.96969696969697), (159, 54.111111111111114), (160, 54.333333333333336), (161, 54.74747474747475), (162, 55.74747474747475), (163, 55.898989898989896), (164, 56.24242424242424), (165, 56.07070707070707), (166, 56.474747474747474), (167, 56.111111111111114), (168, 56.44444444444444), (169, 57.484848484848484), (170, 57.60606060606061), (171, 58.14141414141414), (172, 57.90909090909091), (173, 57.97979797979798), (174, 57.37373737373738), (175, 57.43434343434343), (176, 57.19191919191919), (177, 57.39393939393939), (178, 57.83838383838384), (179, 58.38383838383838), (180, 58.63636363636363), (181, 58.4040404040404), (182, 58.464646464646464), (183, 58.39393939393939), (184, 58.13131313131313), (185, 58.464646464646464), (186, 58.64646464646464), (187, 59.04040404040404), (188, 59.05050505050505), (189, 60.54545454545455), (190, 60.474747474747474), (191, 60.464646464646464), (192, 60.43434343434343), (193, 60.16161616161616), (194, 60.101010101010104), (195, 60.22222222222222), (196, 60.505050505050505), (197, 60.81818181818182), (198, 60.58585858585859), (199, 61.121212121212125), (200, 61.39393939393939), (201, 61.95959595959596), (202, 61.77777777777778), (203, 61.85858585858586), (204, 62.313131313131315), (205, 62.484848484848484), (206, 62.83838383838384), (207, 62.58585858585859), (208, 62.45454545454545), (209, 62.282828282828284), (210, 62.38383838383838), (211, 62.61616161616162), (212, 62.24242424242424), (213, 62.42424242424242), (214, 62.83838383838384), (215, 63.08080808080808), (216, 63.2020202020202), (217, 63.75757575757576), (218, 63.535353535353536), (219, 63.62626262626262), (220, 63.77777777777778), (221, 64.04040404040404), (222, 64.25252525252525), (223, 64.29292929292929), (224, 63.97979797979798), (225, 64.33333333333333), (226, 64.35353535353535), (227, 64.51515151515152), (228, 64.55555555555556), (229, 64.84848484848484), (230, 64.85858585858585), (231, 64.83838383838383), (232, 65.11111111111111), (233, 65.34343434343434), (234, 65.74747474747475), (235, 66.02020202020202), (236, 66.08080808080808), (237, 66.35353535353535), (238, 67.20202020202021), (239, 67.08080808080808), (240, 67.41414141414141), (241, 67.67676767676768), (242, 67.8080808080808), (243, 67.84848484848484), (244, 67.86868686868686), (245, 67.8080808080808), (246, 67.8989898989899), (247, 67.98989898989899), (248, 67.9090909090909), (249, 67.96969696969697), (250, 68.03030303030303), (251, 67.71717171717172), (252, 68.01010101010101), (253, 67.94949494949495), (254, 68.0909090909091), (255, 67.8080808080808), (256, 67.98989898989899), (257, 69.43434343434343), (258, 69.52525252525253), (259, 69.4949494949495), (260, 69.71717171717172), (261, 69.0909090909091), (262, 69.11111111111111), (263, 69.17171717171718), (264, 69.11111111111111), (265, 68.84848484848484), (266, 68.82828282828282), (267, 69.85858585858585), (268, 69.05050505050505), (269, 69.04040404040404), (270, 69.04040404040404), (271, 69.14141414141415), (272, 69.24242424242425), (273, 69.41414141414141), (274, 69.53535353535354), (275, 69.98989898989899), (276, 70.52525252525253), (277, 70.36363636363636), (278, 70.3030303030303), (279, 70.36363636363636), (280, 70.67676767676768), (281, 70.78787878787878), (282, 70.96969696969697), (283, 70.81818181818181), (284, 70.94949494949495), (285, 71.02020202020202), (286, 71.1010101010101), (287, 71.4040404040404), (288, 71.54545454545455), (289, 71.9090909090909), (290, 72.04040404040404), (291, 72.63636363636364), (292, 72.85858585858585), (293, 72.70707070707071), (294, 72.9090909090909), (295, 73.45454545454545), (296, 73.77777777777777), (297, 74.0909090909091), (298, 73.95959595959596), (299, 74.44444444444444), (300, 74.75757575757575), (301, 75.0), (302, 75.5050505050505), (303, 75.87878787878788), (304, 76.79797979797979), (305, 77.25252525252525), (306, 77.63636363636364), (307, 77.57575757575758), (308, 77.34343434343434), (309, 77.35353535353535), (310, 77.81818181818181), (311, 78.18181818181819), (312, 77.97979797979798), (313, 78.03030303030303), (314, 78.04040404040404), (315, 78.20202020202021), (316, 78.27272727272727), (317, 78.4949494949495), (318, 78.42424242424242), (319, 78.44444444444444), (320, 78.21212121212122), (321, 78.08080808080808), (322, 78.27272727272727), (323, 77.79797979797979), (324, 77.75757575757575), (325, 77.65656565656566), (326, 77.36363636363636), (327, 77.9090909090909), (328, 77.74747474747475), (329, 78.17171717171718), (330, 77.71717171717172), (331, 77.8989898989899), (332, 78.36363636363636), (333, 78.44444444444444), (334, 78.5959595959596), (335, 79.17171717171718), (336, 79.15151515151516), (337, 79.25252525252525), (338, 79.44444444444444), (339, 80.43434343434343), (340, 80.24242424242425), (341, 80.5959595959596), (342, 81.15151515151516), (343, 81.08080808080808), (344, 80.98989898989899), (345, 80.67676767676768), (346, 81.1010101010101), (347, 80.35353535353535), (348, 79.96969696969697), (349, 80.61616161616162), (350, 80.4949494949495), (351, 80.85858585858585), (352, 80.64646464646465), (353, 80.98989898989899), (354, 81.41414141414141), (355, 81.97979797979798), (356, 81.54545454545455), (357, 81.32323232323232), (358, 81.15151515151516), (359, 80.94949494949495), (360, 80.93939393939394), (361, 80.65656565656566), (362, 80.8989898989899), (363, 81.63636363636364), (364, 81.83838383838383), (365, 82.48484848484848), (366, 82.68686868686869), (367, 83.03030303030303), (368, 83.03030303030303), (369, 83.1919191919192), (370, 82.82828282828282), (371, 82.95959595959596), (372, 82.9090909090909), (373, 82.58585858585859), (374, 82.87878787878788), (375, 83.39393939393939), (376, 83.75757575757575), (377, 83.97979797979798), (378, 83.87878787878788), (379, 83.6969696969697), (380, 83.67676767676768), (381, 83.87878787878788), (382, 84.28282828282828), (383, 84.42424242424242), (384, 84.92929292929293), (385, 84.52525252525253), (386, 84.55555555555556), (387, 84.51515151515152), (388, 84.01010101010101), (389, 84.4949494949495), (390, 84.28282828282828), (391, 83.71717171717172), (392, 83.83838383838383), (393, 83.93939393939394), (394, 83.93939393939394), (395, 83.88888888888889), (396, 83.72727272727273), (397, 84.1919191919192), (398, 84.06060606060606), (399, 84.04040404040404), (400, 83.79797979797979), (401, 83.4949494949495), (402, 83.47474747474747), (403, 83.24242424242425), (404, 82.88888888888889), (405, 84.11111111111111), (406, 84.17171717171718), (407, 84.08080808080808), (408, 83.94949494949495), (409, 83.92929292929293), (410, 83.71717171717172), (411, 85.25252525252525), (412, 85.5959595959596), (413, 85.84848484848484), (414, 85.45454545454545), (415, 85.6969696969697), (416, 86.25252525252525), (417, 86.91919191919192), (418, 86.94949494949495), (419, 87.8989898989899), (420, 88.3030303030303), (421, 87.83838383838383), (422, 87.77777777777777), (423, 88.36363636363636), (424, 88.55555555555556), (425, 89.65656565656566), (426, 90.76767676767676), (427, 91.22222222222223), (428, 91.61616161616162), (429, 92.54545454545455), (430, 93.3030303030303), (431, 92.28282828282828), (432, 93.01010101010101), (433, 93.43434343434343), (434, 94.0), (435, 95.27272727272727), (436, 95.85858585858585), (437, 96.79797979797979), (438, 97.13131313131314), (439, 98.14141414141415), (440, 99.26262626262626), (441, 98.97979797979798), (442, 99.75757575757575), (443, 100.68686868686869), (444, 101.71717171717172), (445, 102.5959595959596), (446, 103.93939393939394), (447, 104.20202020202021), (448, 104.26262626262626), (449, 104.26262626262626), (450, 105.43434343434343), (451, 106.43434343434343), (452, 107.51515151515152), (453, 107.5959595959596), (454, 108.79797979797979), (455, 109.84848484848484), (456, 110.92929292929293), (457, 112.31313131313131), (458, 113.79797979797979), (459, 114.46464646464646), (460, 114.97979797979798), (461, 116.26262626262626), (462, 117.47474747474747), (463, 118.51515151515152), (464, 119.36363636363636), (465, 120.60606060606061), (466, 121.56565656565657), (467, 121.97979797979798), (468, 122.83838383838383), (469, 123.22222222222223), (470, 123.54545454545455), (471, 123.4040404040404), (472, 124.62626262626263), (473, 124.71717171717172), (474, 125.63636363636364), (475, 126.88888888888889), (476, 127.22222222222223), (477, 127.20202020202021), (478, 127.65656565656566), (479, 128.58585858585857), (480, 129.02020202020202), (481, 128.91919191919192), (482, 129.0909090909091), (483, 129.75757575757575), (484, 131.16161616161617), (485, 130.0909090909091), (486, 130.53535353535352), (487, 131.88888888888889), (488, 132.13131313131314), (489, 132.85858585858585), (490, 133.010101010101), (491, 134.25252525252526), (492, 134.7070707070707), (493, 135.5252525252525), (494, 136.06060606060606), (495, 136.63636363636363), (496, 137.13131313131314), (497, 137.0909090909091), (498, 137.3838383838384), (499, 138.43434343434345), (500, 138.86868686868686), (501, 138.75757575757575), (502, 138.63636363636363), (503, 138.25252525252526), (504, 137.97979797979798), (505, 138.0), (506, 137.24242424242425), (507, 137.82828282828282), (508, 138.68686868686868), (509, 138.93939393939394), (510, 139.97979797979798), (511, 140.66666666666666), (512, 141.68686868686868), (513, 141.88888888888889), (514, 141.76767676767676), (515, 142.44444444444446), (516, 141.56565656565655), (517, 141.22222222222223), (518, 141.3939393939394), (519, 141.97979797979798), (520, 143.2929292929293), (521, 144.24242424242425), (522, 143.73737373737373), (523, 143.62626262626262), (524, 142.96969696969697), (525, 143.8080808080808), (526, 143.2828282828283), (527, 142.58585858585857), (528, 142.35353535353536), (529, 143.6060606060606), (530, 144.2020202020202), (531, 143.7979797979798), (532, 143.82828282828282), (533, 144.8080808080808), (534, 145.6161616161616), (535, 146.56565656565655), (536, 147.6161616161616), (537, 148.40404040404042), (538, 149.08080808080808), (539, 149.08080808080808), (540, 148.67676767676767), (541, 149.4848484848485), (542, 149.6161616161616), (543, 149.24242424242425), (544, 150.24242424242425), (545, 150.97979797979798), (546, 151.11111111111111), (547, 151.77777777777777), (548, 151.91919191919192), (549, 153.04040404040404), (550, 153.989898989899), (551, 153.2020202020202), (552, 153.67676767676767), (553, 154.4747474747475), (554, 154.93939393939394), (555, 155.72727272727272), (556, 156.31313131313132), (557, 157.5050505050505), (558, 158.34343434343435), (559, 159.08080808080808), (560, 160.2828282828283), (561, 161.3939393939394), (562, 161.36363636363637), (563, 162.03030303030303), (564, 162.7979797979798), (565, 162.97979797979798), (566, 163.7171717171717), (567, 163.9090909090909), (568, 164.17171717171718), (569, 165.2020202020202), (570, 166.4949494949495), (571, 167.65656565656565), (572, 168.06060606060606), (573, 168.58585858585857), (574, 168.73737373737373), (575, 169.13131313131314), (576, 169.68686868686868), (577, 169.76767676767676), (578, 169.93939393939394), (579, 170.2929292929293), (580, 170.87878787878788), (581, 170.78787878787878), (582, 170.11111111111111), (583, 169.7171717171717), (584, 169.72727272727272), (585, 170.14141414141415), (586, 171.12121212121212), (587, 170.85858585858585), (588, 171.8080808080808), (589, 171.95959595959596), (590, 172.40404040404042), (591, 172.3030303030303), (592, 171.7979797979798), (593, 172.27272727272728), (594, 172.87878787878788), (595, 172.77777777777777), (596, 172.8989898989899), (597, 173.57575757575756), (598, 173.8989898989899), (599, 173.43434343434345), (600, 173.6060606060606), (601, 174.15151515151516), (602, 173.83838383838383), (603, 173.3030303030303), (604, 172.8080808080808), (605, 173.1818181818182), (606, 173.1818181818182), (607, 172.8989898989899), (608, 172.8989898989899), (609, 172.6161616161616), (610, 173.07070707070707), (611, 173.16161616161617), (612, 172.6969696969697), (613, 172.7171717171717), (614, 172.96969696969697), (615, 173.16161616161617), (616, 172.84848484848484), (617, 172.84848484848484), (618, 172.989898989899), (619, 173.05050505050505), (620, 173.4747474747475), (621, 173.96969696969697), (622, 173.87878787878788), (623, 173.65656565656565), (624, 173.55555555555554), (625, 173.33333333333334), (626, 173.92929292929293), (627, 174.42424242424244), (628, 174.87878787878788), (629, 175.16161616161617), (630, 176.12121212121212), (631, 177.1010101010101), (632, 177.88888888888889), (633, 177.88888888888889), (634, 178.16161616161617), (635, 178.16161616161617), (636, 178.16161616161617), (637, 178.7979797979798), (638, 179.21212121212122), (639, 179.989898989899), (640, 180.04040404040404), (641, 180.76767676767676), (642, 181.2929292929293), (643, 182.25252525252526), (644, 182.58585858585857), (645, 183.04040404040404), (646, 183.88888888888889), (647, 183.88888888888889), (648, 183.989898989899), (649, 184.7979797979798), (650, 185.6161616161616), (651, 185.6161616161616), (652, 185.6161616161616), (653, 186.22222222222223), (654, 186.22222222222223), (655, 186.22222222222223), (656, 187.0), (657, 187.0), (658, 187.0), (659, 187.0), (660, 187.2828282828283), (661, 186.92929292929293), (662, 187.24242424242425), (663, 187.24242424242425), (664, 187.77777777777777), (665, 187.8080808080808), (666, 188.43434343434345), (667, 188.72727272727272), (668, 188.72727272727272), (669, 188.95959595959596), (670, 188.95959595959596), (671, 188.95959595959596), (672, 188.95959595959596), (673, 188.95959595959596), (674, 189.3838383838384), (675, 189.5252525252525), (676, 188.82828282828282), (677, 188.55555555555554), (678, 189.3939393939394), (679, 189.4747474747475), (680, 190.24242424242425), (681, 190.6161616161616), (682, 191.14141414141415), (683, 191.87878787878788), (684, 192.55555555555554), (685, 192.55555555555554), (686, 192.55555555555554), (687, 192.62626262626262), (688, 192.62626262626262), (689, 192.31313131313132), (690, 192.78787878787878), (691, 192.78787878787878), (692, 192.5050505050505), (693, 192.72727272727272), (694, 192.87878787878788), (695, 193.31313131313132), (696, 193.86868686868686), (697, 193.86868686868686), (698, 194.32323232323233), (699, 194.32323232323233), (700, 194.6161616161616), (701, 194.6161616161616), (702, 194.59595959595958), (703, 194.59595959595958), (704, 194.59595959595958), (705, 194.59595959595958), (706, 194.59595959595958), (707, 194.59595959595958), (708, 194.59595959595958), (709, 194.59595959595958), (710, 194.8080808080808), (711, 194.8080808080808), (712, 194.85858585858585), (713, 195.5252525252525), (714, 195.5252525252525), (715, 195.5252525252525), (716, 195.6060606060606), (717, 195.6060606060606), (718, 195.16161616161617), (719, 194.9090909090909), (720, 194.9090909090909), (721, 194.9090909090909), (722, 194.9090909090909), (723, 194.9090909090909), (724, 194.9090909090909), (725, 194.9090909090909), (726, 194.9090909090909), (727, 194.68686868686868), (728, 194.68686868686868), (729, 194.68686868686868), (730, 194.68686868686868), (731, 194.68686868686868), (732, 194.68686868686868), (733, 194.68686868686868), (734, 194.03030303030303), (735, 194.03030303030303), (736, 194.03030303030303), (737, 194.26262626262627), (738, 194.26262626262627), (739, 194.26262626262627), (740, 194.26262626262627), (741, 194.26262626262627), (742, 194.26262626262627), (743, 194.26262626262627), (744, 194.44444444444446), (745, 194.44444444444446), (746, 194.44444444444446), (747, 194.44444444444446), (748, 194.45454545454547), (749, 194.3838383838384), (750, 194.3838383838384), (751, 193.96969696969697), (752, 194.3030303030303), (753, 194.3030303030303), (754, 194.3030303030303), (755, 193.85858585858585), (756, 193.85858585858585), (757, 193.85858585858585), (758, 193.85858585858585), (759, 193.85858585858585), (760, 194.21212121212122), (761, 194.21212121212122), (762, 194.21212121212122), (763, 194.1818181818182), (764, 194.1818181818182), (765, 194.1818181818182), (766, 194.1818181818182), (767, 194.1818181818182), (768, 194.1818181818182), (769, 194.1818181818182), (770, 194.1818181818182), (771, 194.1818181818182), (772, 194.14141414141415), (773, 194.4848484848485), (774, 194.4848484848485), (775, 194.56565656565655), (776, 194.87878787878788), (777, 194.87878787878788), (778, 194.87878787878788), (779, 194.74747474747474), (780, 194.74747474747474), (781, 194.74747474747474), (782, 194.74747474747474), (783, 194.74747474747474), (784, 194.74747474747474), (785, 194.74747474747474), (786, 194.74747474747474), (787, 194.74747474747474), (788, 195.06060606060606), (789, 195.06060606060606), (790, 195.06060606060606), (791, 195.76767676767676), (792, 196.27272727272728), (793, 196.27272727272728), (794, 195.9090909090909), (795, 195.32323232323233), (796, 195.32323232323233), (797, 195.32323232323233), (798, 195.32323232323233), (799, 195.45454545454547), (800, 195.45454545454547), (801, 195.63636363636363), (802, 195.63636363636363), (803, 195.63636363636363), (804, 195.63636363636363), (805, 195.63636363636363), (806, 195.63636363636363), (807, 195.63636363636363), (808, 195.63636363636363), (809, 195.63636363636363), (810, 195.63636363636363), (811, 195.63636363636363), (812, 195.63636363636363), (813, 195.63636363636363), (814, 195.63636363636363), (815, 195.63636363636363), (816, 195.63636363636363), (817, 196.08080808080808), (818, 196.42424242424244), (819, 196.42424242424244), (820, 196.42424242424244), (821, 196.42424242424244), (822, 196.42424242424244), (823, 196.25252525252526), (824, 196.25252525252526), (825, 196.25252525252526), (826, 196.4747474747475), (827, 196.4747474747475), (828, 196.4747474747475), (829, 196.4747474747475), (830, 196.4747474747475), (831, 196.4747474747475), (832, 196.4747474747475), (833, 197.13131313131314), (834, 197.13131313131314), (835, 197.13131313131314), (836, 197.13131313131314), (837, 197.13131313131314), (838, 197.13131313131314), (839, 197.13131313131314), (840, 197.13131313131314), (841, 197.13131313131314), (842, 197.13131313131314), (843, 197.13131313131314), (844, 197.13131313131314), (845, 197.13131313131314), (846, 197.13131313131314), (847, 197.13131313131314), (848, 196.6969696969697), (849, 196.6969696969697), (850, 197.11111111111111), (851, 197.11111111111111), (852, 197.04040404040404), (853, 197.04040404040404), (854, 197.4848484848485), (855, 197.1818181818182), (856, 197.1818181818182), (857, 197.1818181818182), (858, 197.1818181818182), (859, 197.1818181818182), (860, 197.1818181818182), (861, 197.1818181818182), (862, 197.21212121212122), (863, 197.21212121212122), (864, 197.21212121212122), (865, 197.21212121212122), (866, 197.21212121212122), (867, 197.21212121212122), (868, 197.21212121212122), (869, 197.14141414141415), (870, 197.14141414141415), (871, 197.1818181818182), (872, 197.1818181818182), (873, 197.1818181818182), (874, 197.7979797979798), (875, 197.7979797979798), (876, 197.7979797979798), (877, 197.7979797979798), (878, 197.92929292929293), (879, 197.92929292929293), (880, 197.92929292929293), (881, 197.92929292929293), (882, 197.92929292929293), (883, 197.92929292929293), (884, 197.92929292929293), (885, 197.92929292929293), (886, 197.92929292929293), (887, 197.9090909090909), (888, 197.9090909090909), (889, 197.9090909090909), (890, 197.9090909090909), (891, 197.9090909090909), (892, 197.35353535353536), (893, 197.7171717171717), (894, 198.3030303030303), (895, 198.3030303030303), (896, 198.3030303030303), (897, 198.3030303030303), (898, 198.3030303030303), (899, 198.26262626262627), (900, 198.26262626262627), (901, 198.26262626262627), (902, 198.26262626262627), (903, 198.26262626262627), (904, 198.26262626262627), (905, 198.26262626262627), (906, 198.26262626262627), (907, 198.26262626262627), (908, 198.26262626262627), (909, 198.26262626262627), (910, 198.26262626262627), (911, 198.26262626262627), (912, 198.26262626262627), (913, 198.26262626262627), (914, 198.26262626262627), (915, 198.26262626262627), (916, 198.26262626262627), (917, 198.26262626262627), (918, 198.26262626262627), (919, 198.26262626262627), (920, 198.26262626262627), (921, 198.26262626262627), (922, 198.43434343434345), (923, 198.43434343434345), (924, 198.43434343434345), (925, 198.43434343434345), (926, 198.43434343434345), (927, 198.43434343434345), (928, 198.43434343434345), (929, 198.43434343434345), (930, 198.43434343434345), (931, 198.43434343434345), (932, 198.43434343434345), (933, 198.43434343434345), (934, 198.43434343434345), (935, 198.42424242424244), (936, 198.42424242424244), (937, 198.42424242424244), (938, 198.42424242424244), (939, 198.42424242424244), (940, 198.42424242424244), (941, 198.42424242424244), (942, 198.42424242424244), (943, 198.42424242424244), (944, 198.42424242424244), (945, 198.42424242424244), (946, 198.42424242424244), (947, 198.92929292929293), (948, 198.92929292929293), (949, 198.72727272727272), (950, 198.55555555555554), (951, 198.62626262626262), (952, 198.62626262626262), (953, 198.62626262626262), (954, 198.92929292929293), (955, 198.92929292929293), (956, 198.92929292929293), (957, 198.92929292929293), (958, 198.92929292929293), (959, 198.92929292929293), (960, 198.92929292929293), (961, 198.92929292929293), (962, 198.63636363636363), (963, 198.53535353535352), (964, 198.53535353535352), (965, 198.53535353535352), (966, 198.4747474747475), (967, 198.4747474747475), (968, 198.54545454545453), (969, 198.54545454545453), (970, 198.54545454545453), (971, 198.54545454545453), (972, 198.54545454545453), (973, 198.54545454545453), (974, 198.54545454545453), (975, 198.54545454545453), (976, 198.54545454545453), (977, 198.54545454545453), (978, 198.54545454545453), (979, 198.54545454545453), (980, 198.54545454545453), (981, 198.54545454545453), (982, 198.54545454545453), (983, 198.54545454545453), (984, 198.54545454545453), (985, 198.54545454545453), (986, 198.56565656565655), (987, 198.56565656565655), (988, 198.56565656565655), (989, 198.56565656565655), (990, 198.56565656565655), (991, 199.12121212121212), (992, 199.12121212121212), (993, 199.12121212121212), (994, 199.12121212121212), (995, 199.010101010101), (996, 199.010101010101), (997, 199.010101010101), (998, 199.05050505050505), (999, 199.05050505050505), (1000, 199.05050505050505), (1001, 199.05050505050505), (1002, 199.05050505050505), (1003, 199.05050505050505), (1004, 199.05050505050505), (1005, 199.05050505050505), (1006, 199.05050505050505), (1007, 199.05050505050505), (1008, 199.05050505050505), (1009, 199.05050505050505), (1010, 199.05050505050505), (1011, 199.05050505050505), (1012, 199.05050505050505), (1013, 199.05050505050505), (1014, 199.05050505050505), (1015, 199.05050505050505), (1016, 199.05050505050505), (1017, 199.05050505050505), (1018, 199.05050505050505), (1019, 199.05050505050505), (1020, 199.05050505050505), (1021, 199.010101010101), (1022, 199.010101010101), (1023, 199.010101010101), (1024, 199.010101010101), (1025, 199.010101010101), (1026, 199.010101010101), (1027, 199.010101010101), (1028, 199.010101010101), (1029, 199.010101010101), (1030, 199.010101010101), (1031, 199.010101010101), (1032, 199.010101010101), (1033, 199.010101010101), (1034, 199.02020202020202), (1035, 199.02020202020202), (1036, 198.989898989899), (1037, 198.989898989899), (1038, 198.989898989899), (1039, 198.989898989899), (1040, 198.989898989899), (1041, 199.24242424242425), (1042, 199.24242424242425), (1043, 199.24242424242425), (1044, 199.24242424242425), (1045, 199.24242424242425), (1046, 199.44444444444446), (1047, 199.44444444444446), (1048, 199.44444444444446), (1049, 199.44444444444446), (1050, 199.44444444444446), (1051, 199.44444444444446), (1052, 199.44444444444446), (1053, 199.44444444444446), (1054, 199.44444444444446), (1055, 199.44444444444446), (1056, 199.44444444444446), (1057, 199.44444444444446), (1058, 199.44444444444446), (1059, 199.44444444444446), (1060, 199.44444444444446), (1061, 199.64646464646464), (1062, 199.74747474747474), (1063, 199.74747474747474), (1064, 199.74747474747474), (1065, 199.8080808080808), (1066, 199.8080808080808), (1067, 199.8080808080808), (1068, 199.8080808080808), (1069, 199.8080808080808), (1070, 199.8080808080808), (1071, 199.8080808080808), (1072, 199.8080808080808), (1073, 199.8080808080808), (1074, 200.0), (1075, 200.0), (1076, 200.0), (1077, 200.0), (1078, 200.0), (1079, 200.0), (1080, 200.0), (1081, 200.0), (1082, 200.0), (1083, 200.0), (1084, 200.0), (1085, 200.0), (1086, 200.0), (1087, 200.0), (1088, 200.0), (1089, 200.0), (1090, 200.0), (1091, 200.0), (1092, 200.0), (1093, 200.0), (1094, 200.0), (1095, 200.0), (1096, 200.0), (1097, 200.0), (1098, 200.0), (1099, 200.0), (1100, 200.0), (1101, 200.0), (1102, 200.0), (1103, 200.0), (1104, 200.0), (1105, 200.0), (1106, 200.0), (1107, 200.0), (1108, 200.0), (1109, 200.0), (1110, 200.0), (1111, 200.0), (1112, 200.0), (1113, 200.0), (1114, 200.0), (1115, 200.0), (1116, 200.0), (1117, 200.0), (1118, 200.0), (1119, 200.0), (1120, 200.0), (1121, 200.0), (1122, 200.0), (1123, 200.0), (1124, 200.0), (1125, 200.0), (1126, 200.0), (1127, 200.0), (1128, 200.0), (1129, 200.0), (1130, 200.0), (1131, 200.0), (1132, 200.0), (1133, 200.0), (1134, 200.0), (1135, 200.0), (1136, 200.0), (1137, 200.0), (1138, 200.0), (1139, 200.0), (1140, 200.0), (1141, 200.0), (1142, 200.0), (1143, 200.0), (1144, 200.0), (1145, 200.0), (1146, 200.0), (1147, 200.0), (1148, 200.0), (1149, 200.0), (1150, 200.0), (1151, 200.0), (1152, 200.0), (1153, 200.0), (1154, 200.0), (1155, 200.0), (1156, 200.0), (1157, 200.0), (1158, 200.0), (1159, 200.0), (1160, 200.0), (1161, 200.0), (1162, 200.0), (1163, 200.0), (1164, 200.0), (1165, 200.0), (1166, 200.0), (1167, 200.0), (1168, 200.0), (1169, 200.0), (1170, 200.0), (1171, 200.0), (1172, 200.0), (1173, 200.0), (1174, 200.0), (1175, 200.0), (1176, 200.0), (1177, 200.0), (1178, 200.0), (1179, 200.0), (1180, 200.0), (1181, 200.0), (1182, 200.0), (1183, 200.0), (1184, 200.0), (1185, 200.0), (1186, 200.0), (1187, 200.0), (1188, 200.0), (1189, 200.0), (1190, 200.0), (1191, 200.0), (1192, 200.0), (1193, 200.0), (1194, 200.0), (1195, 200.0), (1196, 200.0), (1197, 200.0), (1198, 200.0), (1199, 200.0), (1200, 200.0), (1201, 200.0), (1202, 200.0), (1203, 200.0), (1204, 200.0), (1205, 200.0), (1206, 200.0), (1207, 200.0), (1208, 200.0), (1209, 200.0), (1210, 200.0), (1211, 200.0), (1212, 200.0), (1213, 200.0), (1214, 200.0), (1215, 200.0), (1216, 200.0), (1217, 200.0), (1218, 200.0), (1219, 200.0), (1220, 200.0), (1221, 200.0), (1222, 200.0), (1223, 200.0), (1224, 200.0), (1225, 200.0), (1226, 200.0), (1227, 200.0), (1228, 200.0), (1229, 200.0), (1230, 200.0), (1231, 200.0), (1232, 200.0), (1233, 200.0), (1234, 200.0), (1235, 200.0), (1236, 200.0), (1237, 200.0), (1238, 200.0), (1239, 200.0), (1240, 200.0), (1241, 200.0), (1242, 200.0), (1243, 200.0), (1244, 200.0), (1245, 200.0), (1246, 200.0), (1247, 200.0), (1248, 200.0), (1249, 200.0), (1250, 200.0), (1251, 200.0), (1252, 200.0), (1253, 200.0), (1254, 200.0), (1255, 200.0), (1256, 200.0), (1257, 200.0), (1258, 200.0), (1259, 200.0), (1260, 200.0), (1261, 200.0), (1262, 200.0), (1263, 200.0), (1264, 200.0), (1265, 200.0), (1266, 200.0), (1267, 200.0), (1268, 200.0), (1269, 200.0), (1270, 200.0), (1271, 200.0), (1272, 200.0), (1273, 200.0), (1274, 200.0), (1275, 200.0), (1276, 200.0), (1277, 200.0), (1278, 200.0), (1279, 200.0), (1280, 200.0), (1281, 200.0), (1282, 200.0), (1283, 200.0), (1284, 200.0), (1285, 200.0), (1286, 200.0), (1287, 200.0), (1288, 200.0), (1289, 200.0), (1290, 200.0), (1291, 200.0), (1292, 200.0), (1293, 200.0), (1294, 200.0), (1295, 200.0), (1296, 200.0), (1297, 200.0), (1298, 200.0), (1299, 200.0), (1300, 200.0), (1301, 200.0), (1302, 200.0), (1303, 200.0), (1304, 200.0), (1305, 200.0), (1306, 200.0), (1307, 200.0), (1308, 200.0), (1309, 200.0), (1310, 200.0), (1311, 200.0), (1312, 200.0), (1313, 200.0), (1314, 200.0), (1315, 200.0), (1316, 200.0), (1317, 200.0), (1318, 200.0), (1319, 200.0), (1320, 200.0), (1321, 200.0), (1322, 200.0), (1323, 200.0), (1324, 200.0), (1325, 200.0), (1326, 200.0), (1327, 200.0), (1328, 200.0), (1329, 200.0), (1330, 200.0), (1331, 200.0), (1332, 200.0), (1333, 200.0), (1334, 200.0), (1335, 200.0), (1336, 200.0), (1337, 200.0), (1338, 200.0), (1339, 200.0), (1340, 200.0), (1341, 200.0), (1342, 200.0), (1343, 200.0), (1344, 200.0), (1345, 200.0), (1346, 200.0), (1347, 200.0), (1348, 200.0), (1349, 200.0), (1350, 200.0), (1351, 200.0), (1352, 200.0), (1353, 200.0), (1354, 200.0), (1355, 200.0), (1356, 200.0), (1357, 200.0), (1358, 200.0), (1359, 200.0), (1360, 200.0), (1361, 200.0), (1362, 200.0), (1363, 200.0), (1364, 200.0), (1365, 200.0), (1366, 200.0), (1367, 200.0), (1368, 200.0), (1369, 200.0), (1370, 200.0), (1371, 200.0), (1372, 200.0), (1373, 200.0), (1374, 200.0), (1375, 200.0), (1376, 200.0), (1377, 200.0), (1378, 200.0), (1379, 200.0), (1380, 200.0), (1381, 200.0), (1382, 200.0), (1383, 200.0), (1384, 200.0), (1385, 200.0), (1386, 200.0), (1387, 200.0), (1388, 200.0), (1389, 200.0), (1390, 200.0), (1391, 200.0), (1392, 200.0), (1393, 200.0), (1394, 200.0), (1395, 200.0), (1396, 200.0), (1397, 200.0), (1398, 200.0), (1399, 200.0), (1400, 200.0), (1401, 200.0), (1402, 200.0), (1403, 200.0), (1404, 200.0), (1405, 200.0), (1406, 200.0), (1407, 200.0), (1408, 200.0), (1409, 200.0), (1410, 200.0), (1411, 200.0), (1412, 200.0), (1413, 200.0), (1414, 200.0), (1415, 200.0), (1416, 200.0), (1417, 200.0), (1418, 200.0), (1419, 200.0), (1420, 200.0), (1421, 200.0), (1422, 200.0), (1423, 200.0), (1424, 200.0), (1425, 200.0), (1426, 200.0), (1427, 200.0), (1428, 200.0), (1429, 200.0), (1430, 200.0), (1431, 200.0), (1432, 200.0), (1433, 200.0), (1434, 200.0), (1435, 200.0), (1436, 200.0), (1437, 200.0), (1438, 200.0), (1439, 200.0), (1440, 200.0), (1441, 200.0), (1442, 200.0), (1443, 200.0), (1444, 200.0), (1445, 200.0), (1446, 200.0), (1447, 200.0), (1448, 200.0), (1449, 200.0), (1450, 200.0), (1451, 200.0), (1452, 200.0), (1453, 200.0), (1454, 200.0), (1455, 200.0), (1456, 200.0), (1457, 200.0), (1458, 200.0), (1459, 200.0), (1460, 200.0), (1461, 200.0), (1462, 200.0), (1463, 200.0), (1464, 200.0), (1465, 200.0), (1466, 200.0), (1467, 200.0), (1468, 200.0), (1469, 200.0), (1470, 200.0), (1471, 200.0), (1472, 200.0), (1473, 200.0), (1474, 200.0), (1475, 200.0), (1476, 200.0), (1477, 200.0), (1478, 200.0), (1479, 200.0), (1480, 200.0), (1481, 200.0), (1482, 200.0), (1483, 200.0), (1484, 200.0), (1485, 200.0), (1486, 200.0), (1487, 200.0), (1488, 200.0), (1489, 200.0), (1490, 200.0), (1491, 200.0), (1492, 200.0), (1493, 200.0), (1494, 200.0), (1495, 200.0), (1496, 200.0), (1497, 200.0), (1498, 200.0), (1499, 200.0), (1500, 200.0), (1501, 200.0), (1502, 200.0), (1503, 200.0), (1504, 200.0), (1505, 200.0), (1506, 200.0), (1507, 200.0), (1508, 200.0), (1509, 200.0), (1510, 200.0), (1511, 200.0), (1512, 200.0), (1513, 200.0), (1514, 200.0), (1515, 200.0), (1516, 200.0), (1517, 200.0), (1518, 200.0), (1519, 200.0), (1520, 200.0), (1521, 200.0), (1522, 200.0), (1523, 200.0), (1524, 200.0), (1525, 200.0), (1526, 200.0), (1527, 200.0), (1528, 200.0), (1529, 200.0), (1530, 200.0), (1531, 200.0), (1532, 200.0), (1533, 200.0), (1534, 200.0), (1535, 200.0), (1536, 200.0), (1537, 200.0), (1538, 200.0), (1539, 200.0), (1540, 200.0), (1541, 200.0), (1542, 200.0), (1543, 200.0), (1544, 200.0), (1545, 200.0), (1546, 200.0), (1547, 200.0), (1548, 200.0), (1549, 200.0), (1550, 200.0), (1551, 200.0), (1552, 200.0), (1553, 200.0), (1554, 200.0), (1555, 200.0), (1556, 200.0), (1557, 200.0), (1558, 200.0), (1559, 200.0), (1560, 200.0), (1561, 200.0), (1562, 200.0), (1563, 200.0), (1564, 200.0), (1565, 200.0), (1566, 200.0), (1567, 200.0), (1568, 200.0), (1569, 200.0), (1570, 200.0), (1571, 200.0), (1572, 200.0), (1573, 200.0), (1574, 200.0), (1575, 200.0), (1576, 200.0), (1577, 200.0), (1578, 200.0), (1579, 200.0), (1580, 200.0), (1581, 200.0), (1582, 200.0), (1583, 200.0), (1584, 200.0), (1585, 200.0), (1586, 200.0), (1587, 200.0), (1588, 200.0), (1589, 200.0), (1590, 200.0), (1591, 200.0), (1592, 200.0), (1593, 200.0), (1594, 200.0), (1595, 200.0), (1596, 200.0), (1597, 200.0), (1598, 200.0), (1599, 200.0), (1600, 200.0), (1601, 200.0), (1602, 200.0), (1603, 200.0), (1604, 200.0), (1605, 200.0), (1606, 200.0), (1607, 200.0), (1608, 200.0), (1609, 200.0), (1610, 200.0), (1611, 200.0), (1612, 200.0), (1613, 200.0), (1614, 200.0), (1615, 200.0), (1616, 200.0), (1617, 200.0), (1618, 200.0), (1619, 200.0), (1620, 200.0), (1621, 200.0), (1622, 200.0), (1623, 200.0), (1624, 200.0), (1625, 200.0), (1626, 200.0), (1627, 200.0), (1628, 200.0), (1629, 200.0), (1630, 200.0), (1631, 200.0), (1632, 200.0), (1633, 200.0), (1634, 200.0), (1635, 200.0), (1636, 200.0), (1637, 200.0), (1638, 200.0), (1639, 200.0), (1640, 200.0), (1641, 200.0), (1642, 200.0), (1643, 200.0), (1644, 200.0), (1645, 200.0), (1646, 200.0), (1647, 200.0), (1648, 200.0), (1649, 200.0), (1650, 200.0), (1651, 200.0), (1652, 200.0), (1653, 200.0), (1654, 200.0), (1655, 200.0), (1656, 200.0), (1657, 200.0), (1658, 200.0), (1659, 200.0), (1660, 200.0), (1661, 200.0), (1662, 200.0), (1663, 200.0), (1664, 200.0), (1665, 200.0), (1666, 200.0), (1667, 200.0), (1668, 200.0), (1669, 200.0), (1670, 200.0), (1671, 200.0), (1672, 200.0), (1673, 200.0), (1674, 200.0), (1675, 200.0), (1676, 200.0), (1677, 200.0), (1678, 200.0), (1679, 200.0), (1680, 200.0), (1681, 200.0), (1682, 200.0), (1683, 200.0), (1684, 200.0), (1685, 200.0), (1686, 200.0), (1687, 200.0), (1688, 200.0), (1689, 200.0), (1690, 200.0), (1691, 200.0), (1692, 200.0), (1693, 200.0), (1694, 200.0), (1695, 200.0), (1696, 200.0), (1697, 200.0), (1698, 200.0), (1699, 200.0), (1700, 200.0), (1701, 200.0), (1702, 200.0), (1703, 200.0), (1704, 200.0), (1705, 200.0), (1706, 200.0), (1707, 200.0), (1708, 200.0), (1709, 200.0), (1710, 200.0), (1711, 200.0), (1712, 200.0)]
