<class 'gym.envs.classic_control.cartpole.CartPoleEnv'>
Iteration 0 avg reward 51.000000
Iteration 100 avg reward 75.848485
Iteration 200 avg reward 132.666667
Iteration 300 avg reward 191.919192
Iteration 400 avg reward 195.080808
Iteration 500 avg reward 198.424242
Iteration 600 avg reward 200.000000
Iteration 700 avg reward 200.000000
Iteration 800 avg reward 200.000000
Iteration 900 avg reward 200.000000
Iteration 1000 avg reward 200.000000
Iteration 1100 avg reward 200.000000
Iteration 1200 avg reward 200.000000
Iteration 1300 avg reward 200.000000
[(0, 51.0), (1, 34.0), (2, 33.0), (3, 34.75), (4, 31.4), (5, 32.833333333333336), (6, 32.42857142857143), (7, 33.0), (8, 32.0), (9, 30.0), (10, 29.0), (11, 34.25), (12, 35.46153846153846), (13, 37.5), (14, 38.8), (15, 37.25), (16, 36.705882352941174), (17, 37.22222222222222), (18, 37.21052631578947), (19, 36.4), (20, 36.523809523809526), (21, 39.40909090909091), (22, 39.47826086956522), (23, 40.125), (24, 40.84), (25, 41.0), (26, 42.44444444444444), (27, 41.82142857142857), (28, 41.275862068965516), (29, 41.56666666666667), (30, 41.41935483870968), (31, 42.5625), (32, 42.45454545454545), (33, 43.529411764705884), (34, 44.371428571428574), (35, 44.69444444444444), (36, 43.83783783783784), (37, 43.526315789473685), (38, 43.53846153846154), (39, 44.1), (40, 43.5609756097561), (41, 43.23809523809524), (42, 44.16279069767442), (43, 44.11363636363637), (44, 44.733333333333334), (45, 44.369565217391305), (46, 43.851063829787236), (47, 44.291666666666664), (48, 44.48979591836735), (49, 44.74), (50, 45.94117647058823), (51, 45.48076923076923), (52, 46.16981132075472), (53, 46.94444444444444), (54, 47.29090909090909), (55, 48.07142857142857), (56, 49.63157894736842), (57, 52.224137931034484), (58, 51.728813559322035), (59, 52.333333333333336), (60, 52.16393442622951), (61, 52.854838709677416), (62, 55.19047619047619), (63, 55.453125), (64, 56.215384615384615), (65, 55.878787878787875), (66, 56.417910447761194), (67, 56.75), (68, 57.27536231884058), (69, 59.142857142857146), (70, 59.15492957746479), (71, 59.125), (72, 59.136986301369866), (73, 59.28378378378378), (74, 61.16), (75, 61.5921052631579), (76, 62.37662337662338), (77, 62.782051282051285), (78, 62.63291139240506), (79, 62.4625), (80, 63.629629629629626), (81, 64.6219512195122), (82, 64.55421686746988), (83, 65.28571428571429), (84, 66.87058823529412), (85, 68.4186046511628), (86, 68.6896551724138), (87, 70.02272727272727), (88, 69.84269662921348), (89, 70.0111111111111), (90, 69.96703296703296), (91, 70.28260869565217), (92, 70.97849462365592), (93, 71.06382978723404), (94, 72.22105263157894), (95, 72.70833333333333), (96, 72.97938144329896), (97, 73.12244897959184), (98, 73.63636363636364), (99, 74.05050505050505), (100, 75.84848484848484), (101, 76.47474747474747), (102, 76.60606060606061), (103, 77.28282828282828), (104, 78.01010101010101), (105, 78.91919191919192), (106, 79.22222222222223), (107, 79.41414141414141), (108, 80.21212121212122), (109, 80.85858585858585), (110, 81.07070707070707), (111, 81.6969696969697), (112, 81.9090909090909), (113, 82.08080808080808), (114, 83.39393939393939), (115, 83.88888888888889), (116, 84.1010101010101), (117, 85.18181818181819), (118, 85.35353535353535), (119, 85.87878787878788), (120, 85.76767676767676), (121, 86.67676767676768), (122, 87.12121212121212), (123, 88.14141414141415), (124, 88.8989898989899), (125, 89.31313131313131), (126, 90.33333333333333), (127, 91.6969696969697), (128, 92.81818181818181), (129, 92.9090909090909), (130, 93.6969696969697), (131, 94.18181818181819), (132, 93.84848484848484), (133, 95.35353535353535), (134, 96.08080808080808), (135, 97.3030303030303), (136, 98.43434343434343), (137, 99.66666666666667), (138, 100.0), (139, 100.71717171717172), (140, 101.62626262626263), (141, 102.61616161616162), (142, 104.26262626262626), (143, 105.17171717171718), (144, 106.3030303030303), (145, 107.07070707070707), (146, 107.66666666666667), (147, 108.01010101010101), (148, 108.36363636363636), (149, 109.51515151515152), (150, 111.11111111111111), (151, 111.1010101010101), (152, 112.32323232323232), (153, 112.22222222222223), (154, 112.17171717171718), (155, 112.68686868686869), (156, 114.36363636363636), (157, 114.1919191919192), (158, 114.23232323232324), (159, 115.82828282828282), (160, 116.54545454545455), (161, 115.36363636363636), (162, 116.65656565656566), (163, 117.32323232323232), (164, 118.95959595959596), (165, 119.24242424242425), (166, 120.46464646464646), (167, 120.92929292929293), (168, 121.05050505050505), (169, 122.16161616161617), (170, 122.84848484848484), (171, 123.5050505050505), (172, 124.81818181818181), (173, 124.22222222222223), (174, 124.67676767676768), (175, 124.9090909090909), (176, 125.12121212121212), (177, 126.07070707070707), (178, 127.02020202020202), (179, 127.45454545454545), (180, 127.60606060606061), (181, 129.03030303030303), (182, 128.97979797979798), (183, 128.97979797979798), (184, 127.4040404040404), (185, 127.53535353535354), (186, 127.67676767676768), (187, 128.14141414141415), (188, 128.74747474747474), (189, 128.6161616161616), (190, 129.1818181818182), (191, 129.23232323232324), (192, 129.65656565656565), (193, 129.77777777777777), (194, 129.84848484848484), (195, 130.3030303030303), (196, 130.97979797979798), (197, 131.6161616161616), (198, 132.25252525252526), (199, 132.17171717171718), (200, 132.66666666666666), (201, 133.78787878787878), (202, 134.72727272727272), (203, 135.7171717171717), (204, 136.63636363636363), (205, 137.95959595959596), (206, 139.56565656565655), (207, 140.6060606060606), (208, 141.46464646464648), (209, 142.27272727272728), (210, 143.16161616161617), (211, 144.32323232323233), (212, 145.59595959595958), (213, 146.16161616161617), (214, 147.40404040404042), (215, 148.05050505050505), (216, 148.6161616161616), (217, 149.75757575757575), (218, 150.85858585858585), (219, 151.3939393939394), (220, 152.0909090909091), (221, 153.40404040404042), (222, 154.16161616161617), (223, 155.04040404040404), (224, 156.1818181818182), (225, 156.97979797979798), (226, 157.45454545454547), (227, 157.95959595959596), (228, 158.9090909090909), (229, 159.23232323232324), (230, 159.24242424242425), (231, 160.24242424242425), (232, 160.24242424242425), (233, 160.74747474747474), (234, 161.41414141414143), (235, 162.010101010101), (236, 162.62626262626262), (237, 163.7979797979798), (238, 164.42424242424244), (239, 165.31313131313132), (240, 166.22222222222223), (241, 166.33333333333334), (242, 167.0), (243, 167.4949494949495), (244, 168.58585858585857), (245, 169.1010101010101), (246, 169.24242424242425), (247, 170.56565656565655), (248, 170.56565656565655), (249, 170.55555555555554), (250, 171.4949494949495), (251, 171.94949494949495), (252, 172.85858585858585), (253, 173.37373737373738), (254, 173.17171717171718), (255, 173.0909090909091), (256, 172.5050505050505), (257, 172.08080808080808), (258, 172.08080808080808), (259, 172.42424242424244), (260, 173.6060606060606), (261, 173.6060606060606), (262, 173.8989898989899), (263, 173.93939393939394), (264, 174.74747474747474), (265, 174.74747474747474), (266, 175.36363636363637), (267, 175.22222222222223), (268, 175.5151515151515), (269, 176.27272727272728), (270, 177.03030303030303), (271, 177.02020202020202), (272, 177.6161616161616), (273, 178.17171717171718), (274, 178.72727272727272), (275, 179.58585858585857), (276, 180.14141414141415), (277, 180.7171717171717), (278, 180.32323232323233), (279, 180.72727272727272), (280, 180.72727272727272), (281, 181.12121212121212), (282, 181.12121212121212), (283, 182.6969696969697), (284, 183.27272727272728), (285, 183.27272727272728), (286, 184.2828282828283), (287, 184.83838383838383), (288, 186.32323232323233), (289, 186.77777777777777), (290, 187.3838383838384), (291, 188.1818181818182), (292, 188.25252525252526), (293, 189.0), (294, 189.56565656565655), (295, 190.03030303030303), (296, 190.16161616161617), (297, 190.91919191919192), (298, 190.88888888888889), (299, 191.64646464646464), (300, 191.91919191919192), (301, 191.91919191919192), (302, 191.62626262626262), (303, 191.62626262626262), (304, 191.62626262626262), (305, 191.62626262626262), (306, 191.62626262626262), (307, 191.75757575757575), (308, 191.68686868686868), (309, 191.5050505050505), (310, 191.5050505050505), (311, 192.22222222222223), (312, 192.22222222222223), (313, 192.22222222222223), (314, 192.3030303030303), (315, 192.88888888888889), (316, 192.74747474747474), (317, 193.55555555555554), (318, 194.11111111111111), (319, 195.12121212121212), (320, 195.12121212121212), (321, 195.25252525252526), (322, 195.1818181818182), (323, 195.1818181818182), (324, 195.5050505050505), (325, 196.03030303030303), (326, 196.03030303030303), (327, 195.21212121212122), (328, 195.66666666666666), (329, 195.83838383838383), (330, 195.83838383838383), (331, 195.83838383838383), (332, 195.83838383838383), (333, 195.83838383838383), (334, 195.12121212121212), (335, 195.12121212121212), (336, 195.12121212121212), (337, 194.36363636363637), (338, 194.2020202020202), (339, 194.2020202020202), (340, 194.2020202020202), (341, 194.2020202020202), (342, 194.2020202020202), (343, 194.05050505050505), (344, 194.2020202020202), (345, 194.16161616161617), (346, 194.14141414141415), (347, 194.14141414141415), (348, 194.4949494949495), (349, 195.04040404040404), (350, 195.03030303030303), (351, 195.03030303030303), (352, 195.03030303030303), (353, 195.27272727272728), (354, 195.27272727272728), (355, 195.27272727272728), (356, 195.27272727272728), (357, 195.27272727272728), (358, 195.06060606060606), (359, 195.06060606060606), (360, 195.06060606060606), (361, 195.1818181818182), (362, 195.1818181818182), (363, 195.1818181818182), (364, 195.1818181818182), (365, 195.1818181818182), (366, 195.21212121212122), (367, 195.21212121212122), (368, 195.21212121212122), (369, 194.6161616161616), (370, 194.6161616161616), (371, 194.6161616161616), (372, 194.6161616161616), (373, 194.6161616161616), (374, 194.6161616161616), (375, 195.08080808080808), (376, 195.08080808080808), (377, 194.5050505050505), (378, 194.5050505050505), (379, 194.5050505050505), (380, 194.86868686868686), (381, 194.86868686868686), (382, 194.86868686868686), (383, 194.86868686868686), (384, 194.86868686868686), (385, 194.86868686868686), (386, 194.86868686868686), (387, 194.86868686868686), (388, 194.86868686868686), (389, 194.86868686868686), (390, 194.86868686868686), (391, 194.86868686868686), (392, 195.08080808080808), (393, 195.08080808080808), (394, 195.08080808080808), (395, 195.08080808080808), (396, 195.08080808080808), (397, 195.08080808080808), (398, 195.08080808080808), (399, 195.08080808080808), (400, 195.08080808080808), (401, 195.08080808080808), (402, 195.08080808080808), (403, 195.08080808080808), (404, 195.08080808080808), (405, 195.08080808080808), (406, 195.08080808080808), (407, 195.08080808080808), (408, 195.08080808080808), (409, 195.08080808080808), (410, 195.08080808080808), (411, 195.08080808080808), (412, 195.08080808080808), (413, 195.1919191919192), (414, 195.84848484848484), (415, 196.14141414141415), (416, 196.14141414141415), (417, 196.14141414141415), (418, 196.14141414141415), (419, 196.14141414141415), (420, 196.7070707070707), (421, 196.7070707070707), (422, 196.7070707070707), (423, 197.1010101010101), (424, 197.40404040404042), (425, 197.40404040404042), (426, 197.75757575757575), (427, 198.21212121212122), (428, 198.46464646464648), (429, 198.46464646464648), (430, 198.55555555555554), (431, 197.68686868686868), (432, 197.68686868686868), (433, 198.24242424242425), (434, 198.24242424242425), (435, 198.24242424242425), (436, 198.24242424242425), (437, 198.24242424242425), (438, 198.24242424242425), (439, 198.24242424242425), (440, 198.24242424242425), (441, 198.24242424242425), (442, 197.53535353535352), (443, 197.53535353535352), (444, 197.53535353535352), (445, 197.53535353535352), (446, 197.53535353535352), (447, 197.53535353535352), (448, 197.53535353535352), (449, 197.53535353535352), (450, 197.53535353535352), (451, 197.53535353535352), (452, 197.53535353535352), (453, 197.53535353535352), (454, 197.53535353535352), (455, 197.53535353535352), (456, 197.53535353535352), (457, 197.53535353535352), (458, 197.53535353535352), (459, 197.53535353535352), (460, 197.53535353535352), (461, 197.53535353535352), (462, 197.53535353535352), (463, 197.53535353535352), (464, 197.53535353535352), (465, 197.53535353535352), (466, 197.53535353535352), (467, 197.53535353535352), (468, 197.77777777777777), (469, 197.77777777777777), (470, 197.77777777777777), (471, 197.77777777777777), (472, 197.77777777777777), (473, 197.77777777777777), (474, 197.77777777777777), (475, 197.77777777777777), (476, 198.35353535353536), (477, 198.35353535353536), (478, 198.35353535353536), (479, 198.35353535353536), (480, 198.35353535353536), (481, 198.35353535353536), (482, 198.35353535353536), (483, 198.35353535353536), (484, 198.35353535353536), (485, 198.35353535353536), (486, 198.35353535353536), (487, 198.35353535353536), (488, 198.35353535353536), (489, 198.35353535353536), (490, 198.35353535353536), (491, 198.35353535353536), (492, 198.42424242424244), (493, 198.42424242424244), (494, 198.42424242424244), (495, 198.42424242424244), (496, 198.42424242424244), (497, 198.42424242424244), (498, 198.42424242424244), (499, 198.42424242424244), (500, 198.42424242424244), (501, 198.42424242424244), (502, 198.42424242424244), (503, 198.42424242424244), (504, 198.42424242424244), (505, 198.42424242424244), (506, 198.42424242424244), (507, 198.42424242424244), (508, 198.42424242424244), (509, 198.42424242424244), (510, 198.42424242424244), (511, 198.42424242424244), (512, 198.42424242424244), (513, 198.42424242424244), (514, 198.42424242424244), (515, 198.42424242424244), (516, 198.43434343434345), (517, 198.43434343434345), (518, 198.43434343434345), (519, 198.43434343434345), (520, 198.43434343434345), (521, 198.43434343434345), (522, 198.93939393939394), (523, 198.93939393939394), (524, 198.93939393939394), (525, 198.93939393939394), (526, 198.93939393939394), (527, 198.93939393939394), (528, 198.93939393939394), (529, 198.93939393939394), (530, 199.6969696969697), (531, 199.6969696969697), (532, 199.6969696969697), (533, 199.6969696969697), (534, 199.6969696969697), (535, 199.6969696969697), (536, 199.6969696969697), (537, 199.6969696969697), (538, 199.6969696969697), (539, 199.6969696969697), (540, 199.6969696969697), (541, 200.0), (542, 200.0), (543, 200.0), (544, 200.0), (545, 200.0), (546, 200.0), (547, 200.0), (548, 200.0), (549, 200.0), (550, 200.0), (551, 200.0), (552, 200.0), (553, 200.0), (554, 200.0), (555, 200.0), (556, 200.0), (557, 200.0), (558, 200.0), (559, 200.0), (560, 200.0), (561, 200.0), (562, 200.0), (563, 200.0), (564, 200.0), (565, 200.0), (566, 200.0), (567, 200.0), (568, 200.0), (569, 200.0), (570, 200.0), (571, 200.0), (572, 200.0), (573, 200.0), (574, 200.0), (575, 200.0), (576, 200.0), (577, 200.0), (578, 200.0), (579, 200.0), (580, 200.0), (581, 200.0), (582, 200.0), (583, 200.0), (584, 200.0), (585, 200.0), (586, 200.0), (587, 200.0), (588, 200.0), (589, 200.0), (590, 200.0), (591, 200.0), (592, 200.0), (593, 200.0), (594, 200.0), (595, 200.0), (596, 200.0), (597, 200.0), (598, 200.0), (599, 200.0), (600, 200.0), (601, 200.0), (602, 200.0), (603, 200.0), (604, 200.0), (605, 200.0), (606, 200.0), (607, 200.0), (608, 200.0), (609, 200.0), (610, 200.0), (611, 200.0), (612, 200.0), (613, 200.0), (614, 200.0), (615, 200.0), (616, 200.0), (617, 200.0), (618, 200.0), (619, 200.0), (620, 200.0), (621, 200.0), (622, 200.0), (623, 200.0), (624, 200.0), (625, 200.0), (626, 200.0), (627, 200.0), (628, 200.0), (629, 200.0), (630, 200.0), (631, 200.0), (632, 200.0), (633, 200.0), (634, 200.0), (635, 200.0), (636, 200.0), (637, 200.0), (638, 200.0), (639, 200.0), (640, 200.0), (641, 200.0), (642, 200.0), (643, 200.0), (644, 200.0), (645, 200.0), (646, 200.0), (647, 200.0), (648, 200.0), (649, 200.0), (650, 200.0), (651, 200.0), (652, 200.0), (653, 200.0), (654, 200.0), (655, 200.0), (656, 200.0), (657, 200.0), (658, 200.0), (659, 200.0), (660, 200.0), (661, 200.0), (662, 200.0), (663, 200.0), (664, 200.0), (665, 200.0), (666, 200.0), (667, 200.0), (668, 200.0), (669, 200.0), (670, 200.0), (671, 200.0), (672, 200.0), (673, 200.0), (674, 200.0), (675, 200.0), (676, 200.0), (677, 200.0), (678, 200.0), (679, 200.0), (680, 200.0), (681, 200.0), (682, 200.0), (683, 200.0), (684, 200.0), (685, 200.0), (686, 200.0), (687, 200.0), (688, 200.0), (689, 200.0), (690, 200.0), (691, 200.0), (692, 200.0), (693, 200.0), (694, 200.0), (695, 200.0), (696, 200.0), (697, 200.0), (698, 200.0), (699, 200.0), (700, 200.0), (701, 200.0), (702, 200.0), (703, 200.0), (704, 200.0), (705, 200.0), (706, 200.0), (707, 200.0), (708, 200.0), (709, 200.0), (710, 200.0), (711, 200.0), (712, 200.0), (713, 200.0), (714, 200.0), (715, 200.0), (716, 200.0), (717, 200.0), (718, 200.0), (719, 200.0), (720, 200.0), (721, 200.0), (722, 200.0), (723, 200.0), (724, 200.0), (725, 200.0), (726, 200.0), (727, 200.0), (728, 200.0), (729, 200.0), (730, 200.0), (731, 200.0), (732, 200.0), (733, 200.0), (734, 200.0), (735, 200.0), (736, 200.0), (737, 200.0), (738, 200.0), (739, 200.0), (740, 200.0), (741, 200.0), (742, 200.0), (743, 200.0), (744, 200.0), (745, 200.0), (746, 200.0), (747, 200.0), (748, 200.0), (749, 200.0), (750, 200.0), (751, 200.0), (752, 200.0), (753, 200.0), (754, 200.0), (755, 200.0), (756, 200.0), (757, 200.0), (758, 200.0), (759, 200.0), (760, 200.0), (761, 200.0), (762, 200.0), (763, 200.0), (764, 200.0), (765, 200.0), (766, 200.0), (767, 200.0), (768, 200.0), (769, 200.0), (770, 200.0), (771, 200.0), (772, 200.0), (773, 200.0), (774, 200.0), (775, 200.0), (776, 200.0), (777, 200.0), (778, 200.0), (779, 200.0), (780, 200.0), (781, 200.0), (782, 200.0), (783, 200.0), (784, 200.0), (785, 200.0), (786, 200.0), (787, 200.0), (788, 200.0), (789, 200.0), (790, 200.0), (791, 200.0), (792, 200.0), (793, 200.0), (794, 200.0), (795, 200.0), (796, 200.0), (797, 200.0), (798, 200.0), (799, 200.0), (800, 200.0), (801, 200.0), (802, 200.0), (803, 200.0), (804, 200.0), (805, 200.0), (806, 200.0), (807, 200.0), (808, 200.0), (809, 200.0), (810, 200.0), (811, 200.0), (812, 200.0), (813, 200.0), (814, 200.0), (815, 200.0), (816, 200.0), (817, 200.0), (818, 200.0), (819, 200.0), (820, 200.0), (821, 200.0), (822, 200.0), (823, 200.0), (824, 200.0), (825, 200.0), (826, 200.0), (827, 200.0), (828, 200.0), (829, 200.0), (830, 200.0), (831, 200.0), (832, 200.0), (833, 200.0), (834, 200.0), (835, 200.0), (836, 200.0), (837, 200.0), (838, 200.0), (839, 200.0), (840, 200.0), (841, 200.0), (842, 200.0), (843, 200.0), (844, 200.0), (845, 200.0), (846, 200.0), (847, 200.0), (848, 200.0), (849, 200.0), (850, 200.0), (851, 200.0), (852, 200.0), (853, 200.0), (854, 200.0), (855, 200.0), (856, 200.0), (857, 200.0), (858, 200.0), (859, 200.0), (860, 200.0), (861, 200.0), (862, 200.0), (863, 200.0), (864, 200.0), (865, 200.0), (866, 200.0), (867, 200.0), (868, 200.0), (869, 200.0), (870, 200.0), (871, 200.0), (872, 200.0), (873, 200.0), (874, 200.0), (875, 200.0), (876, 200.0), (877, 200.0), (878, 200.0), (879, 200.0), (880, 200.0), (881, 200.0), (882, 200.0), (883, 200.0), (884, 200.0), (885, 200.0), (886, 200.0), (887, 200.0), (888, 200.0), (889, 200.0), (890, 200.0), (891, 200.0), (892, 200.0), (893, 200.0), (894, 200.0), (895, 200.0), (896, 200.0), (897, 200.0), (898, 200.0), (899, 200.0), (900, 200.0), (901, 200.0), (902, 200.0), (903, 200.0), (904, 200.0), (905, 200.0), (906, 200.0), (907, 200.0), (908, 200.0), (909, 200.0), (910, 200.0), (911, 200.0), (912, 200.0), (913, 200.0), (914, 200.0), (915, 200.0), (916, 200.0), (917, 200.0), (918, 200.0), (919, 200.0), (920, 200.0), (921, 200.0), (922, 200.0), (923, 200.0), (924, 200.0), (925, 200.0), (926, 200.0), (927, 200.0), (928, 200.0), (929, 200.0), (930, 200.0), (931, 200.0), (932, 200.0), (933, 200.0), (934, 200.0), (935, 200.0), (936, 200.0), (937, 200.0), (938, 200.0), (939, 200.0), (940, 200.0), (941, 200.0), (942, 200.0), (943, 200.0), (944, 200.0), (945, 200.0), (946, 200.0), (947, 200.0), (948, 200.0), (949, 200.0), (950, 200.0), (951, 200.0), (952, 200.0), (953, 200.0), (954, 200.0), (955, 200.0), (956, 200.0), (957, 200.0), (958, 200.0), (959, 200.0), (960, 200.0), (961, 200.0), (962, 200.0), (963, 200.0), (964, 200.0), (965, 200.0), (966, 200.0), (967, 200.0), (968, 200.0), (969, 200.0), (970, 200.0), (971, 200.0), (972, 200.0), (973, 200.0), (974, 200.0), (975, 200.0), (976, 200.0), (977, 200.0), (978, 200.0), (979, 200.0), (980, 200.0), (981, 200.0), (982, 200.0), (983, 200.0), (984, 200.0), (985, 200.0), (986, 200.0), (987, 200.0), (988, 200.0), (989, 200.0), (990, 200.0), (991, 200.0), (992, 200.0), (993, 200.0), (994, 200.0), (995, 200.0), (996, 200.0), (997, 200.0), (998, 200.0), (999, 200.0), (1000, 200.0), (1001, 200.0), (1002, 200.0), (1003, 200.0), (1004, 200.0), (1005, 200.0), (1006, 200.0), (1007, 200.0), (1008, 200.0), (1009, 200.0), (1010, 200.0), (1011, 200.0), (1012, 200.0), (1013, 200.0), (1014, 200.0), (1015, 200.0), (1016, 200.0), (1017, 200.0), (1018, 200.0), (1019, 200.0), (1020, 200.0), (1021, 200.0), (1022, 200.0), (1023, 200.0), (1024, 200.0), (1025, 200.0), (1026, 200.0), (1027, 200.0), (1028, 200.0), (1029, 200.0), (1030, 200.0), (1031, 200.0), (1032, 200.0), (1033, 200.0), (1034, 200.0), (1035, 200.0), (1036, 200.0), (1037, 200.0), (1038, 200.0), (1039, 200.0), (1040, 200.0), (1041, 200.0), (1042, 200.0), (1043, 200.0), (1044, 200.0), (1045, 200.0), (1046, 200.0), (1047, 200.0), (1048, 200.0), (1049, 200.0), (1050, 200.0), (1051, 200.0), (1052, 200.0), (1053, 200.0), (1054, 200.0), (1055, 200.0), (1056, 200.0), (1057, 200.0), (1058, 200.0), (1059, 200.0), (1060, 200.0), (1061, 200.0), (1062, 200.0), (1063, 200.0), (1064, 200.0), (1065, 200.0), (1066, 200.0), (1067, 200.0), (1068, 200.0), (1069, 200.0), (1070, 200.0), (1071, 200.0), (1072, 200.0), (1073, 200.0), (1074, 200.0), (1075, 200.0), (1076, 200.0), (1077, 200.0), (1078, 200.0), (1079, 200.0), (1080, 200.0), (1081, 200.0), (1082, 200.0), (1083, 200.0), (1084, 200.0), (1085, 200.0), (1086, 200.0), (1087, 200.0), (1088, 200.0), (1089, 200.0), (1090, 200.0), (1091, 200.0), (1092, 200.0), (1093, 200.0), (1094, 200.0), (1095, 200.0), (1096, 200.0), (1097, 200.0), (1098, 200.0), (1099, 200.0), (1100, 200.0), (1101, 200.0), (1102, 200.0), (1103, 200.0), (1104, 200.0), (1105, 200.0), (1106, 200.0), (1107, 200.0), (1108, 200.0), (1109, 200.0), (1110, 200.0), (1111, 200.0), (1112, 200.0), (1113, 200.0), (1114, 200.0), (1115, 200.0), (1116, 200.0), (1117, 200.0), (1118, 200.0), (1119, 200.0), (1120, 200.0), (1121, 200.0), (1122, 200.0), (1123, 200.0), (1124, 200.0), (1125, 200.0), (1126, 200.0), (1127, 200.0), (1128, 200.0), (1129, 200.0), (1130, 200.0), (1131, 200.0), (1132, 200.0), (1133, 200.0), (1134, 200.0), (1135, 200.0), (1136, 200.0), (1137, 200.0), (1138, 200.0), (1139, 200.0), (1140, 200.0), (1141, 200.0), (1142, 200.0), (1143, 200.0), (1144, 200.0), (1145, 200.0), (1146, 200.0), (1147, 200.0), (1148, 200.0), (1149, 200.0), (1150, 200.0), (1151, 200.0), (1152, 200.0), (1153, 200.0), (1154, 200.0), (1155, 200.0), (1156, 200.0), (1157, 200.0), (1158, 200.0), (1159, 200.0), (1160, 200.0), (1161, 200.0), (1162, 200.0), (1163, 200.0), (1164, 200.0), (1165, 200.0), (1166, 200.0), (1167, 200.0), (1168, 200.0), (1169, 200.0), (1170, 200.0), (1171, 200.0), (1172, 200.0), (1173, 200.0), (1174, 200.0), (1175, 200.0), (1176, 200.0), (1177, 200.0), (1178, 200.0), (1179, 200.0), (1180, 200.0), (1181, 200.0), (1182, 200.0), (1183, 200.0), (1184, 200.0), (1185, 200.0), (1186, 200.0), (1187, 200.0), (1188, 200.0), (1189, 200.0), (1190, 200.0), (1191, 200.0), (1192, 200.0), (1193, 200.0), (1194, 200.0), (1195, 200.0), (1196, 200.0), (1197, 200.0), (1198, 200.0), (1199, 200.0), (1200, 200.0), (1201, 200.0), (1202, 200.0), (1203, 200.0), (1204, 200.0), (1205, 200.0), (1206, 200.0), (1207, 200.0), (1208, 200.0), (1209, 200.0), (1210, 200.0), (1211, 200.0), (1212, 200.0), (1213, 200.0), (1214, 200.0), (1215, 200.0), (1216, 200.0), (1217, 200.0), (1218, 200.0), (1219, 200.0), (1220, 200.0), (1221, 200.0), (1222, 200.0), (1223, 200.0), (1224, 200.0), (1225, 200.0), (1226, 200.0), (1227, 200.0), (1228, 200.0), (1229, 200.0), (1230, 200.0), (1231, 200.0), (1232, 200.0), (1233, 200.0), (1234, 200.0), (1235, 200.0), (1236, 200.0), (1237, 200.0), (1238, 200.0), (1239, 200.0), (1240, 200.0), (1241, 200.0), (1242, 200.0), (1243, 200.0), (1244, 200.0), (1245, 200.0), (1246, 200.0), (1247, 200.0), (1248, 200.0), (1249, 200.0), (1250, 200.0), (1251, 200.0), (1252, 200.0), (1253, 200.0), (1254, 200.0), (1255, 200.0), (1256, 200.0), (1257, 200.0), (1258, 200.0), (1259, 200.0), (1260, 200.0), (1261, 200.0), (1262, 200.0), (1263, 200.0), (1264, 200.0), (1265, 200.0), (1266, 200.0), (1267, 200.0), (1268, 200.0), (1269, 200.0), (1270, 200.0), (1271, 200.0), (1272, 200.0), (1273, 200.0), (1274, 200.0), (1275, 200.0), (1276, 200.0), (1277, 200.0), (1278, 200.0), (1279, 200.0), (1280, 200.0), (1281, 200.0), (1282, 200.0), (1283, 200.0), (1284, 200.0), (1285, 200.0), (1286, 200.0), (1287, 200.0), (1288, 200.0), (1289, 200.0), (1290, 200.0), (1291, 200.0), (1292, 200.0), (1293, 200.0), (1294, 200.0), (1295, 200.0), (1296, 200.0), (1297, 200.0), (1298, 200.0), (1299, 200.0), (1300, 200.0), (1301, 200.0), (1302, 200.0), (1303, 200.0), (1304, 200.0), (1305, 200.0), (1306, 200.0), (1307, 200.0), (1308, 200.0), (1309, 200.0), (1310, 200.0), (1311, 200.0), (1312, 200.0), (1313, 200.0), (1314, 200.0), (1315, 200.0), (1316, 200.0), (1317, 200.0), (1318, 200.0)]
