<class 'gym.envs.classic_control.cartpole.CartPoleEnv'>
Iteration 0 avg reward 53.000000
Iteration 100 avg reward 52.010101
Iteration 200 avg reward 105.424242
Iteration 300 avg reward 166.202020
Iteration 400 avg reward 195.757576
Iteration 500 avg reward 161.292929
Iteration 600 avg reward 154.686869
Iteration 700 avg reward 152.939394
Iteration 800 avg reward 186.989899
Iteration 900 avg reward 198.060606
Iteration 1000 avg reward 199.303030
Iteration 1100 avg reward 197.585859
Iteration 1200 avg reward 195.555556
Iteration 1300 avg reward 190.424242
[(0, 53.0), (1, 41.5), (2, 35.333333333333336), (3, 29.25), (4, 29.4), (5, 27.0), (6, 25.714285714285715), (7, 29.125), (8, 29.555555555555557), (9, 28.7), (10, 28.90909090909091), (11, 28.166666666666668), (12, 28.153846153846153), (13, 29.0), (14, 33.93333333333333), (15, 33.375), (16, 33.88235294117647), (17, 34.5), (18, 36.1578947368421), (19, 35.3), (20, 36.285714285714285), (21, 36.27272727272727), (22, 37.21739130434783), (23, 37.291666666666664), (24, 36.96), (25, 37.92307692307692), (26, 37.0), (27, 36.892857142857146), (28, 36.86206896551724), (29, 37.53333333333333), (30, 38.74193548387097), (31, 38.78125), (32, 38.81818181818182), (33, 38.205882352941174), (34, 37.77142857142857), (35, 37.97222222222222), (36, 38.32432432432432), (37, 38.973684210526315), (38, 38.84615384615385), (39, 38.85), (40, 38.68292682926829), (41, 38.595238095238095), (42, 40.093023255813954), (43, 41.59090909090909), (44, 41.17777777777778), (45, 41.5), (46, 42.702127659574465), (47, 43.125), (48, 43.38775510204081), (49, 42.9), (50, 43.05882352941177), (51, 44.21153846153846), (52, 43.9622641509434), (53, 44.44444444444444), (54, 44.32727272727273), (55, 44.767857142857146), (56, 44.3859649122807), (57, 44.48275862068966), (58, 44.610169491525426), (59, 44.46666666666667), (60, 44.26229508196721), (61, 44.32258064516129), (62, 44.03174603174603), (63, 43.96875), (64, 44.246153846153845), (65, 43.89393939393939), (66, 44.134328358208954), (67, 44.6764705882353), (68, 44.36231884057971), (69, 44.0), (70, 44.76056338028169), (71, 44.625), (72, 45.136986301369866), (73, 45.16216216216216), (74, 45.653333333333336), (75, 45.56578947368421), (76, 45.66233766233766), (77, 46.08974358974359), (78, 45.91139240506329), (79, 46.05), (80, 46.0), (81, 46.28048780487805), (82, 46.63855421686747), (83, 46.94047619047619), (84, 48.64705882352941), (85, 48.83720930232558), (86, 48.59770114942529), (87, 48.32954545454545), (88, 48.168539325842694), (89, 47.955555555555556), (90, 48.38461538461539), (91, 48.108695652173914), (92, 48.40860215053763), (93, 48.297872340425535), (94, 48.77894736842105), (95, 49.25), (96, 49.103092783505154), (97, 49.63265306122449), (98, 50.515151515151516), (99, 51.05050505050505), (100, 52.01010101010101), (101, 53.111111111111114), (102, 54.41414141414141), (103, 55.01010101010101), (104, 56.35353535353536), (105, 56.77777777777778), (106, 56.898989898989896), (107, 57.38383838383838), (108, 57.464646464646464), (109, 57.81818181818182), (110, 58.7979797979798), (111, 60.313131313131315), (112, 60.56565656565657), (113, 60.525252525252526), (114, 61.42424242424242), (115, 61.888888888888886), (116, 62.2020202020202), (117, 63.111111111111114), (118, 63.74747474747475), (119, 63.80808080808081), (120, 64.9090909090909), (121, 65.04040404040404), (122, 65.38383838383838), (123, 66.05050505050505), (124, 66.03030303030303), (125, 66.66666666666667), (126, 66.60606060606061), (127, 67.01010101010101), (128, 67.16161616161617), (129, 67.48484848484848), (130, 67.88888888888889), (131, 68.29292929292929), (132, 69.15151515151516), (133, 70.02020202020202), (134, 69.73737373737374), (135, 70.6969696969697), (136, 70.52525252525253), (137, 71.60606060606061), (138, 71.82828282828282), (139, 72.28282828282828), (140, 72.34343434343434), (141, 71.94949494949495), (142, 71.8080808080808), (143, 71.91919191919192), (144, 71.9090909090909), (145, 71.75757575757575), (146, 71.83838383838383), (147, 72.08080808080808), (148, 72.39393939393939), (149, 73.03030303030303), (150, 72.93939393939394), (151, 73.67676767676768), (152, 73.68686868686869), (153, 73.62626262626263), (154, 73.88888888888889), (155, 74.74747474747475), (156, 75.1010101010101), (157, 75.27272727272727), (158, 75.98989898989899), (159, 76.98989898989899), (160, 77.33333333333333), (161, 78.47474747474747), (162, 78.88888888888889), (163, 79.64646464646465), (164, 80.63636363636364), (165, 81.03030303030303), (166, 81.4040404040404), (167, 81.5959595959596), (168, 83.42424242424242), (169, 83.52525252525253), (170, 83.95959595959596), (171, 84.43434343434343), (172, 85.3030303030303), (173, 85.43434343434343), (174, 87.06060606060606), (175, 88.33333333333333), (176, 89.15151515151516), (177, 90.84848484848484), (178, 91.76767676767676), (179, 92.82828282828282), (180, 93.35353535353535), (181, 93.61616161616162), (182, 93.6969696969697), (183, 92.79797979797979), (184, 94.0), (185, 94.68686868686869), (186, 95.5959595959596), (187, 96.8989898989899), (188, 97.68686868686869), (189, 98.27272727272727), (190, 99.42424242424242), (191, 100.31313131313131), (192, 101.63636363636364), (193, 102.45454545454545), (194, 103.38383838383838), (195, 104.42424242424242), (196, 104.5050505050505), (197, 105.02020202020202), (198, 105.29292929292929), (199, 105.21212121212122), (200, 105.42424242424242), (201, 105.31313131313131), (202, 106.43434343434343), (203, 106.4040404040404), (204, 107.11111111111111), (205, 107.41414141414141), (206, 108.16161616161617), (207, 109.48484848484848), (208, 110.41414141414141), (209, 111.25252525252525), (210, 111.11111111111111), (211, 112.47474747474747), (212, 113.4949494949495), (213, 113.28282828282828), (214, 113.33333333333333), (215, 114.58585858585859), (216, 114.74747474747475), (217, 115.13131313131314), (218, 115.46464646464646), (219, 115.27272727272727), (220, 116.31313131313131), (221, 117.5959595959596), (222, 118.65656565656566), (223, 118.92929292929293), (224, 119.1010101010101), (225, 120.8080808080808), (226, 121.86868686868686), (227, 122.31313131313131), (228, 122.04040404040404), (229, 123.01010101010101), (230, 124.22222222222223), (231, 124.02020202020202), (232, 124.01010101010101), (233, 124.95959595959596), (234, 125.5050505050505), (235, 126.87878787878788), (236, 127.47474747474747), (237, 128.03030303030303), (238, 129.27272727272728), (239, 130.87878787878788), (240, 131.92929292929293), (241, 132.37373737373738), (242, 133.4848484848485), (243, 133.82828282828282), (244, 134.34343434343435), (245, 135.59595959595958), (246, 135.75757575757575), (247, 136.62626262626262), (248, 137.4949494949495), (249, 138.0909090909091), (250, 139.06060606060606), (251, 140.11111111111111), (252, 141.8080808080808), (253, 142.8080808080808), (254, 142.91919191919192), (255, 144.08080808080808), (256, 145.40404040404042), (257, 146.34343434343435), (258, 147.03030303030303), (259, 148.15151515151516), (260, 148.76767676767676), (261, 149.53535353535352), (262, 149.44444444444446), (263, 149.2828282828283), (264, 150.3030303030303), (265, 150.5151515151515), (266, 152.11111111111111), (267, 152.11111111111111), (268, 152.6161616161616), (269, 152.92929292929293), (270, 153.64646464646464), (271, 154.32323232323233), (272, 155.04040404040404), (273, 155.04040404040404), (274, 155.25252525252526), (275, 155.65656565656565), (276, 155.3939393939394), (277, 155.91919191919192), (278, 156.45454545454547), (279, 157.25252525252526), (280, 157.93939393939394), (281, 159.15151515151516), (282, 160.13131313131314), (283, 160.2929292929293), (284, 160.75757575757575), (285, 161.6161616161616), (286, 161.989898989899), (287, 162.2828282828283), (288, 162.83838383838383), (289, 163.4747474747475), (290, 163.40404040404042), (291, 163.65656565656565), (292, 163.9090909090909), (293, 163.73737373737373), (294, 163.84848484848484), (295, 164.76767676767676), (296, 163.82828282828282), (297, 164.35353535353536), (298, 165.1919191919192), (299, 165.4848484848485), (300, 166.2020202020202), (301, 166.1818181818182), (302, 166.73737373737373), (303, 167.44444444444446), (304, 168.5050505050505), (305, 168.95959595959596), (306, 168.85858585858585), (307, 169.2828282828283), (308, 169.2828282828283), (309, 169.64646464646464), (310, 169.64646464646464), (311, 169.64646464646464), (312, 170.63636363636363), (313, 171.7171717171717), (314, 171.67676767676767), (315, 171.95959595959596), (316, 172.76767676767676), (317, 173.82828282828282), (318, 174.57575757575756), (319, 174.2020202020202), (320, 174.2020202020202), (321, 174.2020202020202), (322, 175.34343434343435), (323, 176.42424242424244), (324, 176.45454545454547), (325, 176.64646464646464), (326, 177.25252525252526), (327, 177.97979797979798), (328, 178.22222222222223), (329, 178.22222222222223), (330, 179.40404040404042), (331, 180.33333333333334), (332, 181.23232323232324), (333, 181.23232323232324), (334, 181.41414141414143), (335, 181.41414141414143), (336, 182.26262626262627), (337, 182.26262626262627), (338, 182.26262626262627), (339, 182.58585858585857), (340, 183.23232323232324), (341, 183.7979797979798), (342, 184.91919191919192), (343, 185.58585858585857), (344, 185.63636363636363), (345, 186.68686868686868), (346, 187.33333333333334), (347, 187.33333333333334), (348, 187.8080808080808), (349, 187.8080808080808), (350, 188.06060606060606), (351, 188.06060606060606), (352, 188.12121212121212), (353, 188.93939393939394), (354, 188.93939393939394), (355, 188.93939393939394), (356, 188.93939393939394), (357, 188.64646464646464), (358, 188.7171717171717), (359, 188.7171717171717), (360, 189.15151515151516), (361, 189.87878787878788), (362, 190.85858585858585), (363, 190.85858585858585), (364, 191.4747474747475), (365, 191.4747474747475), (366, 191.4747474747475), (367, 191.8989898989899), (368, 192.8181818181818), (369, 192.8181818181818), (370, 192.8181818181818), (371, 193.16161616161617), (372, 193.16161616161617), (373, 193.16161616161617), (374, 193.16161616161617), (375, 193.42424242424244), (376, 193.42424242424244), (377, 193.42424242424244), (378, 193.42424242424244), (379, 193.72727272727272), (380, 193.72727272727272), (381, 193.72727272727272), (382, 193.40404040404042), (383, 193.989898989899), (384, 193.989898989899), (385, 193.7070707070707), (386, 194.35353535353536), (387, 194.35353535353536), (388, 194.35353535353536), (389, 194.78787878787878), (390, 194.2828282828283), (391, 194.14141414141415), (392, 194.45454545454547), (393, 194.45454545454547), (394, 194.45454545454547), (395, 195.5151515151515), (396, 195.66666666666666), (397, 195.66666666666666), (398, 195.73737373737373), (399, 195.73737373737373), (400, 195.75757575757575), (401, 195.75757575757575), (402, 195.2020202020202), (403, 194.53535353535352), (404, 194.53535353535352), (405, 195.04040404040404), (406, 195.04040404040404), (407, 195.04040404040404), (408, 194.35353535353536), (409, 194.35353535353536), (410, 194.35353535353536), (411, 194.44444444444446), (412, 194.44444444444446), (413, 194.40404040404042), (414, 193.66666666666666), (415, 192.7979797979798), (416, 192.7979797979798), (417, 192.5151515151515), (418, 192.6969696969697), (419, 191.86868686868686), (420, 191.86868686868686), (421, 191.68686868686868), (422, 191.6060606060606), (423, 191.6060606060606), (424, 191.6060606060606), (425, 191.67676767676767), (426, 192.16161616161617), (427, 192.11111111111111), (428, 191.32323232323233), (429, 191.32323232323233), (430, 191.32323232323233), (431, 191.32323232323233), (432, 190.54545454545453), (433, 190.54545454545453), (434, 190.31313131313132), (435, 189.82828282828282), (436, 189.78787878787878), (437, 189.25252525252526), (438, 189.25252525252526), (439, 188.5151515151515), (440, 188.5151515151515), (441, 187.95959595959596), (442, 187.67676767676767), (443, 187.32323232323233), (444, 187.03030303030303), (445, 186.8181818181818), (446, 186.8181818181818), (447, 186.13131313131314), (448, 185.6161616161616), (449, 185.55555555555554), (450, 184.76767676767676), (451, 183.74747474747474), (452, 183.6060606060606), (453, 183.46464646464648), (454, 182.63636363636363), (455, 181.85858585858585), (456, 181.989898989899), (457, 181.67676767676767), (458, 181.16161616161617), (459, 180.95959595959596), (460, 180.1818181818182), (461, 180.0), (462, 179.37373737373738), (463, 178.94949494949495), (464, 178.94949494949495), (465, 177.94949494949495), (466, 177.8181818181818), (467, 177.2828282828283), (468, 177.1818181818182), (469, 176.73737373737373), (470, 175.75757575757575), (471, 175.58585858585857), (472, 175.14141414141415), (473, 174.86868686868686), (474, 174.05050505050505), (475, 173.40404040404042), (476, 172.3939393939394), (477, 171.77777777777777), (478, 171.4848484848485), (479, 170.82828282828282), (480, 170.4949494949495), (481, 169.88888888888889), (482, 169.27272727272728), (483, 168.75757575757575), (484, 168.16161616161617), (485, 168.16161616161617), (486, 167.86868686868686), (487, 167.13131313131314), (488, 167.13131313131314), (489, 166.989898989899), (490, 166.25252525252526), (491, 166.25252525252526), (492, 166.12121212121212), (493, 165.8080808080808), (494, 164.75757575757575), (495, 164.13131313131314), (496, 164.13131313131314), (497, 163.34343434343435), (498, 162.45454545454547), (499, 161.95959595959596), (500, 161.2929292929293), (501, 161.37373737373738), (502, 161.54545454545453), (503, 160.9090909090909), (504, 160.41414141414143), (505, 159.5252525252525), (506, 159.5151515151515), (507, 160.2020202020202), (508, 159.7070707070707), (509, 159.7070707070707), (510, 159.03030303030303), (511, 159.03030303030303), (512, 159.11111111111111), (513, 159.84848484848484), (514, 160.3838383838384), (515, 160.3838383838384), (516, 160.12121212121212), (517, 159.65656565656565), (518, 160.15151515151516), (519, 159.8181818181818), (520, 159.54545454545453), (521, 159.5252525252525), (522, 159.3838383838384), (523, 159.3838383838384), (524, 159.55555555555554), (525, 158.85858585858585), (526, 158.74747474747474), (527, 159.2828282828283), (528, 158.7171717171717), (529, 158.7171717171717), (530, 158.7171717171717), (531, 158.72727272727272), (532, 158.72727272727272), (533, 158.5252525252525), (534, 158.57575757575756), (535, 158.57575757575756), (536, 159.07070707070707), (537, 159.07070707070707), (538, 159.68686868686868), (539, 159.68686868686868), (540, 159.87878787878788), (541, 159.86868686868686), (542, 159.5252525252525), (543, 159.12121212121212), (544, 159.2828282828283), (545, 158.8080808080808), (546, 158.72727272727272), (547, 159.24242424242425), (548, 158.76767676767676), (549, 158.989898989899), (550, 159.06060606060606), (551, 159.2020202020202), (552, 158.55555555555554), (553, 159.3838383838384), (554, 159.4848484848485), (555, 158.82828282828282), (556, 158.83838383838383), (557, 158.65656565656565), (558, 158.0909090909091), (559, 158.4848484848485), (560, 158.5252525252525), (561, 158.31313131313132), (562, 157.8989898989899), (563, 157.8989898989899), (564, 158.66666666666666), (565, 158.68686868686868), (566, 159.2020202020202), (567, 158.43434343434345), (568, 157.83838383838383), (569, 158.12121212121212), (570, 158.2929292929293), (571, 158.44444444444446), (572, 157.42424242424244), (573, 157.15151515151516), (574, 156.92929292929293), (575, 156.88888888888889), (576, 156.43434343434345), (577, 155.85858585858585), (578, 155.6161616161616), (579, 155.94949494949495), (580, 156.42424242424244), (581, 155.8181818181818), (582, 155.66666666666666), (583, 156.54545454545453), (584, 155.65656565656565), (585, 155.010101010101), (586, 154.97979797979798), (587, 154.97979797979798), (588, 154.6161616161616), (589, 155.02020202020202), (590, 154.41414141414143), (591, 154.04040404040404), (592, 154.35353535353536), (593, 155.40404040404042), (594, 155.40404040404042), (595, 154.75757575757575), (596, 154.7171717171717), (597, 154.88888888888889), (598, 154.9090909090909), (599, 155.08080808080808), (600, 154.68686868686868), (601, 154.75757575757575), (602, 154.3030303030303), (603, 154.26262626262627), (604, 154.95959595959596), (605, 154.21212121212122), (606, 154.05050505050505), (607, 153.73737373737373), (608, 152.76767676767676), (609, 152.59595959595958), (610, 152.59595959595958), (611, 152.5252525252525), (612, 151.8080808080808), (613, 151.59595959595958), (614, 150.68686868686868), (615, 151.23232323232324), (616, 151.7070707070707), (617, 151.58585858585857), (618, 151.91919191919192), (619, 152.37373737373738), (620, 151.55555555555554), (621, 151.6969696969697), (622, 151.13131313131314), (623, 150.35353535353536), (624, 150.3030303030303), (625, 150.46464646464648), (626, 149.96969696969697), (627, 149.74747474747474), (628, 148.72727272727272), (629, 148.21212121212122), (630, 148.6969696969697), (631, 148.34343434343435), (632, 148.15151515151516), (633, 147.7070707070707), (634, 146.75757575757575), (635, 146.0), (636, 145.72727272727272), (637, 145.63636363636363), (638, 144.5151515151515), (639, 144.65656565656565), (640, 144.31313131313132), (641, 144.74747474747474), (642, 144.85858585858585), (643, 144.54545454545453), (644, 144.33333333333334), (645, 144.13131313131314), (646, 143.26262626262627), (647, 143.45454545454547), (648, 143.12121212121212), (649, 143.4848484848485), (650, 143.12121212121212), (651, 143.40404040404042), (652, 142.7070707070707), (653, 142.8989898989899), (654, 143.02020202020202), (655, 142.4747474747475), (656, 143.17171717171718), (657, 143.4747474747475), (658, 142.75757575757575), (659, 142.8989898989899), (660, 143.26262626262627), (661, 144.1010101010101), (662, 144.0909090909091), (663, 143.63636363636363), (664, 143.4747474747475), (665, 143.4949494949495), (666, 143.95959595959596), (667, 144.2020202020202), (668, 144.8989898989899), (669, 144.0), (670, 144.2929292929293), (671, 145.3838383838384), (672, 146.34343434343435), (673, 147.0909090909091), (674, 147.63636363636363), (675, 148.7070707070707), (676, 149.1010101010101), (677, 149.0909090909091), (678, 148.23232323232324), (679, 148.3838383838384), (680, 149.6060606060606), (681, 149.64646464646464), (682, 149.010101010101), (683, 149.2929292929293), (684, 150.11111111111111), (685, 150.15151515151516), (686, 150.07070707070707), (687, 151.14141414141415), (688, 151.6161616161616), (689, 151.74747474747474), (690, 152.2828282828283), (691, 151.78787878787878), (692, 150.93939393939394), (693, 151.56565656565655), (694, 151.59595959595958), (695, 152.2828282828283), (696, 152.96969696969697), (697, 152.57575757575756), (698, 152.2828282828283), (699, 152.5151515151515), (700, 152.93939393939394), (701, 153.63636363636363), (702, 154.07070707070707), (703, 154.26262626262627), (704, 155.02020202020202), (705, 155.16161616161617), (706, 155.6161616161616), (707, 156.1919191919192), (708, 156.5252525252525), (709, 156.0909090909091), (710, 155.74747474747474), (711, 155.8080808080808), (712, 155.93939393939394), (713, 156.62626262626262), (714, 156.24242424242425), (715, 156.68686868686868), (716, 157.14141414141415), (717, 156.57575757575756), (718, 156.57575757575756), (719, 157.4949494949495), (720, 157.4949494949495), (721, 158.06060606060606), (722, 158.37373737373738), (723, 159.12121212121212), (724, 158.73737373737373), (725, 158.77777777777777), (726, 159.23232323232324), (727, 160.1919191919192), (728, 160.7070707070707), (729, 160.42424242424244), (730, 160.7070707070707), (731, 161.33333333333334), (732, 162.21212121212122), (733, 162.83838383838383), (734, 163.32323232323233), (735, 163.59595959595958), (736, 163.16161616161617), (737, 164.2828282828283), (738, 164.3030303030303), (739, 164.59595959595958), (740, 164.85858585858585), (741, 165.44444444444446), (742, 165.8080808080808), (743, 166.4949494949495), (744, 166.72727272727272), (745, 167.59595959595958), (746, 167.6969696969697), (747, 168.03030303030303), (748, 168.59595959595958), (749, 168.6969696969697), (750, 169.2020202020202), (751, 169.8989898989899), (752, 169.77777777777777), (753, 170.23232323232324), (754, 171.08080808080808), (755, 171.08080808080808), (756, 171.54545454545453), (757, 172.22222222222223), (758, 172.22222222222223), (759, 172.6969696969697), (760, 172.6969696969697), (761, 172.7070707070707), (762, 173.3939393939394), (763, 173.40404040404042), (764, 173.21212121212122), (765, 173.42424242424244), (766, 174.22222222222223), (767, 174.1818181818182), (768, 175.08080808080808), (769, 175.08080808080808), (770, 175.2828282828283), (771, 175.41414141414143), (772, 175.53535353535352), (773, 176.04040404040404), (774, 176.04040404040404), (775, 176.5151515151515), (776, 177.42424242424244), (777, 178.2828282828283), (778, 178.58585858585857), (779, 178.58585858585857), (780, 179.21212121212122), (781, 179.84848484848484), (782, 180.45454545454547), (783, 180.57575757575756), (784, 181.3030303030303), (785, 181.3838383838384), (786, 181.3838383838384), (787, 181.3838383838384), (788, 181.85858585858585), (789, 182.16161616161617), (790, 182.65656565656565), (791, 183.5050505050505), (792, 183.5050505050505), (793, 184.12121212121212), (794, 184.37373737373738), (795, 184.40404040404042), (796, 185.27272727272728), (797, 186.06060606060606), (798, 186.63636363636363), (799, 186.63636363636363), (800, 186.989898989899), (801, 187.0909090909091), (802, 186.7979797979798), (803, 186.7979797979798), (804, 186.53535353535352), (805, 186.88888888888889), (806, 187.2828282828283), (807, 187.7979797979798), (808, 188.23232323232324), (809, 188.64646464646464), (810, 189.3030303030303), (811, 189.7171717171717), (812, 189.93939393939394), (813, 190.32323232323233), (814, 190.32323232323233), (815, 190.32323232323233), (816, 190.88888888888889), (817, 190.88888888888889), (818, 190.88888888888889), (819, 190.88888888888889), (820, 190.88888888888889), (821, 191.35353535353536), (822, 191.35353535353536), (823, 191.73737373737373), (824, 192.44444444444446), (825, 192.77777777777777), (826, 192.83838383838383), (827, 192.56565656565655), (828, 193.13131313131314), (829, 193.2020202020202), (830, 193.2020202020202), (831, 193.2020202020202), (832, 193.56565656565655), (833, 193.87878787878788), (834, 193.87878787878788), (835, 194.4848484848485), (836, 194.22222222222223), (837, 194.42424242424244), (838, 194.76767676767676), (839, 194.76767676767676), (840, 194.76767676767676), (841, 194.76767676767676), (842, 194.76767676767676), (843, 195.5050505050505), (844, 195.5050505050505), (845, 195.74747474747474), (846, 196.31313131313132), (847, 195.989898989899), (848, 196.25252525252526), (849, 196.25252525252526), (850, 196.25252525252526), (851, 196.85858585858585), (852, 197.11111111111111), (853, 197.11111111111111), (854, 197.11111111111111), (855, 197.11111111111111), (856, 197.53535353535352), (857, 197.3030303030303), (858, 197.3030303030303), (859, 197.3030303030303), (860, 197.15151515151516), (861, 197.15151515151516), (862, 197.41414141414143), (863, 197.6060606060606), (864, 197.7979797979798), (865, 197.7979797979798), (866, 197.83838383838383), (867, 197.83838383838383), (868, 197.83838383838383), (869, 197.83838383838383), (870, 197.83838383838383), (871, 197.83838383838383), (872, 197.83838383838383), (873, 197.83838383838383), (874, 197.83838383838383), (875, 197.83838383838383), (876, 197.83838383838383), (877, 197.83838383838383), (878, 197.83838383838383), (879, 197.83838383838383), (880, 197.83838383838383), (881, 197.83838383838383), (882, 197.83838383838383), (883, 197.83838383838383), (884, 197.7979797979798), (885, 197.7979797979798), (886, 197.7979797979798), (887, 197.7979797979798), (888, 197.95959595959596), (889, 197.95959595959596), (890, 197.95959595959596), (891, 197.95959595959596), (892, 197.95959595959596), (893, 197.95959595959596), (894, 197.95959595959596), (895, 197.95959595959596), (896, 197.95959595959596), (897, 198.02020202020202), (898, 198.02020202020202), (899, 198.06060606060606), (900, 198.06060606060606), (901, 198.35353535353536), (902, 198.35353535353536), (903, 198.63636363636363), (904, 198.63636363636363), (905, 198.63636363636363), (906, 198.63636363636363), (907, 198.4848484848485), (908, 198.14141414141415), (909, 198.14141414141415), (910, 198.14141414141415), (911, 198.14141414141415), (912, 198.14141414141415), (913, 198.14141414141415), (914, 198.14141414141415), (915, 198.14141414141415), (916, 198.14141414141415), (917, 198.14141414141415), (918, 198.14141414141415), (919, 198.14141414141415), (920, 198.14141414141415), (921, 198.14141414141415), (922, 198.14141414141415), (923, 198.14141414141415), (924, 198.14141414141415), (925, 198.14141414141415), (926, 198.41414141414143), (927, 198.41414141414143), (928, 198.41414141414143), (929, 198.41414141414143), (930, 198.41414141414143), (931, 198.41414141414143), (932, 198.41414141414143), (933, 198.41414141414143), (934, 198.45454545454547), (935, 198.5151515151515), (936, 198.5151515151515), (937, 198.5151515151515), (938, 198.5151515151515), (939, 198.5151515151515), (940, 198.5151515151515), (941, 198.5151515151515), (942, 198.5151515151515), (943, 198.5151515151515), (944, 198.5151515151515), (945, 198.5151515151515), (946, 198.85858585858585), (947, 198.85858585858585), (948, 198.85858585858585), (949, 198.85858585858585), (950, 198.85858585858585), (951, 198.85858585858585), (952, 198.85858585858585), (953, 198.85858585858585), (954, 198.85858585858585), (955, 198.85858585858585), (956, 199.0909090909091), (957, 199.0909090909091), (958, 199.0909090909091), (959, 199.24242424242425), (960, 199.24242424242425), (961, 199.24242424242425), (962, 199.24242424242425), (963, 199.24242424242425), (964, 199.24242424242425), (965, 199.24242424242425), (966, 199.24242424242425), (967, 199.24242424242425), (968, 199.24242424242425), (969, 199.24242424242425), (970, 199.24242424242425), (971, 199.24242424242425), (972, 199.24242424242425), (973, 199.24242424242425), (974, 199.24242424242425), (975, 199.24242424242425), (976, 199.24242424242425), (977, 199.24242424242425), (978, 199.24242424242425), (979, 199.24242424242425), (980, 199.24242424242425), (981, 199.24242424242425), (982, 199.24242424242425), (983, 199.2828282828283), (984, 199.2828282828283), (985, 199.2828282828283), (986, 199.2828282828283), (987, 199.3030303030303), (988, 199.3030303030303), (989, 199.3030303030303), (990, 199.3030303030303), (991, 199.3030303030303), (992, 199.3030303030303), (993, 199.3030303030303), (994, 199.3030303030303), (995, 199.3030303030303), (996, 199.3030303030303), (997, 199.3030303030303), (998, 199.3030303030303), (999, 199.3030303030303), (1000, 199.3030303030303), (1001, 199.3030303030303), (1002, 199.3030303030303), (1003, 199.3030303030303), (1004, 199.3030303030303), (1005, 199.3030303030303), (1006, 199.45454545454547), (1007, 199.7979797979798), (1008, 199.7979797979798), (1009, 199.7979797979798), (1010, 199.7979797979798), (1011, 199.7979797979798), (1012, 199.7979797979798), (1013, 199.7979797979798), (1014, 199.7979797979798), (1015, 199.7979797979798), (1016, 199.7979797979798), (1017, 199.7979797979798), (1018, 199.7979797979798), (1019, 199.7979797979798), (1020, 199.7979797979798), (1021, 199.7979797979798), (1022, 199.7979797979798), (1023, 199.7979797979798), (1024, 199.7979797979798), (1025, 199.7979797979798), (1026, 199.7979797979798), (1027, 199.7979797979798), (1028, 199.7979797979798), (1029, 199.7979797979798), (1030, 199.7979797979798), (1031, 199.7979797979798), (1032, 199.7979797979798), (1033, 199.7979797979798), (1034, 200.0), (1035, 200.0), (1036, 200.0), (1037, 200.0), (1038, 200.0), (1039, 200.0), (1040, 200.0), (1041, 200.0), (1042, 200.0), (1043, 200.0), (1044, 200.0), (1045, 200.0), (1046, 200.0), (1047, 200.0), (1048, 200.0), (1049, 200.0), (1050, 200.0), (1051, 200.0), (1052, 200.0), (1053, 200.0), (1054, 200.0), (1055, 200.0), (1056, 199.88888888888889), (1057, 199.88888888888889), (1058, 199.88888888888889), (1059, 199.88888888888889), (1060, 199.88888888888889), (1061, 199.57575757575756), (1062, 199.57575757575756), (1063, 199.57575757575756), (1064, 199.57575757575756), (1065, 199.57575757575756), (1066, 199.57575757575756), (1067, 199.57575757575756), (1068, 199.5050505050505), (1069, 199.36363636363637), (1070, 199.36363636363637), (1071, 199.36363636363637), (1072, 199.36363636363637), (1073, 199.36363636363637), (1074, 199.36363636363637), (1075, 198.86868686868686), (1076, 198.86868686868686), (1077, 198.4747474747475), (1078, 198.4747474747475), (1079, 198.4747474747475), (1080, 198.4747474747475), (1081, 198.21212121212122), (1082, 198.21212121212122), (1083, 198.21212121212122), (1084, 197.95959595959596), (1085, 197.95959595959596), (1086, 197.95959595959596), (1087, 197.95959595959596), (1088, 197.95959595959596), (1089, 197.95959595959596), (1090, 197.95959595959596), (1091, 197.95959595959596), (1092, 197.95959595959596), (1093, 197.75757575757575), (1094, 197.75757575757575), (1095, 197.75757575757575), (1096, 197.75757575757575), (1097, 197.75757575757575), (1098, 197.58585858585857), (1099, 197.58585858585857), (1100, 197.58585858585857), (1101, 197.58585858585857), (1102, 197.58585858585857), (1103, 197.58585858585857), (1104, 197.58585858585857), (1105, 197.58585858585857), (1106, 197.58585858585857), (1107, 197.58585858585857), (1108, 197.58585858585857), (1109, 197.58585858585857), (1110, 197.5151515151515), (1111, 197.5151515151515), (1112, 197.5151515151515), (1113, 197.5151515151515), (1114, 197.42424242424244), (1115, 197.42424242424244), (1116, 197.42424242424244), (1117, 197.42424242424244), (1118, 197.42424242424244), (1119, 197.42424242424244), (1120, 197.42424242424244), (1121, 197.42424242424244), (1122, 197.42424242424244), (1123, 197.42424242424244), (1124, 197.42424242424244), (1125, 197.42424242424244), (1126, 197.42424242424244), (1127, 197.42424242424244), (1128, 197.42424242424244), (1129, 197.42424242424244), (1130, 197.42424242424244), (1131, 197.42424242424244), (1132, 197.40404040404042), (1133, 197.35353535353536), (1134, 197.35353535353536), (1135, 197.35353535353536), (1136, 197.35353535353536), (1137, 196.84848484848484), (1138, 196.84848484848484), (1139, 196.84848484848484), (1140, 196.84848484848484), (1141, 196.84848484848484), (1142, 196.84848484848484), (1143, 196.84848484848484), (1144, 196.84848484848484), (1145, 196.84848484848484), (1146, 196.84848484848484), (1147, 196.84848484848484), (1148, 196.84848484848484), (1149, 196.84848484848484), (1150, 196.8181818181818), (1151, 196.8181818181818), (1152, 196.8181818181818), (1153, 196.8181818181818), (1154, 196.8181818181818), (1155, 196.92929292929293), (1156, 196.92929292929293), (1157, 196.73737373737373), (1158, 196.73737373737373), (1159, 196.73737373737373), (1160, 197.05050505050505), (1161, 197.05050505050505), (1162, 196.84848484848484), (1163, 196.54545454545453), (1164, 196.54545454545453), (1165, 196.3939393939394), (1166, 196.3939393939394), (1167, 196.44444444444446), (1168, 196.58585858585857), (1169, 196.58585858585857), (1170, 196.3838383838384), (1171, 196.3838383838384), (1172, 196.3838383838384), (1173, 196.15151515151516), (1174, 196.58585858585857), (1175, 196.58585858585857), (1176, 196.97979797979798), (1177, 196.97979797979798), (1178, 196.72727272727272), (1179, 196.6969696969697), (1180, 196.95959595959596), (1181, 196.95959595959596), (1182, 196.95959595959596), (1183, 197.06060606060606), (1184, 197.06060606060606), (1185, 197.06060606060606), (1186, 196.73737373737373), (1187, 196.73737373737373), (1188, 196.73737373737373), (1189, 196.73737373737373), (1190, 196.73737373737373), (1191, 196.53535353535352), (1192, 196.73737373737373), (1193, 196.5050505050505), (1194, 196.5050505050505), (1195, 196.5050505050505), (1196, 196.5050505050505), (1197, 196.26262626262627), (1198, 196.26262626262627), (1199, 196.26262626262627), (1200, 195.55555555555554), (1201, 195.32323232323233), (1202, 195.32323232323233), (1203, 195.32323232323233), (1204, 195.32323232323233), (1205, 194.8080808080808), (1206, 194.8080808080808), (1207, 194.59595959595958), (1208, 194.41414141414143), (1209, 194.4848484848485), (1210, 194.4848484848485), (1211, 194.4848484848485), (1212, 194.4848484848485), (1213, 194.57575757575756), (1214, 194.57575757575756), (1215, 194.57575757575756), (1216, 194.57575757575756), (1217, 194.57575757575756), (1218, 194.22222222222223), (1219, 193.75757575757575), (1220, 193.6969696969697), (1221, 193.16161616161617), (1222, 193.07070707070707), (1223, 193.06060606060606), (1224, 193.06060606060606), (1225, 192.75757575757575), (1226, 192.6060606060606), (1227, 192.0), (1228, 191.95959595959596), (1229, 191.95959595959596), (1230, 191.42424242424244), (1231, 191.2929292929293), (1232, 190.91919191919192), (1233, 190.73737373737373), (1234, 190.73737373737373), (1235, 190.35353535353536), (1236, 190.68686868686868), (1237, 190.68686868686868), (1238, 190.1919191919192), (1239, 189.76767676767676), (1240, 189.68686868686868), (1241, 189.68686868686868), (1242, 189.68686868686868), (1243, 189.56565656565655), (1244, 189.12121212121212), (1245, 189.12121212121212), (1246, 189.12121212121212), (1247, 189.12121212121212), (1248, 189.12121212121212), (1249, 188.8080808080808), (1250, 188.8080808080808), (1251, 188.74747474747474), (1252, 188.74747474747474), (1253, 188.74747474747474), (1254, 188.23232323232324), (1255, 188.23232323232324), (1256, 188.1010101010101), (1257, 188.1010101010101), (1258, 188.010101010101), (1259, 188.010101010101), (1260, 188.010101010101), (1261, 188.21212121212122), (1262, 188.5151515151515), (1263, 188.43434343434345), (1264, 188.44444444444446), (1265, 188.44444444444446), (1266, 188.46464646464648), (1267, 188.46464646464648), (1268, 188.33333333333334), (1269, 188.53535353535352), (1270, 188.53535353535352), (1271, 188.5151515151515), (1272, 188.74747474747474), (1273, 188.8080808080808), (1274, 188.8080808080808), (1275, 188.8080808080808), (1276, 188.8080808080808), (1277, 189.06060606060606), (1278, 189.0909090909091), (1279, 188.9090909090909), (1280, 188.87878787878788), (1281, 188.75757575757575), (1282, 188.8080808080808), (1283, 188.8080808080808), (1284, 188.8080808080808), (1285, 189.13131313131314), (1286, 188.87878787878788), (1287, 188.87878787878788), (1288, 188.87878787878788), (1289, 188.87878787878788), (1290, 189.08080808080808), (1291, 189.08080808080808), (1292, 189.12121212121212), (1293, 189.12121212121212), (1294, 189.07070707070707), (1295, 189.07070707070707), (1296, 189.4848484848485), (1297, 189.4848484848485), (1298, 189.4848484848485), (1299, 190.1919191919192), (1300, 190.42424242424244), (1301, 190.35353535353536), (1302, 190.35353535353536), (1303, 190.35353535353536), (1304, 190.86868686868686), (1305, 190.86868686868686), (1306, 191.08080808080808), (1307, 191.26262626262627), (1308, 191.26262626262627), (1309, 191.26262626262627), (1310, 191.26262626262627), (1311, 191.26262626262627), (1312, 191.26262626262627), (1313, 191.04040404040404), (1314, 191.04040404040404), (1315, 191.04040404040404), (1316, 190.96969696969697), (1317, 191.32323232323233), (1318, 191.78787878787878), (1319, 191.84848484848484), (1320, 192.3838383838384), (1321, 192.4747474747475), (1322, 192.34343434343435), (1323, 192.34343434343435), (1324, 192.64646464646464), (1325, 192.7979797979798), (1326, 193.40404040404042), (1327, 193.44444444444446), (1328, 193.44444444444446), (1329, 193.84848484848484), (1330, 194.0), (1331, 194.42424242424244), (1332, 194.6060606060606), (1333, 194.6060606060606), (1334, 194.989898989899), (1335, 195.16161616161617), (1336, 195.16161616161617), (1337, 195.65656565656565), (1338, 196.08080808080808), (1339, 196.16161616161617), (1340, 196.16161616161617), (1341, 196.16161616161617), (1342, 196.2828282828283), (1343, 196.72727272727272), (1344, 196.72727272727272), (1345, 196.72727272727272), (1346, 196.72727272727272), (1347, 196.72727272727272), (1348, 197.07070707070707), (1349, 196.9090909090909), (1350, 196.96969696969697), (1351, 196.96969696969697), (1352, 196.96969696969697), (1353, 197.4848484848485), (1354, 197.4848484848485), (1355, 197.8080808080808), (1356, 197.7979797979798), (1357, 197.88888888888889), (1358, 197.88888888888889), (1359, 197.88888888888889), (1360, 197.88888888888889), (1361, 197.88888888888889), (1362, 197.96969696969697), (1363, 198.11111111111111), (1364, 198.11111111111111), (1365, 198.11111111111111), (1366, 198.11111111111111), (1367, 198.24242424242425), (1368, 198.24242424242425), (1369, 198.24242424242425), (1370, 198.26262626262627), (1371, 198.26262626262627), (1372, 198.26262626262627), (1373, 198.26262626262627), (1374, 198.26262626262627), (1375, 198.26262626262627), (1376, 198.26262626262627), (1377, 198.26262626262627), (1378, 198.44444444444446), (1379, 198.4747474747475), (1380, 198.43434343434345), (1381, 198.53535353535352), (1382, 198.53535353535352), (1383, 198.53535353535352), (1384, 198.53535353535352), (1385, 198.78787878787878), (1386, 198.78787878787878), (1387, 198.78787878787878), (1388, 198.78787878787878), (1389, 198.78787878787878), (1390, 198.78787878787878), (1391, 198.97979797979798), (1392, 198.97979797979798), (1393, 199.03030303030303), (1394, 199.03030303030303)]
