<class 'gym.envs.classic_control.cartpole.CartPoleEnv'>
Iteration 0 avg reward 19.000000
Iteration 100 avg reward 47.656566
Iteration 200 avg reward 73.020202
Iteration 300 avg reward 115.818182
Iteration 400 avg reward 159.191919
Iteration 500 avg reward 178.373737
Iteration 600 avg reward 187.444444
Iteration 700 avg reward 190.191919
Iteration 800 avg reward 192.868687
Iteration 900 avg reward 197.828283
Iteration 1000 avg reward 200.000000
Iteration 1100 avg reward 199.414141
Iteration 1200 avg reward 194.838384
Iteration 1300 avg reward 199.898990
Iteration 1400 avg reward 190.414141
Iteration 1500 avg reward 191.202020
Iteration 1600 avg reward 192.747475
Iteration 1700 avg reward 200.000000
[(0, 19.0), (1, 24.0), (2, 23.0), (3, 21.5), (4, 22.6), (5, 22.0), (6, 25.0), (7, 24.375), (8, 29.333333333333332), (9, 30.6), (10, 35.72727272727273), (11, 35.083333333333336), (12, 36.30769230769231), (13, 37.785714285714285), (14, 36.46666666666667), (15, 35.4375), (16, 34.64705882352941), (17, 35.611111111111114), (18, 37.421052631578945), (19, 36.55), (20, 35.857142857142854), (21, 35.22727272727273), (22, 35.65217391304348), (23, 37.541666666666664), (24, 38.16), (25, 38.69230769230769), (26, 39.0), (27, 38.67857142857143), (28, 38.41379310344828), (29, 39.9), (30, 39.0), (31, 39.59375), (32, 38.96969696969697), (33, 39.0), (34, 38.6), (35, 38.888888888888886), (36, 38.54054054054054), (37, 38.44736842105263), (38, 40.30769230769231), (39, 40.35), (40, 39.8780487804878), (41, 40.285714285714285), (42, 40.97674418604651), (43, 40.54545454545455), (44, 41.0), (45, 41.04347826086956), (46, 43.08510638297872), (47, 43.270833333333336), (48, 44.0), (49, 44.08), (50, 43.705882352941174), (51, 43.55769230769231), (52, 43.83018867924528), (53, 43.75925925925926), (54, 43.72727272727273), (55, 43.392857142857146), (56, 43.56140350877193), (57, 43.39655172413793), (58, 43.32203389830509), (59, 42.95), (60, 42.885245901639344), (61, 43.064516129032256), (62, 42.682539682539684), (63, 42.734375), (64, 42.43076923076923), (65, 42.03030303030303), (66, 43.940298507462686), (67, 44.029411764705884), (68, 44.18840579710145), (69, 44.5), (70, 44.36619718309859), (71, 44.72222222222222), (72, 44.89041095890411), (73, 44.932432432432435), (74, 44.666666666666664), (75, 44.60526315789474), (76, 45.116883116883116), (77, 45.06410256410256), (78, 44.89873417721519), (79, 44.65), (80, 44.48148148148148), (81, 44.53658536585366), (82, 44.57831325301205), (83, 44.595238095238095), (84, 44.6), (85, 44.52325581395349), (86, 44.49425287356322), (87, 44.53409090909091), (88, 44.640449438202246), (89, 45.611111111111114), (90, 45.747252747252745), (91, 46.05434782608695), (92, 46.16129032258065), (93, 46.180851063829785), (94, 46.11578947368421), (95, 46.197916666666664), (96, 46.75257731958763), (97, 46.56122448979592), (98, 46.464646464646464), (99, 47.2020202020202), (100, 47.656565656565654), (101, 48.38383838383838), (102, 48.57575757575758), (103, 49.01010101010101), (104, 49.13131313131313), (105, 49.121212121212125), (106, 49.19191919191919), (107, 49.58585858585859), (108, 49.878787878787875), (109, 49.45454545454545), (110, 49.56565656565657), (111, 50.08080808080808), (112, 50.57575757575758), (113, 51.07070707070707), (114, 52.505050505050505), (115, 53.101010101010104), (116, 53.38383838383838), (117, 54.101010101010104), (118, 54.525252525252526), (119, 55.07070707070707), (120, 55.35353535353536), (121, 55.72727272727273), (122, 55.43434343434343), (123, 55.81818181818182), (124, 55.55555555555556), (125, 55.93939393939394), (126, 56.333333333333336), (127, 57.16161616161616), (128, 56.878787878787875), (129, 57.76767676767677), (130, 57.74747474747475), (131, 58.04040404040404), (132, 57.90909090909091), (133, 58.4040404040404), (134, 58.44444444444444), (135, 59.2020202020202), (136, 59.86868686868687), (137, 59.44444444444444), (138, 59.26262626262626), (139, 59.888888888888886), (140, 59.94949494949495), (141, 59.333333333333336), (142, 59.64646464646464), (143, 59.7979797979798), (144, 60.4040404040404), (145, 59.81818181818182), (146, 59.82828282828283), (147, 59.91919191919192), (148, 60.39393939393939), (149, 61.08080808080808), (150, 61.686868686868685), (151, 61.666666666666664), (152, 61.56565656565657), (153, 61.81818181818182), (154, 62.25252525252525), (155, 62.09090909090909), (156, 62.5959595959596), (157, 62.656565656565654), (158, 62.888888888888886), (159, 62.93939393939394), (160, 63.121212121212125), (161, 63.5959595959596), (162, 64.53535353535354), (163, 64.61616161616162), (164, 64.8080808080808), (165, 63.5959595959596), (166, 63.474747474747474), (167, 63.85858585858586), (168, 64.07070707070707), (169, 64.1919191919192), (170, 64.02020202020202), (171, 63.96969696969697), (172, 63.80808080808081), (173, 64.76767676767676), (174, 64.92929292929293), (175, 64.75757575757575), (176, 64.98989898989899), (177, 65.53535353535354), (178, 65.72727272727273), (179, 66.94949494949495), (180, 66.78787878787878), (181, 67.39393939393939), (182, 67.36363636363636), (183, 67.71717171717172), (184, 68.47474747474747), (185, 69.52525252525253), (186, 69.9090909090909), (187, 70.06060606060606), (188, 69.28282828282828), (189, 70.17171717171718), (190, 69.88888888888889), (191, 70.22222222222223), (192, 70.41414141414141), (193, 70.86868686868686), (194, 70.95959595959596), (195, 70.5050505050505), (196, 71.53535353535354), (197, 73.18181818181819), (198, 73.11111111111111), (199, 73.23232323232324), (200, 73.02020202020202), (201, 73.22222222222223), (202, 73.07070707070707), (203, 73.61616161616162), (204, 73.86868686868686), (205, 74.18181818181819), (206, 74.0), (207, 74.37373737373737), (208, 75.37373737373737), (209, 75.81818181818181), (210, 75.71717171717172), (211, 75.21212121212122), (212, 74.84848484848484), (213, 73.93939393939394), (214, 73.6969696969697), (215, 73.45454545454545), (216, 72.53535353535354), (217, 72.83838383838383), (218, 74.0909090909091), (219, 74.43434343434343), (220, 74.05050505050505), (221, 74.41414141414141), (222, 73.82828282828282), (223, 74.17171717171718), (224, 73.88888888888889), (225, 73.57575757575758), (226, 73.75757575757575), (227, 74.12121212121212), (228, 73.84848484848484), (229, 74.39393939393939), (230, 74.8080808080808), (231, 75.16161616161617), (232, 76.43434343434343), (233, 76.63636363636364), (234, 76.32323232323232), (235, 76.36363636363636), (236, 76.68686868686869), (237, 77.42424242424242), (238, 77.1010101010101), (239, 77.36363636363636), (240, 78.0909090909091), (241, 78.36363636363636), (242, 78.75757575757575), (243, 79.5050505050505), (244, 79.46464646464646), (245, 80.66666666666667), (246, 81.03030303030303), (247, 81.36363636363636), (248, 82.44444444444444), (249, 82.4040404040404), (250, 82.44444444444444), (251, 83.52525252525253), (252, 84.38383838383838), (253, 84.96969696969697), (254, 85.8080808080808), (255, 85.96969696969697), (256, 86.83838383838383), (257, 88.41414141414141), (258, 89.74747474747475), (259, 90.77777777777777), (260, 92.0), (261, 92.41414141414141), (262, 93.79797979797979), (263, 95.46464646464646), (264, 96.97979797979798), (265, 98.61616161616162), (266, 99.6969696969697), (267, 100.83838383838383), (268, 102.15151515151516), (269, 102.17171717171718), (270, 102.66666666666667), (271, 103.57575757575758), (272, 103.31313131313131), (273, 104.21212121212122), (274, 105.1919191919192), (275, 106.33333333333333), (276, 107.01010101010101), (277, 107.33333333333333), (278, 107.23232323232324), (279, 108.64646464646465), (280, 107.75757575757575), (281, 108.15151515151516), (282, 107.84848484848484), (283, 107.1010101010101), (284, 107.64646464646465), (285, 108.79797979797979), (286, 109.32323232323232), (287, 110.13131313131314), (288, 110.67676767676768), (289, 111.72727272727273), (290, 112.84848484848484), (291, 114.1919191919192), (292, 115.35353535353535), (293, 115.77777777777777), (294, 115.63636363636364), (295, 116.34343434343434), (296, 114.45454545454545), (297, 114.91919191919192), (298, 114.92929292929293), (299, 115.48484848484848), (300, 115.81818181818181), (301, 115.62626262626263), (302, 116.24242424242425), (303, 116.29292929292929), (304, 117.72727272727273), (305, 118.83838383838383), (306, 119.76767676767676), (307, 119.96969696969697), (308, 121.15151515151516), (309, 121.17171717171718), (310, 122.62626262626263), (311, 124.33333333333333), (312, 123.97979797979798), (313, 125.42424242424242), (314, 126.87878787878788), (315, 128.3939393939394), (316, 128.66666666666666), (317, 127.26262626262626), (318, 126.73737373737374), (319, 126.86868686868686), (320, 126.18181818181819), (321, 127.58585858585859), (322, 127.28282828282828), (323, 127.45454545454545), (324, 127.70707070707071), (325, 127.73737373737374), (326, 127.1919191919192), (327, 127.0909090909091), (328, 128.0), (329, 128.2828282828283), (330, 129.40404040404042), (331, 128.12121212121212), (332, 129.02020202020202), (333, 130.33333333333334), (334, 131.2929292929293), (335, 132.2929292929293), (336, 133.33333333333334), (337, 134.83838383838383), (338, 134.25252525252526), (339, 134.5252525252525), (340, 135.73737373737373), (341, 136.59595959595958), (342, 136.82828282828282), (343, 137.3939393939394), (344, 137.67676767676767), (345, 138.44444444444446), (346, 139.17171717171718), (347, 139.17171717171718), (348, 138.57575757575756), (349, 139.989898989899), (350, 140.62626262626262), (351, 139.54545454545453), (352, 140.2929292929293), (353, 141.1010101010101), (354, 142.11111111111111), (355, 142.73737373737373), (356, 142.73737373737373), (357, 142.97979797979798), (358, 143.24242424242425), (359, 143.37373737373738), (360, 143.57575757575756), (361, 143.8989898989899), (362, 143.8989898989899), (363, 143.8989898989899), (364, 143.24242424242425), (365, 141.55555555555554), (366, 141.55555555555554), (367, 141.37373737373738), (368, 142.1010101010101), (369, 143.1010101010101), (370, 142.32323232323233), (371, 143.3939393939394), (372, 143.1010101010101), (373, 143.46464646464648), (374, 143.32323232323233), (375, 143.7979797979798), (376, 145.05050505050505), (377, 145.63636363636363), (378, 145.72727272727272), (379, 147.54545454545453), (380, 148.73737373737373), (381, 150.07070707070707), (382, 151.6969696969697), (383, 150.93939393939394), (384, 150.93939393939394), (385, 151.73737373737373), (386, 152.3939393939394), (387, 151.72727272727272), (388, 152.23232323232324), (389, 152.23232323232324), (390, 152.23232323232324), (391, 152.23232323232324), (392, 153.1919191919192), (393, 154.7979797979798), (394, 154.7979797979798), (395, 156.68686868686868), (396, 156.2929292929293), (397, 157.43434343434345), (398, 158.17171717171718), (399, 158.45454545454547), (400, 159.1919191919192), (401, 158.13131313131314), (402, 157.97979797979798), (403, 157.87878787878788), (404, 157.87878787878788), (405, 157.3030303030303), (406, 157.24242424242425), (407, 157.24242424242425), (408, 158.31313131313132), (409, 158.31313131313132), (410, 156.68686868686868), (411, 158.33333333333334), (412, 157.96969696969697), (413, 157.56565656565655), (414, 156.1818181818182), (415, 157.0), (416, 158.40404040404042), (417, 160.1010101010101), (418, 160.16161616161617), (419, 161.97979797979798), (420, 162.26262626262627), (421, 163.11111111111111), (422, 163.2929292929293), (423, 163.97979797979798), (424, 164.11111111111111), (425, 165.75757575757575), (426, 167.14141414141415), (427, 166.85858585858585), (428, 167.6969696969697), (429, 167.96969696969697), (430, 169.25252525252526), (431, 168.15151515151516), (432, 168.15151515151516), (433, 168.15151515151516), (434, 168.15151515151516), (435, 168.15151515151516), (436, 167.43434343434345), (437, 169.14141414141415), (438, 170.07070707070707), (439, 170.07070707070707), (440, 168.88888888888889), (441, 168.08080808080808), (442, 168.77777777777777), (443, 168.77777777777777), (444, 167.4848484848485), (445, 167.4848484848485), (446, 167.4848484848485), (447, 169.17171717171718), (448, 169.17171717171718), (449, 169.17171717171718), (450, 170.73737373737373), (451, 170.73737373737373), (452, 170.73737373737373), (453, 170.73737373737373), (454, 170.8080808080808), (455, 170.8080808080808), (456, 170.8080808080808), (457, 170.8080808080808), (458, 170.57575757575756), (459, 170.57575757575756), (460, 170.57575757575756), (461, 170.57575757575756), (462, 170.57575757575756), (463, 171.23232323232324), (464, 172.91919191919192), (465, 172.0), (466, 172.41414141414143), (467, 173.15151515151516), (468, 173.15151515151516), (469, 174.7171717171717), (470, 174.3030303030303), (471, 174.96969696969697), (472, 174.96969696969697), (473, 174.14141414141415), (474, 174.14141414141415), (475, 174.14141414141415), (476, 172.55555555555554), (477, 172.73737373737373), (478, 172.73737373737373), (479, 172.73737373737373), (480, 172.91919191919192), (481, 172.91919191919192), (482, 173.67676767676767), (483, 173.67676767676767), (484, 173.67676767676767), (485, 173.67676767676767), (486, 174.34343434343435), (487, 174.34343434343435), (488, 174.34343434343435), (489, 174.34343434343435), (490, 174.34343434343435), (491, 174.34343434343435), (492, 173.91919191919192), (493, 173.91919191919192), (494, 173.91919191919192), (495, 175.010101010101), (496, 175.010101010101), (497, 175.010101010101), (498, 175.84848484848484), (499, 176.76767676767676), (500, 178.37373737373738), (501, 179.8181818181818), (502, 179.91919191919192), (503, 179.91919191919192), (504, 180.4949494949495), (505, 180.91919191919192), (506, 180.91919191919192), (507, 180.91919191919192), (508, 180.91919191919192), (509, 182.54545454545453), (510, 182.54545454545453), (511, 182.9090909090909), (512, 183.31313131313132), (513, 183.66666666666666), (514, 183.66666666666666), (515, 183.66666666666666), (516, 183.66666666666666), (517, 185.05050505050505), (518, 185.05050505050505), (519, 185.05050505050505), (520, 185.91919191919192), (521, 187.010101010101), (522, 187.7070707070707), (523, 188.24242424242425), (524, 188.24242424242425), (525, 188.24242424242425), (526, 187.23232323232324), (527, 187.23232323232324), (528, 187.23232323232324), (529, 187.23232323232324), (530, 188.7171717171717), (531, 188.7171717171717), (532, 188.7171717171717), (533, 188.7171717171717), (534, 187.77777777777777), (535, 188.4949494949495), (536, 188.4949494949495), (537, 187.1919191919192), (538, 185.7979797979798), (539, 186.21212121212122), (540, 187.02020202020202), (541, 187.02020202020202), (542, 187.02020202020202), (543, 188.31313131313132), (544, 188.31313131313132), (545, 188.06060606060606), (546, 188.06060606060606), (547, 188.06060606060606), (548, 188.06060606060606), (549, 188.06060606060606), (550, 188.06060606060606), (551, 188.06060606060606), (552, 187.72727272727272), (553, 187.72727272727272), (554, 187.72727272727272), (555, 187.72727272727272), (556, 187.72727272727272), (557, 187.95959595959596), (558, 187.95959595959596), (559, 187.95959595959596), (560, 187.95959595959596), (561, 186.5050505050505), (562, 186.5050505050505), (563, 186.5050505050505), (564, 187.42424242424244), (565, 187.42424242424244), (566, 187.42424242424244), (567, 187.42424242424244), (568, 186.95959595959596), (569, 187.37373737373738), (570, 187.55555555555554), (571, 187.55555555555554), (572, 188.75757575757575), (573, 188.75757575757575), (574, 188.75757575757575), (575, 190.34343434343435), (576, 190.34343434343435), (577, 189.68686868686868), (578, 189.68686868686868), (579, 189.68686868686868), (580, 189.68686868686868), (581, 189.68686868686868), (582, 188.45454545454547), (583, 187.36363636363637), (584, 187.36363636363637), (585, 187.36363636363637), (586, 187.36363636363637), (587, 187.36363636363637), (588, 187.36363636363637), (589, 187.36363636363637), (590, 187.02020202020202), (591, 187.44444444444446), (592, 187.44444444444446), (593, 187.44444444444446), (594, 187.44444444444446), (595, 187.44444444444446), (596, 187.44444444444446), (597, 187.44444444444446), (598, 187.44444444444446), (599, 187.44444444444446), (600, 187.44444444444446), (601, 187.44444444444446), (602, 187.44444444444446), (603, 186.17171717171718), (604, 186.17171717171718), (605, 186.17171717171718), (606, 186.17171717171718), (607, 184.56565656565655), (608, 184.56565656565655), (609, 184.56565656565655), (610, 184.56565656565655), (611, 184.56565656565655), (612, 185.59595959595958), (613, 185.59595959595958), (614, 185.59595959595958), (615, 185.59595959595958), (616, 185.59595959595958), (617, 185.59595959595958), (618, 185.59595959595958), (619, 185.59595959595958), (620, 185.59595959595958), (621, 184.65656565656565), (622, 184.65656565656565), (623, 184.06060606060606), (624, 184.06060606060606), (625, 185.35353535353536), (626, 185.35353535353536), (627, 185.35353535353536), (628, 185.35353535353536), (629, 185.35353535353536), (630, 185.35353535353536), (631, 185.35353535353536), (632, 184.9090909090909), (633, 185.84848484848484), (634, 185.84848484848484), (635, 184.11111111111111), (636, 185.41414141414143), (637, 186.8080808080808), (638, 187.57575757575756), (639, 187.57575757575756), (640, 187.57575757575756), (641, 187.57575757575756), (642, 187.57575757575756), (643, 187.57575757575756), (644, 187.82828282828282), (645, 187.82828282828282), (646, 187.82828282828282), (647, 187.82828282828282), (648, 187.82828282828282), (649, 187.82828282828282), (650, 187.82828282828282), (651, 188.16161616161617), (652, 188.16161616161617), (653, 188.16161616161617), (654, 188.16161616161617), (655, 188.16161616161617), (656, 188.16161616161617), (657, 188.16161616161617), (658, 188.16161616161617), (659, 188.16161616161617), (660, 189.6161616161616), (661, 189.6161616161616), (662, 189.6161616161616), (663, 189.6161616161616), (664, 189.6161616161616), (665, 189.6161616161616), (666, 189.6161616161616), (667, 190.08080808080808), (668, 190.08080808080808), (669, 190.08080808080808), (670, 188.67676767676767), (671, 188.67676767676767), (672, 188.67676767676767), (673, 188.37373737373738), (674, 188.37373737373738), (675, 188.37373737373738), (676, 189.03030303030303), (677, 189.03030303030303), (678, 189.03030303030303), (679, 189.03030303030303), (680, 189.03030303030303), (681, 188.75757575757575), (682, 189.84848484848484), (683, 189.84848484848484), (684, 189.84848484848484), (685, 189.84848484848484), (686, 189.84848484848484), (687, 189.84848484848484), (688, 189.84848484848484), (689, 190.1919191919192), (690, 190.1919191919192), (691, 190.1919191919192), (692, 190.1919191919192), (693, 190.1919191919192), (694, 190.1919191919192), (695, 190.1919191919192), (696, 190.1919191919192), (697, 190.1919191919192), (698, 190.1919191919192), (699, 190.1919191919192), (700, 190.1919191919192), (701, 189.75757575757575), (702, 191.03030303030303), (703, 190.78787878787878), (704, 190.78787878787878), (705, 190.78787878787878), (706, 192.3939393939394), (707, 192.3939393939394), (708, 192.3939393939394), (709, 192.3939393939394), (710, 192.3939393939394), (711, 192.3939393939394), (712, 192.3939393939394), (713, 192.3939393939394), (714, 192.3939393939394), (715, 192.3939393939394), (716, 192.3939393939394), (717, 192.3939393939394), (718, 192.3939393939394), (719, 192.3939393939394), (720, 193.33333333333334), (721, 193.33333333333334), (722, 193.92929292929293), (723, 193.92929292929293), (724, 193.92929292929293), (725, 193.92929292929293), (726, 193.92929292929293), (727, 193.92929292929293), (728, 193.92929292929293), (729, 193.92929292929293), (730, 193.92929292929293), (731, 194.37373737373738), (732, 194.37373737373738), (733, 194.37373737373738), (734, 196.11111111111111), (735, 196.11111111111111), (736, 196.11111111111111), (737, 196.11111111111111), (738, 196.11111111111111), (739, 196.11111111111111), (740, 196.11111111111111), (741, 196.11111111111111), (742, 194.82828282828282), (743, 194.82828282828282), (744, 194.82828282828282), (745, 193.67676767676767), (746, 193.59595959595958), (747, 193.59595959595958), (748, 193.59595959595958), (749, 193.59595959595958), (750, 192.97979797979798), (751, 192.97979797979798), (752, 191.40404040404042), (753, 191.40404040404042), (754, 191.40404040404042), (755, 191.40404040404042), (756, 191.40404040404042), (757, 191.40404040404042), (758, 191.40404040404042), (759, 191.40404040404042), (760, 191.40404040404042), (761, 191.40404040404042), (762, 191.40404040404042), (763, 191.40404040404042), (764, 191.40404040404042), (765, 191.40404040404042), (766, 191.40404040404042), (767, 191.40404040404042), (768, 191.40404040404042), (769, 192.8080808080808), (770, 192.8080808080808), (771, 192.8080808080808), (772, 193.11111111111111), (773, 193.11111111111111), (774, 193.11111111111111), (775, 193.11111111111111), (776, 193.11111111111111), (777, 193.11111111111111), (778, 193.11111111111111), (779, 193.11111111111111), (780, 194.6161616161616), (781, 194.6161616161616), (782, 194.6161616161616), (783, 194.6161616161616), (784, 193.42424242424244), (785, 193.2929292929293), (786, 193.2929292929293), (787, 193.2929292929293), (788, 193.2929292929293), (789, 193.2929292929293), (790, 193.2929292929293), (791, 193.2929292929293), (792, 193.2929292929293), (793, 193.2929292929293), (794, 193.2929292929293), (795, 192.43434343434345), (796, 192.43434343434345), (797, 192.43434343434345), (798, 192.43434343434345), (799, 192.43434343434345), (800, 192.86868686868686), (801, 192.86868686868686), (802, 193.11111111111111), (803, 193.11111111111111), (804, 193.11111111111111), (805, 193.11111111111111), (806, 193.11111111111111), (807, 193.11111111111111), (808, 193.11111111111111), (809, 193.11111111111111), (810, 193.11111111111111), (811, 192.76767676767676), (812, 192.76767676767676), (813, 192.76767676767676), (814, 192.76767676767676), (815, 192.76767676767676), (816, 192.76767676767676), (817, 192.76767676767676), (818, 192.76767676767676), (819, 192.76767676767676), (820, 192.76767676767676), (821, 192.76767676767676), (822, 192.76767676767676), (823, 192.76767676767676), (824, 192.76767676767676), (825, 192.76767676767676), (826, 192.76767676767676), (827, 192.76767676767676), (828, 192.76767676767676), (829, 192.76767676767676), (830, 192.76767676767676), (831, 192.76767676767676), (832, 192.76767676767676), (833, 192.76767676767676), (834, 192.76767676767676), (835, 192.76767676767676), (836, 192.76767676767676), (837, 192.76767676767676), (838, 192.76767676767676), (839, 192.76767676767676), (840, 192.76767676767676), (841, 194.05050505050505), (842, 194.05050505050505), (843, 194.05050505050505), (844, 195.1919191919192), (845, 194.26262626262627), (846, 194.26262626262627), (847, 194.26262626262627), (848, 194.12121212121212), (849, 194.73737373737373), (850, 194.73737373737373), (851, 196.31313131313132), (852, 196.31313131313132), (853, 196.31313131313132), (854, 196.31313131313132), (855, 196.31313131313132), (856, 196.31313131313132), (857, 196.31313131313132), (858, 196.31313131313132), (859, 196.31313131313132), (860, 196.31313131313132), (861, 196.31313131313132), (862, 196.31313131313132), (863, 196.31313131313132), (864, 196.31313131313132), (865, 196.31313131313132), (866, 196.31313131313132), (867, 196.31313131313132), (868, 195.64646464646464), (869, 195.64646464646464), (870, 195.64646464646464), (871, 195.64646464646464), (872, 195.64646464646464), (873, 195.64646464646464), (874, 195.64646464646464), (875, 195.64646464646464), (876, 195.64646464646464), (877, 195.64646464646464), (878, 195.64646464646464), (879, 195.64646464646464), (880, 195.64646464646464), (881, 195.64646464646464), (882, 195.64646464646464), (883, 196.83838383838383), (884, 196.96969696969697), (885, 196.96969696969697), (886, 196.96969696969697), (887, 196.96969696969697), (888, 196.96969696969697), (889, 196.96969696969697), (890, 196.96969696969697), (891, 196.96969696969697), (892, 196.96969696969697), (893, 196.96969696969697), (894, 197.82828282828282), (895, 197.82828282828282), (896, 197.82828282828282), (897, 197.82828282828282), (898, 197.82828282828282), (899, 197.82828282828282), (900, 197.82828282828282), (901, 197.82828282828282), (902, 197.82828282828282), (903, 197.82828282828282), (904, 197.82828282828282), (905, 197.82828282828282), (906, 197.82828282828282), (907, 197.82828282828282), (908, 197.82828282828282), (909, 197.82828282828282), (910, 198.17171717171718), (911, 198.17171717171718), (912, 198.17171717171718), (913, 198.17171717171718), (914, 198.17171717171718), (915, 198.17171717171718), (916, 198.17171717171718), (917, 198.17171717171718), (918, 198.17171717171718), (919, 198.17171717171718), (920, 198.17171717171718), (921, 198.17171717171718), (922, 198.17171717171718), (923, 198.17171717171718), (924, 198.17171717171718), (925, 198.17171717171718), (926, 198.17171717171718), (927, 198.17171717171718), (928, 198.17171717171718), (929, 198.17171717171718), (930, 198.17171717171718), (931, 198.17171717171718), (932, 198.17171717171718), (933, 198.17171717171718), (934, 198.17171717171718), (935, 198.17171717171718), (936, 198.17171717171718), (937, 198.17171717171718), (938, 198.17171717171718), (939, 198.17171717171718), (940, 198.17171717171718), (941, 198.17171717171718), (942, 198.17171717171718), (943, 198.1818181818182), (944, 199.1919191919192), (945, 199.1919191919192), (946, 199.1919191919192), (947, 199.33333333333334), (948, 199.33333333333334), (949, 199.33333333333334), (950, 199.33333333333334), (951, 199.33333333333334), (952, 199.33333333333334), (953, 199.33333333333334), (954, 199.33333333333334), (955, 199.33333333333334), (956, 199.33333333333334), (957, 199.33333333333334), (958, 199.33333333333334), (959, 199.33333333333334), (960, 199.33333333333334), (961, 199.33333333333334), (962, 199.33333333333334), (963, 199.33333333333334), (964, 199.33333333333334), (965, 199.33333333333334), (966, 199.33333333333334), (967, 200.0), (968, 200.0), (969, 200.0), (970, 200.0), (971, 200.0), (972, 200.0), (973, 200.0), (974, 200.0), (975, 200.0), (976, 200.0), (977, 200.0), (978, 200.0), (979, 200.0), (980, 200.0), (981, 200.0), (982, 200.0), (983, 200.0), (984, 200.0), (985, 200.0), (986, 200.0), (987, 200.0), (988, 200.0), (989, 200.0), (990, 200.0), (991, 200.0), (992, 200.0), (993, 200.0), (994, 200.0), (995, 200.0), (996, 200.0), (997, 200.0), (998, 200.0), (999, 200.0), (1000, 200.0), (1001, 200.0), (1002, 200.0), (1003, 200.0), (1004, 200.0), (1005, 200.0), (1006, 200.0), (1007, 200.0), (1008, 200.0), (1009, 200.0), (1010, 200.0), (1011, 200.0), (1012, 199.41414141414143), (1013, 199.41414141414143), (1014, 199.41414141414143), (1015, 199.41414141414143), (1016, 199.41414141414143), (1017, 199.41414141414143), (1018, 199.41414141414143), (1019, 199.41414141414143), (1020, 199.41414141414143), (1021, 199.41414141414143), (1022, 199.41414141414143), (1023, 199.41414141414143), (1024, 199.41414141414143), (1025, 199.41414141414143), (1026, 199.41414141414143), (1027, 199.41414141414143), (1028, 199.41414141414143), (1029, 199.41414141414143), (1030, 199.41414141414143), (1031, 199.41414141414143), (1032, 199.41414141414143), (1033, 199.41414141414143), (1034, 199.41414141414143), (1035, 199.41414141414143), (1036, 199.41414141414143), (1037, 199.41414141414143), (1038, 199.41414141414143), (1039, 199.41414141414143), (1040, 199.41414141414143), (1041, 199.41414141414143), (1042, 199.41414141414143), (1043, 199.41414141414143), (1044, 199.41414141414143), (1045, 199.41414141414143), (1046, 199.41414141414143), (1047, 199.41414141414143), (1048, 199.41414141414143), (1049, 199.41414141414143), (1050, 199.41414141414143), (1051, 199.41414141414143), (1052, 199.41414141414143), (1053, 199.41414141414143), (1054, 199.41414141414143), (1055, 199.41414141414143), (1056, 199.41414141414143), (1057, 199.41414141414143), (1058, 199.41414141414143), (1059, 199.41414141414143), (1060, 199.41414141414143), (1061, 199.41414141414143), (1062, 199.41414141414143), (1063, 199.41414141414143), (1064, 199.41414141414143), (1065, 199.41414141414143), (1066, 199.41414141414143), (1067, 199.41414141414143), (1068, 199.41414141414143), (1069, 199.41414141414143), (1070, 199.41414141414143), (1071, 199.41414141414143), (1072, 199.41414141414143), (1073, 199.41414141414143), (1074, 199.41414141414143), (1075, 199.41414141414143), (1076, 199.41414141414143), (1077, 199.41414141414143), (1078, 199.41414141414143), (1079, 199.41414141414143), (1080, 199.41414141414143), (1081, 199.41414141414143), (1082, 199.41414141414143), (1083, 199.41414141414143), (1084, 199.41414141414143), (1085, 199.41414141414143), (1086, 199.41414141414143), (1087, 199.41414141414143), (1088, 199.41414141414143), (1089, 199.41414141414143), (1090, 199.41414141414143), (1091, 199.41414141414143), (1092, 199.41414141414143), (1093, 199.41414141414143), (1094, 199.41414141414143), (1095, 199.41414141414143), (1096, 199.41414141414143), (1097, 199.41414141414143), (1098, 199.41414141414143), (1099, 199.41414141414143), (1100, 199.41414141414143), (1101, 199.41414141414143), (1102, 199.41414141414143), (1103, 199.41414141414143), (1104, 199.41414141414143), (1105, 199.41414141414143), (1106, 199.41414141414143), (1107, 199.41414141414143), (1108, 199.41414141414143), (1109, 199.41414141414143), (1110, 199.41414141414143), (1111, 200.0), (1112, 200.0), (1113, 200.0), (1114, 200.0), (1115, 200.0), (1116, 200.0), (1117, 200.0), (1118, 198.72727272727272), (1119, 198.72727272727272), (1120, 198.72727272727272), (1121, 198.72727272727272), (1122, 198.72727272727272), (1123, 198.72727272727272), (1124, 198.72727272727272), (1125, 198.72727272727272), (1126, 198.72727272727272), (1127, 198.72727272727272), (1128, 198.72727272727272), (1129, 198.72727272727272), (1130, 198.72727272727272), (1131, 198.72727272727272), (1132, 198.72727272727272), (1133, 198.4747474747475), (1134, 198.4747474747475), (1135, 196.8989898989899), (1136, 196.88888888888889), (1137, 196.88888888888889), (1138, 196.88888888888889), (1139, 196.88888888888889), (1140, 196.88888888888889), (1141, 196.88888888888889), (1142, 196.88888888888889), (1143, 196.88888888888889), (1144, 196.02020202020202), (1145, 196.02020202020202), (1146, 196.02020202020202), (1147, 194.83838383838383), (1148, 194.83838383838383), (1149, 194.83838383838383), (1150, 194.83838383838383), (1151, 194.83838383838383), (1152, 194.83838383838383), (1153, 194.83838383838383), (1154, 194.83838383838383), (1155, 194.83838383838383), (1156, 194.83838383838383), (1157, 194.83838383838383), (1158, 194.83838383838383), (1159, 194.83838383838383), (1160, 194.83838383838383), (1161, 194.83838383838383), (1162, 194.83838383838383), (1163, 194.83838383838383), (1164, 194.83838383838383), (1165, 194.83838383838383), (1166, 194.83838383838383), (1167, 194.83838383838383), (1168, 194.83838383838383), (1169, 194.83838383838383), (1170, 194.83838383838383), (1171, 194.83838383838383), (1172, 194.83838383838383), (1173, 194.83838383838383), (1174, 194.83838383838383), (1175, 194.83838383838383), (1176, 194.83838383838383), (1177, 194.83838383838383), (1178, 194.83838383838383), (1179, 194.83838383838383), (1180, 194.83838383838383), (1181, 194.83838383838383), (1182, 194.83838383838383), (1183, 194.83838383838383), (1184, 194.83838383838383), (1185, 194.83838383838383), (1186, 194.83838383838383), (1187, 194.83838383838383), (1188, 194.83838383838383), (1189, 194.83838383838383), (1190, 194.83838383838383), (1191, 194.83838383838383), (1192, 194.83838383838383), (1193, 194.83838383838383), (1194, 194.83838383838383), (1195, 194.83838383838383), (1196, 194.83838383838383), (1197, 194.83838383838383), (1198, 194.83838383838383), (1199, 194.83838383838383), (1200, 194.83838383838383), (1201, 194.83838383838383), (1202, 194.83838383838383), (1203, 194.83838383838383), (1204, 194.83838383838383), (1205, 194.83838383838383), (1206, 194.73737373737373), (1207, 194.73737373737373), (1208, 194.73737373737373), (1209, 194.73737373737373), (1210, 194.73737373737373), (1211, 194.73737373737373), (1212, 194.73737373737373), (1213, 194.73737373737373), (1214, 194.73737373737373), (1215, 194.73737373737373), (1216, 194.73737373737373), (1217, 196.010101010101), (1218, 196.010101010101), (1219, 196.010101010101), (1220, 196.010101010101), (1221, 196.010101010101), (1222, 196.010101010101), (1223, 196.010101010101), (1224, 196.010101010101), (1225, 196.010101010101), (1226, 196.010101010101), (1227, 196.010101010101), (1228, 196.010101010101), (1229, 196.010101010101), (1230, 196.010101010101), (1231, 196.010101010101), (1232, 196.26262626262627), (1233, 196.26262626262627), (1234, 197.83838383838383), (1235, 197.84848484848484), (1236, 197.84848484848484), (1237, 197.84848484848484), (1238, 197.84848484848484), (1239, 197.84848484848484), (1240, 197.84848484848484), (1241, 197.84848484848484), (1242, 197.84848484848484), (1243, 198.7171717171717), (1244, 198.7171717171717), (1245, 198.7171717171717), (1246, 199.8989898989899), (1247, 199.8989898989899), (1248, 199.8989898989899), (1249, 199.8989898989899), (1250, 199.8989898989899), (1251, 199.8989898989899), (1252, 199.8989898989899), (1253, 199.8989898989899), (1254, 199.8989898989899), (1255, 199.8989898989899), (1256, 199.8989898989899), (1257, 199.8989898989899), (1258, 199.8989898989899), (1259, 199.8989898989899), (1260, 199.8989898989899), (1261, 199.8989898989899), (1262, 199.8989898989899), (1263, 199.8989898989899), (1264, 199.8989898989899), (1265, 199.8989898989899), (1266, 199.8989898989899), (1267, 199.8989898989899), (1268, 199.8989898989899), (1269, 199.8989898989899), (1270, 199.8989898989899), (1271, 199.8989898989899), (1272, 199.8989898989899), (1273, 199.8989898989899), (1274, 199.8989898989899), (1275, 199.8989898989899), (1276, 199.8989898989899), (1277, 199.8989898989899), (1278, 199.8989898989899), (1279, 199.8989898989899), (1280, 199.8989898989899), (1281, 199.8989898989899), (1282, 199.8989898989899), (1283, 199.8989898989899), (1284, 199.8989898989899), (1285, 199.8989898989899), (1286, 199.8989898989899), (1287, 199.8989898989899), (1288, 199.8989898989899), (1289, 199.8989898989899), (1290, 199.8989898989899), (1291, 199.8989898989899), (1292, 199.8989898989899), (1293, 199.8989898989899), (1294, 199.8989898989899), (1295, 199.8989898989899), (1296, 199.8989898989899), (1297, 199.8989898989899), (1298, 199.8989898989899), (1299, 199.8989898989899), (1300, 199.8989898989899), (1301, 199.8989898989899), (1302, 199.8989898989899), (1303, 199.8989898989899), (1304, 199.8989898989899), (1305, 200.0), (1306, 200.0), (1307, 200.0), (1308, 200.0), (1309, 200.0), (1310, 200.0), (1311, 200.0), (1312, 200.0), (1313, 200.0), (1314, 200.0), (1315, 200.0), (1316, 200.0), (1317, 200.0), (1318, 200.0), (1319, 200.0), (1320, 200.0), (1321, 200.0), (1322, 200.0), (1323, 200.0), (1324, 200.0), (1325, 200.0), (1326, 200.0), (1327, 200.0), (1328, 200.0), (1329, 200.0), (1330, 200.0), (1331, 200.0), (1332, 200.0), (1333, 200.0), (1334, 200.0), (1335, 200.0), (1336, 200.0), (1337, 200.0), (1338, 200.0), (1339, 200.0), (1340, 200.0), (1341, 200.0), (1342, 198.5050505050505), (1343, 198.5050505050505), (1344, 198.5050505050505), (1345, 198.5050505050505), (1346, 198.5050505050505), (1347, 198.5050505050505), (1348, 198.5050505050505), (1349, 198.5050505050505), (1350, 198.5050505050505), (1351, 198.5050505050505), (1352, 197.3030303030303), (1353, 197.3030303030303), (1354, 197.3030303030303), (1355, 197.3030303030303), (1356, 197.3030303030303), (1357, 197.3030303030303), (1358, 197.3030303030303), (1359, 197.3030303030303), (1360, 197.3030303030303), (1361, 197.3030303030303), (1362, 197.3030303030303), (1363, 196.35353535353536), (1364, 195.989898989899), (1365, 195.67676767676767), (1366, 195.67676767676767), (1367, 195.67676767676767), (1368, 195.67676767676767), (1369, 195.67676767676767), (1370, 194.62626262626262), (1371, 194.62626262626262), (1372, 194.62626262626262), (1373, 194.62626262626262), (1374, 194.62626262626262), (1375, 194.62626262626262), (1376, 194.62626262626262), (1377, 194.62626262626262), (1378, 194.62626262626262), (1379, 193.23232323232324), (1380, 193.23232323232324), (1381, 193.23232323232324), (1382, 193.23232323232324), (1383, 193.23232323232324), (1384, 193.23232323232324), (1385, 193.23232323232324), (1386, 193.23232323232324), (1387, 193.23232323232324), (1388, 191.92929292929293), (1389, 190.41414141414143), (1390, 190.41414141414143), (1391, 190.41414141414143), (1392, 190.41414141414143), (1393, 190.41414141414143), (1394, 190.41414141414143), (1395, 190.41414141414143), (1396, 190.41414141414143), (1397, 190.41414141414143), (1398, 190.41414141414143), (1399, 190.41414141414143), (1400, 190.41414141414143), (1401, 190.41414141414143), (1402, 190.41414141414143), (1403, 190.41414141414143), (1404, 190.41414141414143), (1405, 190.41414141414143), (1406, 190.41414141414143), (1407, 190.41414141414143), (1408, 190.41414141414143), (1409, 190.41414141414143), (1410, 190.41414141414143), (1411, 190.41414141414143), (1412, 190.41414141414143), (1413, 190.41414141414143), (1414, 190.41414141414143), (1415, 190.41414141414143), (1416, 190.41414141414143), (1417, 190.41414141414143), (1418, 190.41414141414143), (1419, 190.41414141414143), (1420, 190.41414141414143), (1421, 190.41414141414143), (1422, 190.41414141414143), (1423, 190.41414141414143), (1424, 189.23232323232324), (1425, 189.23232323232324), (1426, 189.23232323232324), (1427, 189.23232323232324), (1428, 189.23232323232324), (1429, 189.23232323232324), (1430, 189.23232323232324), (1431, 188.77777777777777), (1432, 188.77777777777777), (1433, 188.16161616161617), (1434, 187.84848484848484), (1435, 187.84848484848484), (1436, 187.27272727272728), (1437, 187.27272727272728), (1438, 187.27272727272728), (1439, 187.27272727272728), (1440, 187.27272727272728), (1441, 188.76767676767676), (1442, 188.76767676767676), (1443, 188.76767676767676), (1444, 188.76767676767676), (1445, 188.76767676767676), (1446, 188.76767676767676), (1447, 188.76767676767676), (1448, 187.53535353535352), (1449, 187.53535353535352), (1450, 187.53535353535352), (1451, 188.73737373737373), (1452, 188.32323232323233), (1453, 188.32323232323233), (1454, 188.32323232323233), (1455, 188.1010101010101), (1456, 188.1010101010101), (1457, 188.1010101010101), (1458, 188.1010101010101), (1459, 188.1010101010101), (1460, 188.1010101010101), (1461, 188.1010101010101), (1462, 189.05050505050505), (1463, 189.41414141414143), (1464, 189.12121212121212), (1465, 189.12121212121212), (1466, 189.12121212121212), (1467, 189.12121212121212), (1468, 189.12121212121212), (1469, 189.92929292929293), (1470, 189.92929292929293), (1471, 189.92929292929293), (1472, 189.92929292929293), (1473, 189.76767676767676), (1474, 189.76767676767676), (1475, 189.76767676767676), (1476, 189.76767676767676), (1477, 189.76767676767676), (1478, 191.16161616161617), (1479, 191.16161616161617), (1480, 191.16161616161617), (1481, 191.16161616161617), (1482, 191.16161616161617), (1483, 191.16161616161617), (1484, 191.16161616161617), (1485, 191.16161616161617), (1486, 191.16161616161617), (1487, 192.46464646464648), (1488, 193.04040404040404), (1489, 193.04040404040404), (1490, 193.04040404040404), (1491, 193.04040404040404), (1492, 193.04040404040404), (1493, 193.04040404040404), (1494, 193.04040404040404), (1495, 193.04040404040404), (1496, 193.04040404040404), (1497, 191.4848484848485), (1498, 191.2020202020202), (1499, 191.2020202020202), (1500, 191.2020202020202), (1501, 191.2020202020202), (1502, 191.2020202020202), (1503, 191.2020202020202), (1504, 191.2020202020202), (1505, 191.2020202020202), (1506, 191.2020202020202), (1507, 191.2020202020202), (1508, 191.2020202020202), (1509, 191.2020202020202), (1510, 190.24242424242425), (1511, 190.24242424242425), (1512, 190.24242424242425), (1513, 190.24242424242425), (1514, 190.24242424242425), (1515, 190.24242424242425), (1516, 190.24242424242425), (1517, 190.24242424242425), (1518, 190.24242424242425), (1519, 190.24242424242425), (1520, 189.2828282828283), (1521, 189.2828282828283), (1522, 189.2828282828283), (1523, 190.46464646464648), (1524, 190.46464646464648), (1525, 190.46464646464648), (1526, 190.46464646464648), (1527, 190.46464646464648), (1528, 190.46464646464648), (1529, 188.7979797979798), (1530, 189.25252525252526), (1531, 189.25252525252526), (1532, 189.86868686868686), (1533, 190.1818181818182), (1534, 190.1818181818182), (1535, 190.75757575757575), (1536, 190.75757575757575), (1537, 190.75757575757575), (1538, 190.75757575757575), (1539, 190.75757575757575), (1540, 190.75757575757575), (1541, 190.75757575757575), (1542, 190.75757575757575), (1543, 190.75757575757575), (1544, 190.75757575757575), (1545, 190.75757575757575), (1546, 190.75757575757575), (1547, 191.989898989899), (1548, 191.989898989899), (1549, 191.989898989899), (1550, 191.989898989899), (1551, 192.40404040404042), (1552, 192.40404040404042), (1553, 192.40404040404042), (1554, 192.62626262626262), (1555, 192.62626262626262), (1556, 192.62626262626262), (1557, 192.62626262626262), (1558, 192.62626262626262), (1559, 192.62626262626262), (1560, 192.62626262626262), (1561, 192.62626262626262), (1562, 191.76767676767676), (1563, 192.37373737373738), (1564, 192.37373737373738), (1565, 192.37373737373738), (1566, 192.37373737373738), (1567, 192.37373737373738), (1568, 192.6161616161616), (1569, 192.6161616161616), (1570, 192.6161616161616), (1571, 192.6161616161616), (1572, 192.77777777777777), (1573, 192.77777777777777), (1574, 192.77777777777777), (1575, 192.77777777777777), (1576, 192.77777777777777), (1577, 192.77777777777777), (1578, 192.77777777777777), (1579, 192.77777777777777), (1580, 192.77777777777777), (1581, 192.40404040404042), (1582, 192.40404040404042), (1583, 192.40404040404042), (1584, 192.40404040404042), (1585, 192.40404040404042), (1586, 192.40404040404042), (1587, 193.34343434343435), (1588, 193.34343434343435), (1589, 193.34343434343435), (1590, 193.34343434343435), (1591, 193.34343434343435), (1592, 193.34343434343435), (1593, 192.2020202020202), (1594, 192.2020202020202), (1595, 192.2020202020202), (1596, 193.75757575757575), (1597, 194.04040404040404), (1598, 192.74747474747474), (1599, 192.74747474747474), (1600, 192.74747474747474), (1601, 192.74747474747474), (1602, 192.74747474747474), (1603, 192.74747474747474), (1604, 192.74747474747474), (1605, 192.74747474747474), (1606, 192.74747474747474), (1607, 192.74747474747474), (1608, 192.74747474747474), (1609, 193.7070707070707), (1610, 193.7070707070707), (1611, 193.7070707070707), (1612, 193.7070707070707), (1613, 193.7070707070707), (1614, 193.7070707070707), (1615, 193.7070707070707), (1616, 193.7070707070707), (1617, 193.7070707070707), (1618, 193.7070707070707), (1619, 194.66666666666666), (1620, 194.66666666666666), (1621, 194.66666666666666), (1622, 194.66666666666666), (1623, 194.66666666666666), (1624, 194.66666666666666), (1625, 194.66666666666666), (1626, 194.66666666666666), (1627, 194.66666666666666), (1628, 196.33333333333334), (1629, 196.33333333333334), (1630, 196.33333333333334), (1631, 196.33333333333334), (1632, 196.33333333333334), (1633, 196.33333333333334), (1634, 196.33333333333334), (1635, 196.33333333333334), (1636, 196.33333333333334), (1637, 196.33333333333334), (1638, 196.33333333333334), (1639, 196.33333333333334), (1640, 196.33333333333334), (1641, 196.33333333333334), (1642, 196.33333333333334), (1643, 196.33333333333334), (1644, 196.33333333333334), (1645, 196.33333333333334), (1646, 196.33333333333334), (1647, 196.33333333333334), (1648, 196.33333333333334), (1649, 196.33333333333334), (1650, 196.33333333333334), (1651, 196.33333333333334), (1652, 196.33333333333334), (1653, 196.33333333333334), (1654, 196.33333333333334), (1655, 196.33333333333334), (1656, 196.33333333333334), (1657, 196.33333333333334), (1658, 196.33333333333334), (1659, 196.33333333333334), (1660, 196.33333333333334), (1661, 197.1919191919192), (1662, 197.1919191919192), (1663, 197.1919191919192), (1664, 197.1919191919192), (1665, 197.1919191919192), (1666, 197.1919191919192), (1667, 197.1919191919192), (1668, 197.1919191919192), (1669, 197.1919191919192), (1670, 197.1919191919192), (1671, 197.1919191919192), (1672, 197.1919191919192), (1673, 197.1919191919192), (1674, 197.1919191919192), (1675, 197.1919191919192), (1676, 197.1919191919192), (1677, 197.1919191919192), (1678, 197.1919191919192), (1679, 197.1919191919192), (1680, 197.56565656565655), (1681, 197.56565656565655), (1682, 197.56565656565655), (1683, 197.56565656565655), (1684, 197.56565656565655), (1685, 197.56565656565655), (1686, 197.56565656565655), (1687, 197.56565656565655), (1688, 197.56565656565655), (1689, 197.56565656565655), (1690, 197.56565656565655), (1691, 197.56565656565655), (1692, 198.7070707070707), (1693, 198.7070707070707), (1694, 198.7070707070707), (1695, 198.7070707070707), (1696, 198.7070707070707), (1697, 200.0), (1698, 200.0), (1699, 200.0), (1700, 200.0), (1701, 200.0), (1702, 200.0), (1703, 200.0), (1704, 200.0), (1705, 200.0), (1706, 200.0), (1707, 200.0), (1708, 200.0), (1709, 200.0), (1710, 200.0), (1711, 200.0), (1712, 200.0), (1713, 200.0), (1714, 200.0), (1715, 200.0), (1716, 200.0), (1717, 200.0), (1718, 200.0), (1719, 200.0), (1720, 200.0), (1721, 200.0), (1722, 200.0), (1723, 200.0), (1724, 200.0), (1725, 200.0), (1726, 200.0), (1727, 200.0), (1728, 200.0), (1729, 200.0), (1730, 200.0), (1731, 200.0), (1732, 200.0), (1733, 200.0)]
