<class 'gym.envs.classic_control.cartpole.CartPoleEnv'>
Iteration 0 avg reward 37.000000
Iteration 100 avg reward 98.434343
Iteration 200 avg reward 148.222222
Iteration 300 avg reward 188.909091
Iteration 400 avg reward 191.585859
Iteration 500 avg reward 193.525253
Iteration 600 avg reward 182.595960
Iteration 700 avg reward 192.838384
Iteration 800 avg reward 199.222222
Iteration 900 avg reward 199.494949
Iteration 1000 avg reward 197.767677
Iteration 1100 avg reward 196.050505
Iteration 1200 avg reward 199.818182
Iteration 1300 avg reward 199.111111
Iteration 1400 avg reward 200.000000
[(0, 37.0), (1, 40.0), (2, 60.333333333333336), (3, 55.25), (4, 48.0), (5, 51.166666666666664), (6, 55.142857142857146), (7, 63.0), (8, 63.0), (9, 58.7), (10, 59.81818181818182), (11, 57.333333333333336), (12, 59.84615384615385), (13, 58.357142857142854), (14, 61.0), (15, 62.125), (16, 63.35294117647059), (17, 63.22222222222222), (18, 63.421052631578945), (19, 63.45), (20, 63.142857142857146), (21, 60.95454545454545), (22, 59.65217391304348), (23, 59.041666666666664), (24, 58.64), (25, 60.57692307692308), (26, 60.851851851851855), (27, 60.142857142857146), (28, 62.96551724137931), (29, 61.96666666666667), (30, 61.45161290322581), (31, 61.625), (32, 64.66666666666667), (33, 64.52941176470588), (34, 64.71428571428571), (35, 65.44444444444444), (36, 64.35135135135135), (37, 64.65789473684211), (38, 65.33333333333333), (39, 65.775), (40, 69.04878048780488), (41, 71.0952380952381), (42, 72.62790697674419), (43, 72.31818181818181), (44, 72.11111111111111), (45, 73.02173913043478), (46, 73.23404255319149), (47, 73.1875), (48, 72.87755102040816), (49, 73.68), (50, 74.94117647058823), (51, 76.96153846153847), (52, 79.28301886792453), (53, 81.18518518518519), (54, 81.10909090909091), (55, 81.44642857142857), (56, 81.08771929824562), (57, 80.67241379310344), (58, 80.45762711864407), (59, 81.48333333333333), (60, 83.42622950819673), (61, 84.03225806451613), (62, 83.4920634920635), (63, 83.546875), (64, 84.0), (65, 84.18181818181819), (66, 85.6268656716418), (67, 86.19117647058823), (68, 86.23188405797102), (69, 87.85714285714286), (70, 88.07042253521126), (71, 87.23611111111111), (72, 87.23287671232876), (73, 87.45945945945945), (74, 88.48), (75, 88.38157894736842), (76, 88.55844155844156), (77, 88.7051282051282), (78, 88.75949367088607), (79, 88.9625), (80, 88.85185185185185), (81, 88.82926829268293), (82, 88.2289156626506), (83, 88.26190476190476), (84, 88.45882352941176), (85, 89.23255813953489), (86, 90.50574712643679), (87, 91.35227272727273), (88, 90.68539325842697), (89, 91.9), (90, 92.25274725274726), (91, 92.93478260869566), (92, 93.20430107526882), (93, 93.91489361702128), (94, 94.12631578947368), (95, 95.125), (96, 95.34020618556701), (97, 96.06122448979592), (98, 97.03030303030303), (99, 97.65656565656566), (100, 98.43434343434343), (101, 98.71717171717172), (102, 99.18181818181819), (103, 100.51515151515152), (104, 100.98989898989899), (105, 102.21212121212122), (106, 101.64646464646465), (107, 102.34343434343434), (108, 104.16161616161617), (109, 104.74747474747475), (110, 105.48484848484848), (111, 105.95959595959596), (112, 107.58585858585859), (113, 107.86868686868686), (114, 107.91919191919192), (115, 109.1010101010101), (116, 109.83838383838383), (117, 110.12121212121212), (118, 110.52525252525253), (119, 111.96969696969697), (120, 112.6969696969697), (121, 113.86868686868686), (122, 114.78787878787878), (123, 116.31313131313131), (124, 117.23232323232324), (125, 118.0909090909091), (126, 118.86868686868686), (127, 119.45454545454545), (128, 121.14141414141415), (129, 122.6969696969697), (130, 123.4040404040404), (131, 123.78787878787878), (132, 124.87878787878788), (133, 125.85858585858585), (134, 126.41414141414141), (135, 128.1818181818182), (136, 128.63636363636363), (137, 129.11111111111111), (138, 129.37373737373738), (139, 129.37373737373738), (140, 129.54545454545453), (141, 129.23232323232324), (142, 130.23232323232324), (143, 130.84848484848484), (144, 131.7171717171717), (145, 132.55555555555554), (146, 133.25252525252526), (147, 133.87878787878788), (148, 134.02020202020202), (149, 134.64646464646464), (150, 133.1919191919192), (151, 132.43434343434345), (152, 132.6161616161616), (153, 133.41414141414143), (154, 134.13131313131314), (155, 135.22222222222223), (156, 135.40404040404042), (157, 135.45454545454547), (158, 135.44444444444446), (159, 134.33333333333334), (160, 134.40404040404042), (161, 135.63636363636363), (162, 135.92929292929293), (163, 136.03030303030303), (164, 136.1818181818182), (165, 135.4949494949495), (166, 135.40404040404042), (167, 135.27272727272728), (168, 134.63636363636363), (169, 134.7171717171717), (170, 136.41414141414143), (171, 136.42424242424244), (172, 136.08080808080808), (173, 135.92929292929293), (174, 137.13131313131314), (175, 136.97979797979798), (176, 136.8080808080808), (177, 136.8080808080808), (178, 137.7070707070707), (179, 137.86868686868686), (180, 138.83838383838383), (181, 139.93939393939394), (182, 141.04040404040404), (183, 142.0), (184, 142.45454545454547), (185, 141.43434343434345), (186, 141.78787878787878), (187, 142.92929292929293), (188, 142.92929292929293), (189, 143.6969696969697), (190, 144.15151515151516), (191, 144.67676767676767), (192, 145.08080808080808), (193, 145.94949494949495), (194, 145.3838383838384), (195, 146.23232323232324), (196, 146.57575757575756), (197, 145.67676767676767), (198, 146.6969696969697), (199, 147.5050505050505), (200, 148.22222222222223), (201, 149.37373737373738), (202, 149.17171717171718), (203, 149.85858585858585), (204, 149.85858585858585), (205, 151.25252525252526), (206, 151.93939393939394), (207, 151.33333333333334), (208, 151.5252525252525), (209, 152.5050505050505), (210, 153.14141414141415), (211, 153.14141414141415), (212, 153.88888888888889), (213, 155.06060606060606), (214, 154.6060606060606), (215, 154.76767676767676), (216, 155.82828282828282), (217, 156.7979797979798), (218, 156.7979797979798), (219, 157.14141414141415), (220, 157.67676767676767), (221, 158.16161616161617), (222, 157.4949494949495), (223, 157.4949494949495), (224, 157.96969696969697), (225, 158.7979797979798), (226, 158.7979797979798), (227, 158.7979797979798), (228, 158.7979797979798), (229, 159.43434343434345), (230, 159.43434343434345), (231, 159.75757575757575), (232, 160.08080808080808), (233, 160.5252525252525), (234, 160.5252525252525), (235, 161.32323232323233), (236, 161.94949494949495), (237, 162.86868686868686), (238, 162.86868686868686), (239, 163.15151515151516), (240, 164.1010101010101), (241, 163.88888888888889), (242, 164.65656565656565), (243, 164.65656565656565), (244, 164.88888888888889), (245, 165.4949494949495), (246, 166.3030303030303), (247, 167.04040404040404), (248, 166.34343434343435), (249, 168.0), (250, 168.75757575757575), (251, 168.75757575757575), (252, 169.1818181818182), (253, 169.4747474747475), (254, 169.78787878787878), (255, 171.05050505050505), (256, 172.33333333333334), (257, 172.1818181818182), (258, 173.2929292929293), (259, 174.02020202020202), (260, 173.56565656565655), (261, 173.72727272727272), (262, 174.5050505050505), (263, 175.40404040404042), (264, 176.2828282828283), (265, 177.14141414141415), (266, 178.3939393939394), (267, 179.03030303030303), (268, 179.92929292929293), (269, 179.96969696969697), (270, 181.1010101010101), (271, 182.41414141414143), (272, 182.7979797979798), (273, 182.7979797979798), (274, 183.93939393939394), (275, 185.12121212121212), (276, 186.08080808080808), (277, 186.14141414141415), (278, 186.3838383838384), (279, 186.55555555555554), (280, 186.87878787878788), (281, 186.87878787878788), (282, 186.87878787878788), (283, 186.87878787878788), (284, 187.8989898989899), (285, 187.14141414141415), (286, 187.6969696969697), (287, 187.6969696969697), (288, 187.6969696969697), (289, 187.6969696969697), (290, 188.0), (291, 188.0), (292, 188.0), (293, 188.66666666666666), (294, 188.66666666666666), (295, 188.66666666666666), (296, 189.64646464646464), (297, 189.64646464646464), (298, 188.9090909090909), (299, 188.9090909090909), (300, 188.9090909090909), (301, 189.6060606060606), (302, 189.78787878787878), (303, 189.78787878787878), (304, 189.78787878787878), (305, 189.78787878787878), (306, 189.87878787878788), (307, 190.40404040404042), (308, 190.40404040404042), (309, 190.40404040404042), (310, 190.40404040404042), (311, 190.40404040404042), (312, 190.40404040404042), (313, 190.85858585858585), (314, 191.36363636363637), (315, 191.36363636363637), (316, 191.36363636363637), (317, 191.36363636363637), (318, 192.16161616161617), (319, 191.36363636363637), (320, 191.5252525252525), (321, 192.1919191919192), (322, 192.1919191919192), (323, 192.1919191919192), (324, 192.1919191919192), (325, 192.1919191919192), (326, 191.68686868686868), (327, 191.68686868686868), (328, 191.13131313131314), (329, 191.13131313131314), (330, 191.13131313131314), (331, 191.13131313131314), (332, 191.23232323232324), (333, 191.23232323232324), (334, 191.23232323232324), (335, 191.14141414141415), (336, 191.14141414141415), (337, 190.1818181818182), (338, 190.1010101010101), (339, 189.86868686868686), (340, 190.5050505050505), (341, 190.5050505050505), (342, 190.5050505050505), (343, 190.6161616161616), (344, 190.6161616161616), (345, 190.6161616161616), (346, 190.6161616161616), (347, 191.31313131313132), (348, 190.68686868686868), (349, 190.13131313131314), (350, 190.13131313131314), (351, 190.15151515151516), (352, 190.15151515151516), (353, 190.15151515151516), (354, 189.2828282828283), (355, 188.73737373737373), (356, 189.4848484848485), (357, 189.4848484848485), (358, 189.4848484848485), (359, 190.22222222222223), (360, 190.9090909090909), (361, 190.9090909090909), (362, 190.9090909090909), (363, 190.9090909090909), (364, 190.9090909090909), (365, 190.9090909090909), (366, 190.5050505050505), (367, 190.42424242424244), (368, 189.64646464646464), (369, 189.5050505050505), (370, 189.5050505050505), (371, 189.63636363636363), (372, 189.63636363636363), (373, 189.63636363636363), (374, 189.63636363636363), (375, 189.75757575757575), (376, 189.75757575757575), (377, 190.56565656565655), (378, 190.56565656565655), (379, 190.76767676767676), (380, 190.76767676767676), (381, 190.76767676767676), (382, 190.76767676767676), (383, 190.76767676767676), (384, 191.5252525252525), (385, 191.5252525252525), (386, 191.12121212121212), (387, 191.12121212121212), (388, 191.12121212121212), (389, 191.12121212121212), (390, 191.12121212121212), (391, 190.84848484848484), (392, 190.84848484848484), (393, 190.84848484848484), (394, 190.84848484848484), (395, 190.84848484848484), (396, 190.84848484848484), (397, 191.58585858585857), (398, 191.58585858585857), (399, 191.58585858585857), (400, 191.58585858585857), (401, 191.58585858585857), (402, 191.58585858585857), (403, 191.58585858585857), (404, 190.7070707070707), (405, 191.22222222222223), (406, 191.22222222222223), (407, 191.22222222222223), (408, 191.22222222222223), (409, 191.22222222222223), (410, 191.22222222222223), (411, 191.22222222222223), (412, 191.22222222222223), (413, 191.22222222222223), (414, 191.22222222222223), (415, 191.22222222222223), (416, 191.22222222222223), (417, 191.22222222222223), (418, 191.1919191919192), (419, 191.1919191919192), (420, 191.1919191919192), (421, 191.1919191919192), (422, 191.1919191919192), (423, 191.1919191919192), (424, 191.1919191919192), (425, 191.6969696969697), (426, 191.6969696969697), (427, 192.25252525252526), (428, 192.25252525252526), (429, 191.91919191919192), (430, 191.91919191919192), (431, 191.91919191919192), (432, 191.91919191919192), (433, 191.91919191919192), (434, 192.010101010101), (435, 192.010101010101), (436, 192.96969696969697), (437, 193.05050505050505), (438, 193.2828282828283), (439, 193.2828282828283), (440, 193.2828282828283), (441, 193.2828282828283), (442, 193.2828282828283), (443, 193.2828282828283), (444, 192.4848484848485), (445, 192.4848484848485), (446, 192.4848484848485), (447, 193.11111111111111), (448, 193.66666666666666), (449, 193.66666666666666), (450, 193.66666666666666), (451, 193.66666666666666), (452, 193.66666666666666), (453, 194.53535353535352), (454, 195.08080808080808), (455, 195.08080808080808), (456, 195.08080808080808), (457, 195.08080808080808), (458, 195.08080808080808), (459, 195.08080808080808), (460, 195.07070707070707), (461, 195.07070707070707), (462, 195.07070707070707), (463, 194.73737373737373), (464, 194.73737373737373), (465, 194.67676767676767), (466, 194.75757575757575), (467, 195.53535353535352), (468, 195.67676767676767), (469, 195.67676767676767), (470, 195.56565656565655), (471, 195.56565656565655), (472, 195.56565656565655), (473, 195.56565656565655), (474, 195.56565656565655), (475, 195.3838383838384), (476, 195.3838383838384), (477, 195.3838383838384), (478, 195.3838383838384), (479, 195.3838383838384), (480, 195.3838383838384), (481, 195.22222222222223), (482, 195.22222222222223), (483, 195.22222222222223), (484, 195.22222222222223), (485, 195.62626262626262), (486, 195.06060606060606), (487, 194.41414141414143), (488, 194.41414141414143), (489, 193.93939393939394), (490, 194.21212121212122), (491, 194.21212121212122), (492, 194.07070707070707), (493, 194.07070707070707), (494, 194.07070707070707), (495, 194.07070707070707), (496, 194.07070707070707), (497, 193.5252525252525), (498, 193.5252525252525), (499, 193.5252525252525), (500, 193.5252525252525), (501, 193.5252525252525), (502, 193.1818181818182), (503, 194.06060606060606), (504, 194.06060606060606), (505, 193.88888888888889), (506, 193.88888888888889), (507, 193.88888888888889), (508, 193.43434343434345), (509, 193.43434343434345), (510, 192.66666666666666), (511, 192.66666666666666), (512, 192.66666666666666), (513, 192.27272727272728), (514, 191.88888888888889), (515, 191.88888888888889), (516, 191.88888888888889), (517, 192.27272727272728), (518, 192.23232323232324), (519, 192.23232323232324), (520, 192.23232323232324), (521, 192.23232323232324), (522, 192.23232323232324), (523, 192.1919191919192), (524, 192.1919191919192), (525, 192.1919191919192), (526, 191.85858585858585), (527, 191.4949494949495), (528, 191.82828282828282), (529, 191.82828282828282), (530, 191.82828282828282), (531, 191.6969696969697), (532, 191.6969696969697), (533, 191.06060606060606), (534, 191.06060606060606), (535, 191.02020202020202), (536, 191.02020202020202), (537, 191.02020202020202), (538, 190.2929292929293), (539, 189.67676767676767), (540, 189.14141414141415), (541, 188.3838383838384), (542, 187.8080808080808), (543, 188.02020202020202), (544, 187.25252525252526), (545, 187.25252525252526), (546, 187.25252525252526), (547, 186.73737373737373), (548, 185.91919191919192), (549, 185.73737373737373), (550, 185.73737373737373), (551, 185.5151515151515), (552, 185.5151515151515), (553, 185.5151515151515), (554, 185.5151515151515), (555, 185.5151515151515), (556, 185.5151515151515), (557, 185.5151515151515), (558, 185.5151515151515), (559, 185.5252525252525), (560, 185.5252525252525), (561, 185.2929292929293), (562, 185.62626262626262), (563, 185.45454545454547), (564, 185.91919191919192), (565, 185.91919191919192), (566, 185.91919191919192), (567, 185.91919191919192), (568, 185.91919191919192), (569, 186.03030303030303), (570, 186.03030303030303), (571, 186.03030303030303), (572, 186.03030303030303), (573, 185.34343434343435), (574, 185.5252525252525), (575, 185.11111111111111), (576, 185.11111111111111), (577, 185.11111111111111), (578, 184.73737373737373), (579, 184.4747474747475), (580, 184.23232323232324), (581, 184.23232323232324), (582, 184.23232323232324), (583, 184.23232323232324), (584, 184.16161616161617), (585, 184.33333333333334), (586, 184.97979797979798), (587, 184.65656565656565), (588, 184.37373737373738), (589, 183.7979797979798), (590, 183.7979797979798), (591, 183.5050505050505), (592, 183.44444444444446), (593, 183.44444444444446), (594, 183.44444444444446), (595, 182.94949494949495), (596, 183.05050505050505), (597, 183.05050505050505), (598, 183.05050505050505), (599, 183.05050505050505), (600, 182.59595959595958), (601, 182.42424242424244), (602, 182.0), (603, 181.43434343434345), (604, 181.6060606060606), (605, 181.5151515151515), (606, 181.23232323232324), (607, 181.0909090909091), (608, 180.5151515151515), (609, 181.2828282828283), (610, 181.13131313131314), (611, 181.13131313131314), (612, 181.5252525252525), (613, 181.3030303030303), (614, 181.3030303030303), (615, 181.3030303030303), (616, 181.74747474747474), (617, 181.78787878787878), (618, 181.78787878787878), (619, 181.68686868686868), (620, 181.68686868686868), (621, 181.56565656565655), (622, 181.41414141414143), (623, 181.37373737373738), (624, 180.94949494949495), (625, 180.65656565656565), (626, 180.6969696969697), (627, 180.6969696969697), (628, 180.45454545454547), (629, 180.45454545454547), (630, 180.58585858585857), (631, 180.4949494949495), (632, 180.84848484848484), (633, 180.54545454545453), (634, 180.58585858585857), (635, 180.58585858585857), (636, 180.04040404040404), (637, 180.76767676767676), (638, 181.3838383838384), (639, 181.91919191919192), (640, 182.67676767676767), (641, 183.25252525252526), (642, 183.37373737373738), (643, 184.03030303030303), (644, 184.03030303030303), (645, 184.03030303030303), (646, 184.54545454545453), (647, 185.36363636363637), (648, 185.54545454545453), (649, 185.54545454545453), (650, 185.76767676767676), (651, 185.76767676767676), (652, 185.76767676767676), (653, 185.76767676767676), (654, 185.76767676767676), (655, 185.76767676767676), (656, 185.76767676767676), (657, 185.76767676767676), (658, 185.76767676767676), (659, 185.76767676767676), (660, 186.0), (661, 186.0), (662, 186.17171717171718), (663, 186.17171717171718), (664, 186.17171717171718), (665, 186.17171717171718), (666, 186.17171717171718), (667, 186.17171717171718), (668, 186.17171717171718), (669, 186.17171717171718), (670, 186.17171717171718), (671, 186.17171717171718), (672, 186.85858585858585), (673, 186.85858585858585), (674, 187.27272727272728), (675, 187.27272727272728), (676, 187.27272727272728), (677, 187.64646464646464), (678, 187.9090909090909), (679, 188.31313131313132), (680, 188.31313131313132), (681, 188.31313131313132), (682, 188.31313131313132), (683, 188.3838383838384), (684, 188.77777777777777), (685, 188.77777777777777), (686, 189.1010101010101), (687, 189.85858585858585), (688, 190.43434343434345), (689, 190.43434343434345), (690, 190.86868686868686), (691, 190.92929292929293), (692, 190.92929292929293), (693, 190.92929292929293), (694, 191.42424242424244), (695, 191.86868686868686), (696, 191.86868686868686), (697, 191.86868686868686), (698, 191.86868686868686), (699, 192.32323232323233), (700, 192.83838383838383), (701, 193.26262626262627), (702, 193.82828282828282), (703, 193.82828282828282), (704, 193.91919191919192), (705, 194.2020202020202), (706, 194.7979797979798), (707, 195.37373737373738), (708, 195.37373737373738), (709, 195.5252525252525), (710, 195.5252525252525), (711, 195.5252525252525), (712, 196.13131313131314), (713, 196.13131313131314), (714, 196.13131313131314), (715, 196.13131313131314), (716, 196.13131313131314), (717, 196.13131313131314), (718, 196.23232323232324), (719, 196.23232323232324), (720, 196.35353535353536), (721, 196.54545454545453), (722, 196.58585858585857), (723, 197.010101010101), (724, 197.63636363636363), (725, 197.1818181818182), (726, 197.1818181818182), (727, 197.42424242424244), (728, 197.42424242424244), (729, 197.42424242424244), (730, 197.5151515151515), (731, 197.7979797979798), (732, 198.1010101010101), (733, 198.1010101010101), (734, 198.1010101010101), (735, 198.64646464646464), (736, 198.64646464646464), (737, 198.64646464646464), (738, 198.64646464646464), (739, 198.64646464646464), (740, 198.64646464646464), (741, 199.11111111111111), (742, 199.22222222222223), (743, 199.22222222222223), (744, 199.22222222222223), (745, 199.22222222222223), (746, 199.22222222222223), (747, 199.22222222222223), (748, 199.22222222222223), (749, 199.22222222222223), (750, 199.22222222222223), (751, 199.22222222222223), (752, 199.22222222222223), (753, 199.22222222222223), (754, 199.22222222222223), (755, 199.22222222222223), (756, 199.22222222222223), (757, 199.22222222222223), (758, 199.22222222222223), (759, 199.22222222222223), (760, 199.22222222222223), (761, 199.22222222222223), (762, 199.22222222222223), (763, 199.22222222222223), (764, 199.22222222222223), (765, 199.22222222222223), (766, 199.22222222222223), (767, 199.22222222222223), (768, 199.22222222222223), (769, 199.22222222222223), (770, 199.22222222222223), (771, 199.22222222222223), (772, 199.22222222222223), (773, 199.22222222222223), (774, 199.22222222222223), (775, 199.22222222222223), (776, 199.22222222222223), (777, 199.22222222222223), (778, 199.22222222222223), (779, 199.22222222222223), (780, 199.22222222222223), (781, 199.22222222222223), (782, 199.22222222222223), (783, 199.22222222222223), (784, 199.22222222222223), (785, 199.22222222222223), (786, 199.22222222222223), (787, 199.22222222222223), (788, 199.22222222222223), (789, 199.22222222222223), (790, 199.22222222222223), (791, 199.22222222222223), (792, 199.22222222222223), (793, 199.22222222222223), (794, 199.22222222222223), (795, 199.22222222222223), (796, 199.22222222222223), (797, 199.22222222222223), (798, 199.22222222222223), (799, 199.22222222222223), (800, 199.22222222222223), (801, 199.22222222222223), (802, 199.22222222222223), (803, 199.22222222222223), (804, 199.22222222222223), (805, 199.22222222222223), (806, 199.22222222222223), (807, 199.22222222222223), (808, 199.22222222222223), (809, 199.22222222222223), (810, 199.22222222222223), (811, 199.22222222222223), (812, 199.22222222222223), (813, 199.22222222222223), (814, 199.22222222222223), (815, 199.22222222222223), (816, 199.22222222222223), (817, 199.22222222222223), (818, 199.22222222222223), (819, 199.22222222222223), (820, 199.22222222222223), (821, 199.22222222222223), (822, 199.22222222222223), (823, 199.22222222222223), (824, 200.0), (825, 200.0), (826, 200.0), (827, 200.0), (828, 200.0), (829, 200.0), (830, 200.0), (831, 200.0), (832, 200.0), (833, 200.0), (834, 200.0), (835, 200.0), (836, 200.0), (837, 200.0), (838, 200.0), (839, 200.0), (840, 200.0), (841, 200.0), (842, 200.0), (843, 200.0), (844, 200.0), (845, 200.0), (846, 200.0), (847, 200.0), (848, 200.0), (849, 200.0), (850, 200.0), (851, 200.0), (852, 200.0), (853, 200.0), (854, 200.0), (855, 200.0), (856, 200.0), (857, 200.0), (858, 200.0), (859, 200.0), (860, 200.0), (861, 200.0), (862, 200.0), (863, 200.0), (864, 200.0), (865, 200.0), (866, 200.0), (867, 200.0), (868, 200.0), (869, 200.0), (870, 200.0), (871, 200.0), (872, 200.0), (873, 200.0), (874, 200.0), (875, 200.0), (876, 200.0), (877, 200.0), (878, 200.0), (879, 200.0), (880, 200.0), (881, 200.0), (882, 200.0), (883, 200.0), (884, 200.0), (885, 200.0), (886, 200.0), (887, 200.0), (888, 200.0), (889, 200.0), (890, 200.0), (891, 200.0), (892, 200.0), (893, 200.0), (894, 199.4949494949495), (895, 199.4949494949495), (896, 199.4949494949495), (897, 199.4949494949495), (898, 199.4949494949495), (899, 199.4949494949495), (900, 199.4949494949495), (901, 199.4949494949495), (902, 199.4949494949495), (903, 199.4949494949495), (904, 199.4949494949495), (905, 199.4949494949495), (906, 199.4949494949495), (907, 199.4949494949495), (908, 199.4949494949495), (909, 199.4949494949495), (910, 199.4949494949495), (911, 199.4949494949495), (912, 199.4949494949495), (913, 199.4949494949495), (914, 199.4949494949495), (915, 199.4949494949495), (916, 199.4949494949495), (917, 199.4949494949495), (918, 199.4949494949495), (919, 199.4949494949495), (920, 199.4949494949495), (921, 199.4949494949495), (922, 199.4949494949495), (923, 199.4949494949495), (924, 199.4949494949495), (925, 199.4949494949495), (926, 199.4949494949495), (927, 199.4949494949495), (928, 199.4949494949495), (929, 199.4949494949495), (930, 199.4949494949495), (931, 199.4949494949495), (932, 199.4949494949495), (933, 199.4949494949495), (934, 199.4949494949495), (935, 199.4949494949495), (936, 199.4949494949495), (937, 199.4949494949495), (938, 199.4949494949495), (939, 199.4949494949495), (940, 199.4949494949495), (941, 199.4949494949495), (942, 199.4949494949495), (943, 199.4949494949495), (944, 199.4949494949495), (945, 199.4949494949495), (946, 199.4949494949495), (947, 199.4949494949495), (948, 199.4949494949495), (949, 199.4949494949495), (950, 199.4949494949495), (951, 199.4949494949495), (952, 199.4949494949495), (953, 199.4949494949495), (954, 199.4949494949495), (955, 199.4949494949495), (956, 199.4949494949495), (957, 199.4949494949495), (958, 199.4949494949495), (959, 199.4949494949495), (960, 199.4949494949495), (961, 199.4949494949495), (962, 199.4949494949495), (963, 199.4949494949495), (964, 199.4949494949495), (965, 199.4949494949495), (966, 198.67676767676767), (967, 198.67676767676767), (968, 198.67676767676767), (969, 198.67676767676767), (970, 198.67676767676767), (971, 198.67676767676767), (972, 198.67676767676767), (973, 198.67676767676767), (974, 198.67676767676767), (975, 198.64646464646464), (976, 198.64646464646464), (977, 198.3838383838384), (978, 198.3838383838384), (979, 198.3838383838384), (980, 198.3838383838384), (981, 198.3838383838384), (982, 198.34343434343435), (983, 197.66666666666666), (984, 197.66666666666666), (985, 197.66666666666666), (986, 197.66666666666666), (987, 197.66666666666666), (988, 197.66666666666666), (989, 197.66666666666666), (990, 197.62626262626262), (991, 197.62626262626262), (992, 197.5050505050505), (993, 198.010101010101), (994, 198.010101010101), (995, 197.86868686868686), (996, 197.86868686868686), (997, 197.86868686868686), (998, 197.76767676767676), (999, 197.76767676767676), (1000, 197.76767676767676), (1001, 197.76767676767676), (1002, 197.76767676767676), (1003, 197.76767676767676), (1004, 197.76767676767676), (1005, 197.2929292929293), (1006, 197.2929292929293), (1007, 197.2929292929293), (1008, 197.2929292929293), (1009, 197.2929292929293), (1010, 197.2929292929293), (1011, 197.2929292929293), (1012, 197.2929292929293), (1013, 197.06060606060606), (1014, 197.06060606060606), (1015, 197.06060606060606), (1016, 197.06060606060606), (1017, 197.06060606060606), (1018, 197.06060606060606), (1019, 196.82828282828282), (1020, 196.31313131313132), (1021, 196.31313131313132), (1022, 196.31313131313132), (1023, 196.22222222222223), (1024, 196.22222222222223), (1025, 196.22222222222223), (1026, 196.22222222222223), (1027, 196.22222222222223), (1028, 196.1818181818182), (1029, 195.68686868686868), (1030, 195.68686868686868), (1031, 195.68686868686868), (1032, 195.68686868686868), (1033, 195.68686868686868), (1034, 195.68686868686868), (1035, 195.68686868686868), (1036, 195.68686868686868), (1037, 195.68686868686868), (1038, 195.68686868686868), (1039, 195.68686868686868), (1040, 195.44444444444446), (1041, 195.44444444444446), (1042, 195.44444444444446), (1043, 195.44444444444446), (1044, 195.44444444444446), (1045, 195.13131313131314), (1046, 195.13131313131314), (1047, 195.13131313131314), (1048, 195.13131313131314), (1049, 195.13131313131314), (1050, 195.13131313131314), (1051, 195.13131313131314), (1052, 195.13131313131314), (1053, 195.13131313131314), (1054, 195.13131313131314), (1055, 195.13131313131314), (1056, 195.13131313131314), (1057, 195.13131313131314), (1058, 195.13131313131314), (1059, 195.13131313131314), (1060, 195.13131313131314), (1061, 195.13131313131314), (1062, 195.13131313131314), (1063, 195.13131313131314), (1064, 195.13131313131314), (1065, 195.94949494949495), (1066, 195.94949494949495), (1067, 195.94949494949495), (1068, 195.94949494949495), (1069, 195.94949494949495), (1070, 195.94949494949495), (1071, 195.94949494949495), (1072, 195.94949494949495), (1073, 195.94949494949495), (1074, 195.97979797979798), (1075, 195.97979797979798), (1076, 196.24242424242425), (1077, 195.44444444444446), (1078, 195.44444444444446), (1079, 194.92929292929293), (1080, 194.92929292929293), (1081, 194.96969696969697), (1082, 195.64646464646464), (1083, 195.64646464646464), (1084, 195.64646464646464), (1085, 195.64646464646464), (1086, 195.64646464646464), (1087, 195.64646464646464), (1088, 195.64646464646464), (1089, 195.68686868686868), (1090, 195.68686868686868), (1091, 195.8080808080808), (1092, 195.8080808080808), (1093, 195.8080808080808), (1094, 195.94949494949495), (1095, 195.94949494949495), (1096, 195.94949494949495), (1097, 196.05050505050505), (1098, 196.05050505050505), (1099, 196.05050505050505), (1100, 196.05050505050505), (1101, 196.05050505050505), (1102, 196.05050505050505), (1103, 196.05050505050505), (1104, 196.5252525252525), (1105, 196.5252525252525), (1106, 196.5252525252525), (1107, 196.5252525252525), (1108, 196.5252525252525), (1109, 196.5252525252525), (1110, 196.5252525252525), (1111, 196.5252525252525), (1112, 196.75757575757575), (1113, 196.75757575757575), (1114, 196.75757575757575), (1115, 196.75757575757575), (1116, 196.75757575757575), (1117, 196.75757575757575), (1118, 196.989898989899), (1119, 197.5050505050505), (1120, 197.5050505050505), (1121, 197.5050505050505), (1122, 197.59595959595958), (1123, 197.59595959595958), (1124, 197.59595959595958), (1125, 197.59595959595958), (1126, 197.59595959595958), (1127, 197.63636363636363), (1128, 198.13131313131314), (1129, 198.13131313131314), (1130, 198.13131313131314), (1131, 198.13131313131314), (1132, 198.13131313131314), (1133, 198.13131313131314), (1134, 198.13131313131314), (1135, 198.13131313131314), (1136, 198.13131313131314), (1137, 198.13131313131314), (1138, 198.13131313131314), (1139, 198.37373737373738), (1140, 198.37373737373738), (1141, 198.1919191919192), (1142, 198.1919191919192), (1143, 198.1919191919192), (1144, 198.5050505050505), (1145, 198.5050505050505), (1146, 198.5050505050505), (1147, 198.5050505050505), (1148, 198.5050505050505), (1149, 198.5050505050505), (1150, 198.5050505050505), (1151, 198.5050505050505), (1152, 198.5050505050505), (1153, 198.5050505050505), (1154, 198.5050505050505), (1155, 198.5050505050505), (1156, 198.5050505050505), (1157, 198.5050505050505), (1158, 198.5050505050505), (1159, 198.5050505050505), (1160, 198.5050505050505), (1161, 198.5050505050505), (1162, 198.5050505050505), (1163, 198.5050505050505), (1164, 198.5050505050505), (1165, 198.5050505050505), (1166, 198.5050505050505), (1167, 198.5050505050505), (1168, 198.5050505050505), (1169, 198.5050505050505), (1170, 198.5050505050505), (1171, 198.5050505050505), (1172, 198.5050505050505), (1173, 198.5050505050505), (1174, 198.5050505050505), (1175, 198.5050505050505), (1176, 199.3030303030303), (1177, 199.3030303030303), (1178, 199.8181818181818), (1179, 199.8181818181818), (1180, 199.8181818181818), (1181, 199.8181818181818), (1182, 199.8181818181818), (1183, 199.8181818181818), (1184, 199.8181818181818), (1185, 199.8181818181818), (1186, 199.8181818181818), (1187, 199.8181818181818), (1188, 199.8181818181818), (1189, 199.8181818181818), (1190, 199.8181818181818), (1191, 199.8181818181818), (1192, 199.8181818181818), (1193, 199.8181818181818), (1194, 199.8181818181818), (1195, 199.8181818181818), (1196, 199.8181818181818), (1197, 199.8181818181818), (1198, 199.8181818181818), (1199, 199.8181818181818), (1200, 199.8181818181818), (1201, 199.8181818181818), (1202, 199.8181818181818), (1203, 199.8181818181818), (1204, 199.8181818181818), (1205, 199.8181818181818), (1206, 199.8181818181818), (1207, 199.8181818181818), (1208, 199.8181818181818), (1209, 199.8181818181818), (1210, 199.8181818181818), (1211, 199.8181818181818), (1212, 199.8181818181818), (1213, 199.8181818181818), (1214, 199.8181818181818), (1215, 199.8181818181818), (1216, 199.8181818181818), (1217, 199.8181818181818), (1218, 199.8181818181818), (1219, 199.8181818181818), (1220, 199.8181818181818), (1221, 199.8181818181818), (1222, 199.8181818181818), (1223, 199.8181818181818), (1224, 199.8181818181818), (1225, 199.8181818181818), (1226, 199.8181818181818), (1227, 199.8181818181818), (1228, 199.8181818181818), (1229, 199.8181818181818), (1230, 199.8181818181818), (1231, 199.8181818181818), (1232, 199.8181818181818), (1233, 199.8181818181818), (1234, 199.8181818181818), (1235, 199.8181818181818), (1236, 199.8181818181818), (1237, 199.8181818181818), (1238, 199.8181818181818), (1239, 199.8181818181818), (1240, 199.3030303030303), (1241, 199.3030303030303), (1242, 199.3030303030303), (1243, 199.3030303030303), (1244, 199.3030303030303), (1245, 199.3030303030303), (1246, 199.3030303030303), (1247, 199.3030303030303), (1248, 199.3030303030303), (1249, 199.3030303030303), (1250, 199.3030303030303), (1251, 199.3030303030303), (1252, 199.3030303030303), (1253, 199.3030303030303), (1254, 199.3030303030303), (1255, 199.3030303030303), (1256, 199.3030303030303), (1257, 199.3030303030303), (1258, 199.3030303030303), (1259, 199.3030303030303), (1260, 199.11111111111111), (1261, 199.11111111111111), (1262, 199.11111111111111), (1263, 199.11111111111111), (1264, 199.11111111111111), (1265, 199.11111111111111), (1266, 199.11111111111111), (1267, 199.11111111111111), (1268, 199.11111111111111), (1269, 199.11111111111111), (1270, 199.11111111111111), (1271, 199.11111111111111), (1272, 199.11111111111111), (1273, 199.11111111111111), (1274, 199.11111111111111), (1275, 199.11111111111111), (1276, 199.11111111111111), (1277, 199.11111111111111), (1278, 199.11111111111111), (1279, 199.11111111111111), (1280, 199.11111111111111), (1281, 199.11111111111111), (1282, 199.11111111111111), (1283, 199.11111111111111), (1284, 199.11111111111111), (1285, 199.11111111111111), (1286, 199.11111111111111), (1287, 199.11111111111111), (1288, 199.11111111111111), (1289, 199.11111111111111), (1290, 199.11111111111111), (1291, 199.11111111111111), (1292, 199.11111111111111), (1293, 199.11111111111111), (1294, 199.11111111111111), (1295, 199.11111111111111), (1296, 199.11111111111111), (1297, 199.11111111111111), (1298, 199.11111111111111), (1299, 199.11111111111111), (1300, 199.11111111111111), (1301, 199.11111111111111), (1302, 199.11111111111111), (1303, 199.11111111111111), (1304, 199.11111111111111), (1305, 199.11111111111111), (1306, 199.11111111111111), (1307, 199.11111111111111), (1308, 199.11111111111111), (1309, 199.11111111111111), (1310, 199.11111111111111), (1311, 199.11111111111111), (1312, 199.11111111111111), (1313, 199.11111111111111), (1314, 199.11111111111111), (1315, 199.11111111111111), (1316, 199.11111111111111), (1317, 199.11111111111111), (1318, 199.11111111111111), (1319, 199.11111111111111), (1320, 199.11111111111111), (1321, 199.11111111111111), (1322, 199.11111111111111), (1323, 199.11111111111111), (1324, 199.11111111111111), (1325, 199.11111111111111), (1326, 199.11111111111111), (1327, 199.11111111111111), (1328, 199.11111111111111), (1329, 199.11111111111111), (1330, 199.11111111111111), (1331, 199.11111111111111), (1332, 199.11111111111111), (1333, 199.11111111111111), (1334, 199.11111111111111), (1335, 199.11111111111111), (1336, 199.11111111111111), (1337, 199.11111111111111), (1338, 199.11111111111111), (1339, 199.8080808080808), (1340, 199.8080808080808), (1341, 199.8080808080808), (1342, 199.8080808080808), (1343, 199.8080808080808), (1344, 199.8080808080808), (1345, 199.8080808080808), (1346, 199.8080808080808), (1347, 199.8080808080808), (1348, 199.8080808080808), (1349, 199.8080808080808), (1350, 199.8080808080808), (1351, 199.8080808080808), (1352, 199.8080808080808), (1353, 199.8080808080808), (1354, 199.8080808080808), (1355, 199.8080808080808), (1356, 199.8080808080808), (1357, 199.8080808080808), (1358, 199.8080808080808), (1359, 200.0), (1360, 200.0), (1361, 200.0), (1362, 200.0), (1363, 200.0), (1364, 200.0), (1365, 200.0), (1366, 200.0), (1367, 200.0), (1368, 200.0), (1369, 200.0), (1370, 200.0), (1371, 200.0), (1372, 200.0), (1373, 200.0), (1374, 200.0), (1375, 200.0), (1376, 200.0), (1377, 200.0), (1378, 200.0), (1379, 200.0), (1380, 200.0), (1381, 200.0), (1382, 200.0), (1383, 200.0), (1384, 200.0), (1385, 200.0), (1386, 200.0), (1387, 200.0), (1388, 200.0), (1389, 200.0), (1390, 200.0), (1391, 200.0), (1392, 200.0), (1393, 200.0), (1394, 200.0), (1395, 200.0), (1396, 200.0), (1397, 200.0), (1398, 200.0), (1399, 200.0), (1400, 200.0), (1401, 200.0), (1402, 200.0), (1403, 200.0), (1404, 200.0), (1405, 200.0), (1406, 200.0), (1407, 200.0), (1408, 200.0), (1409, 200.0), (1410, 200.0), (1411, 200.0), (1412, 200.0), (1413, 200.0), (1414, 200.0), (1415, 200.0), (1416, 200.0), (1417, 200.0), (1418, 200.0), (1419, 200.0), (1420, 200.0), (1421, 200.0), (1422, 200.0), (1423, 200.0), (1424, 200.0), (1425, 200.0), (1426, 200.0), (1427, 200.0), (1428, 200.0), (1429, 200.0), (1430, 200.0), (1431, 200.0), (1432, 200.0), (1433, 200.0), (1434, 200.0), (1435, 200.0), (1436, 200.0), (1437, 200.0), (1438, 200.0), (1439, 200.0), (1440, 200.0), (1441, 200.0), (1442, 200.0), (1443, 200.0), (1444, 200.0), (1445, 200.0), (1446, 200.0), (1447, 200.0), (1448, 200.0), (1449, 200.0), (1450, 200.0), (1451, 200.0), (1452, 200.0), (1453, 200.0)]
