<class 'gym.envs.classic_control.cartpole.CartPoleEnv'>
Iteration 0 avg reward 27.000000
Iteration 100 avg reward 53.393939
Iteration 200 avg reward 122.858586
Iteration 300 avg reward 194.252525
Iteration 400 avg reward 199.626263
Iteration 500 avg reward 199.101010
Iteration 600 avg reward 200.000000
Iteration 700 avg reward 200.000000
Iteration 800 avg reward 200.000000
Iteration 900 avg reward 200.000000
Iteration 1000 avg reward 200.000000
Iteration 1100 avg reward 200.000000
Iteration 1200 avg reward 200.000000
Iteration 1300 avg reward 200.000000
[(0, 27.0), (1, 27.5), (2, 28.0), (3, 28.75), (4, 29.6), (5, 29.333333333333332), (6, 29.428571428571427), (7, 28.875), (8, 29.88888888888889), (9, 27.9), (10, 27.181818181818183), (11, 27.75), (12, 27.615384615384617), (13, 26.785714285714285), (14, 27.133333333333333), (15, 27.1875), (16, 27.764705882352942), (17, 29.166666666666668), (18, 29.05263157894737), (19, 31.0), (20, 31.142857142857142), (21, 31.181818181818183), (22, 31.391304347826086), (23, 31.25), (24, 31.28), (25, 32.46153846153846), (26, 31.88888888888889), (27, 34.607142857142854), (28, 34.206896551724135), (29, 33.833333333333336), (30, 33.483870967741936), (31, 34.4375), (32, 34.21212121212121), (33, 35.411764705882355), (34, 37.65714285714286), (35, 37.0), (36, 37.054054054054056), (37, 38.1578947368421), (38, 39.76923076923077), (39, 40.0), (40, 39.609756097560975), (41, 40.023809523809526), (42, 40.25581395348837), (43, 39.97727272727273), (44, 39.91111111111111), (45, 40.869565217391305), (46, 41.723404255319146), (47, 42.041666666666664), (48, 42.0), (49, 42.72), (50, 44.11764705882353), (51, 44.84615384615385), (52, 44.905660377358494), (53, 45.03703703703704), (54, 44.92727272727273), (55, 45.517857142857146), (56, 45.78947368421053), (57, 45.8448275862069), (58, 45.94915254237288), (59, 46.03333333333333), (60, 46.90163934426229), (61, 46.62903225806452), (62, 46.93650793650794), (63, 46.609375), (64, 46.86153846153846), (65, 47.03030303030303), (66, 47.582089552238806), (67, 47.63235294117647), (68, 48.42028985507246), (69, 48.357142857142854), (70, 48.605633802816904), (71, 48.361111111111114), (72, 48.273972602739725), (73, 48.45945945945946), (74, 48.38666666666666), (75, 48.69736842105263), (76, 48.857142857142854), (77, 48.717948717948715), (78, 49.22784810126582), (79, 49.5375), (80, 49.641975308641975), (81, 49.73170731707317), (82, 49.795180722891565), (83, 49.726190476190474), (84, 49.76470588235294), (85, 49.81395348837209), (86, 49.95402298850575), (87, 50.06818181818182), (88, 49.842696629213485), (89, 50.37777777777778), (90, 50.48351648351648), (91, 50.70652173913044), (92, 50.763440860215056), (93, 51.361702127659576), (94, 51.6), (95, 51.864583333333336), (96, 51.68041237113402), (97, 51.80612244897959), (98, 51.72727272727273), (99, 52.37373737373738), (100, 53.39393939393939), (101, 53.98989898989899), (102, 54.18181818181818), (103, 54.90909090909091), (104, 55.101010101010104), (105, 55.898989898989896), (106, 56.60606060606061), (107, 57.05050505050505), (108, 57.61616161616162), (109, 58.06060606060606), (110, 59.101010101010104), (111, 59.5959595959596), (112, 59.94949494949495), (113, 60.35353535353536), (114, 60.94949494949495), (115, 61.656565656565654), (116, 61.878787878787875), (117, 62.07070707070707), (118, 63.19191919191919), (119, 63.525252525252526), (120, 64.60606060606061), (121, 64.86868686868686), (122, 64.96969696969697), (123, 65.27272727272727), (124, 65.29292929292929), (125, 65.71717171717172), (126, 65.1919191919192), (127, 65.70707070707071), (128, 66.33333333333333), (129, 66.5959595959596), (130, 66.52525252525253), (131, 67.3030303030303), (132, 67.76767676767676), (133, 67.60606060606061), (134, 68.11111111111111), (135, 68.51515151515152), (136, 68.39393939393939), (137, 68.0909090909091), (138, 68.41414141414141), (139, 69.42424242424242), (140, 69.44444444444444), (141, 70.23232323232324), (142, 70.70707070707071), (143, 71.17171717171718), (144, 71.1919191919192), (145, 71.13131313131314), (146, 71.21212121212122), (147, 72.03030303030303), (148, 72.26262626262626), (149, 72.26262626262626), (150, 72.06060606060606), (151, 73.22222222222223), (152, 73.79797979797979), (153, 75.42424242424242), (154, 75.87878787878788), (155, 76.56565656565657), (156, 77.65656565656566), (157, 78.21212121212122), (158, 79.71717171717172), (159, 80.02020202020202), (160, 80.83838383838383), (161, 81.4040404040404), (162, 82.41414141414141), (163, 82.84848484848484), (164, 83.84848484848484), (165, 84.08080808080808), (166, 84.71717171717172), (167, 84.67676767676768), (168, 85.33333333333333), (169, 86.0), (170, 87.22222222222223), (171, 88.1010101010101), (172, 89.4949494949495), (173, 91.08080808080808), (174, 92.05050505050505), (175, 93.45454545454545), (176, 95.0909090909091), (177, 96.21212121212122), (178, 97.48484848484848), (179, 98.91919191919192), (180, 100.36363636363636), (181, 101.82828282828282), (182, 103.4040404040404), (183, 104.88888888888889), (184, 105.74747474747475), (185, 106.63636363636364), (186, 108.05050505050505), (187, 109.76767676767676), (188, 110.79797979797979), (189, 112.12121212121212), (190, 113.42424242424242), (191, 114.87878787878788), (192, 115.81818181818181), (193, 116.58585858585859), (194, 117.12121212121212), (195, 118.04040404040404), (196, 119.41414141414141), (197, 120.98989898989899), (198, 122.0909090909091), (199, 122.8080808080808), (200, 122.85858585858585), (201, 124.17171717171718), (202, 125.13131313131314), (203, 125.86868686868686), (204, 126.78787878787878), (205, 127.84848484848484), (206, 129.04040404040404), (207, 129.989898989899), (208, 131.36363636363637), (209, 131.1818181818182), (210, 132.44444444444446), (211, 133.12121212121212), (212, 134.41414141414143), (213, 135.55555555555554), (214, 136.4949494949495), (215, 137.75757575757575), (216, 139.31313131313132), (217, 139.5252525252525), (218, 139.85858585858585), (219, 140.4747474747475), (220, 141.86868686868686), (221, 143.5050505050505), (222, 144.8989898989899), (223, 145.8080808080808), (224, 147.23232323232324), (225, 148.68686868686868), (226, 149.95959595959596), (227, 151.12121212121212), (228, 152.64646464646464), (229, 154.0909090909091), (230, 155.06060606060606), (231, 155.85858585858585), (232, 156.88888888888889), (233, 158.26262626262627), (234, 159.4848484848485), (235, 160.82828282828282), (236, 162.13131313131314), (237, 163.33333333333334), (238, 164.1010101010101), (239, 165.5252525252525), (240, 166.25252525252526), (241, 167.5151515151515), (242, 168.6969696969697), (243, 169.84848484848484), (244, 171.11111111111111), (245, 172.4747474747475), (246, 173.27272727272728), (247, 173.64646464646464), (248, 174.5151515151515), (249, 175.9090909090909), (250, 176.2828282828283), (251, 177.2020202020202), (252, 177.2020202020202), (253, 177.97979797979798), (254, 178.6969696969697), (255, 179.13131313131314), (256, 179.92929292929293), (257, 179.92929292929293), (258, 180.64646464646464), (259, 181.54545454545453), (260, 182.33333333333334), (261, 183.08080808080808), (262, 184.03030303030303), (263, 184.46464646464648), (264, 185.40404040404042), (265, 186.27272727272728), (266, 187.3030303030303), (267, 188.22222222222223), (268, 188.9090909090909), (269, 189.3939393939394), (270, 190.11111111111111), (271, 190.11111111111111), (272, 190.11111111111111), (273, 190.43434343434345), (274, 190.43434343434345), (275, 190.43434343434345), (276, 190.43434343434345), (277, 190.43434343434345), (278, 190.43434343434345), (279, 190.43434343434345), (280, 190.43434343434345), (281, 190.42424242424244), (282, 190.42424242424244), (283, 191.04040404040404), (284, 191.54545454545453), (285, 191.54545454545453), (286, 191.54545454545453), (287, 191.5252525252525), (288, 191.6161616161616), (289, 191.2929292929293), (290, 191.2929292929293), (291, 191.0), (292, 191.5050505050505), (293, 192.21212121212122), (294, 192.96969696969697), (295, 192.96969696969697), (296, 192.96969696969697), (297, 192.96969696969697), (298, 192.96969696969697), (299, 194.05050505050505), (300, 194.25252525252526), (301, 194.25252525252526), (302, 195.06060606060606), (303, 194.84848484848484), (304, 194.84848484848484), (305, 194.84848484848484), (306, 195.25252525252526), (307, 195.25252525252526), (308, 196.07070707070707), (309, 196.07070707070707), (310, 196.8989898989899), (311, 196.8989898989899), (312, 196.8989898989899), (313, 196.8989898989899), (314, 196.85858585858585), (315, 196.85858585858585), (316, 196.85858585858585), (317, 197.86868686868686), (318, 197.86868686868686), (319, 197.86868686868686), (320, 197.86868686868686), (321, 197.86868686868686), (322, 198.33333333333334), (323, 198.33333333333334), (324, 198.33333333333334), (325, 198.33333333333334), (326, 198.33333333333334), (327, 198.33333333333334), (328, 198.33333333333334), (329, 198.33333333333334), (330, 198.33333333333334), (331, 198.33333333333334), (332, 198.33333333333334), (333, 198.33333333333334), (334, 198.33333333333334), (335, 198.33333333333334), (336, 198.33333333333334), (337, 198.33333333333334), (338, 198.33333333333334), (339, 198.33333333333334), (340, 198.33333333333334), (341, 198.33333333333334), (342, 198.33333333333334), (343, 198.33333333333334), (344, 198.33333333333334), (345, 198.33333333333334), (346, 198.95959595959596), (347, 198.95959595959596), (348, 198.95959595959596), (349, 198.95959595959596), (350, 198.95959595959596), (351, 198.95959595959596), (352, 198.95959595959596), (353, 198.95959595959596), (354, 198.95959595959596), (355, 199.1010101010101), (356, 199.1010101010101), (357, 199.1010101010101), (358, 199.1010101010101), (359, 199.1010101010101), (360, 199.1010101010101), (361, 199.1010101010101), (362, 199.1010101010101), (363, 199.1010101010101), (364, 199.1010101010101), (365, 199.1010101010101), (366, 199.1010101010101), (367, 199.1010101010101), (368, 199.1010101010101), (369, 199.1010101010101), (370, 199.1010101010101), (371, 199.1010101010101), (372, 199.1010101010101), (373, 199.1010101010101), (374, 199.1010101010101), (375, 199.1010101010101), (376, 199.1010101010101), (377, 199.1010101010101), (378, 199.1010101010101), (379, 199.1010101010101), (380, 199.11111111111111), (381, 199.11111111111111), (382, 199.11111111111111), (383, 199.11111111111111), (384, 199.11111111111111), (385, 199.11111111111111), (386, 199.13131313131314), (387, 199.13131313131314), (388, 199.45454545454547), (389, 199.45454545454547), (390, 199.74747474747474), (391, 199.74747474747474), (392, 199.74747474747474), (393, 199.74747474747474), (394, 199.62626262626262), (395, 199.62626262626262), (396, 199.62626262626262), (397, 199.62626262626262), (398, 199.62626262626262), (399, 199.62626262626262), (400, 199.62626262626262), (401, 199.62626262626262), (402, 199.83838383838383), (403, 199.83838383838383), (404, 199.83838383838383), (405, 199.83838383838383), (406, 199.83838383838383), (407, 199.83838383838383), (408, 199.83838383838383), (409, 199.83838383838383), (410, 199.83838383838383), (411, 199.83838383838383), (412, 199.83838383838383), (413, 199.14141414141415), (414, 199.14141414141415), (415, 199.11111111111111), (416, 199.11111111111111), (417, 199.11111111111111), (418, 199.11111111111111), (419, 199.11111111111111), (420, 199.11111111111111), (421, 199.11111111111111), (422, 199.11111111111111), (423, 199.11111111111111), (424, 199.11111111111111), (425, 199.11111111111111), (426, 199.11111111111111), (427, 199.11111111111111), (428, 199.11111111111111), (429, 199.11111111111111), (430, 199.11111111111111), (431, 199.11111111111111), (432, 199.11111111111111), (433, 199.11111111111111), (434, 199.11111111111111), (435, 199.11111111111111), (436, 199.11111111111111), (437, 199.11111111111111), (438, 199.11111111111111), (439, 199.11111111111111), (440, 199.11111111111111), (441, 199.11111111111111), (442, 199.11111111111111), (443, 199.11111111111111), (444, 199.11111111111111), (445, 199.11111111111111), (446, 199.11111111111111), (447, 199.11111111111111), (448, 199.11111111111111), (449, 199.11111111111111), (450, 199.11111111111111), (451, 199.11111111111111), (452, 198.97979797979798), (453, 198.97979797979798), (454, 198.97979797979798), (455, 198.97979797979798), (456, 198.97979797979798), (457, 198.97979797979798), (458, 198.97979797979798), (459, 198.97979797979798), (460, 198.97979797979798), (461, 198.97979797979798), (462, 198.97979797979798), (463, 198.97979797979798), (464, 198.97979797979798), (465, 198.97979797979798), (466, 198.97979797979798), (467, 198.97979797979798), (468, 198.97979797979798), (469, 198.97979797979798), (470, 198.97979797979798), (471, 198.97979797979798), (472, 198.97979797979798), (473, 198.97979797979798), (474, 198.97979797979798), (475, 198.97979797979798), (476, 198.97979797979798), (477, 198.97979797979798), (478, 198.97979797979798), (479, 198.97979797979798), (480, 198.97979797979798), (481, 198.97979797979798), (482, 198.97979797979798), (483, 198.97979797979798), (484, 198.97979797979798), (485, 198.97979797979798), (486, 198.97979797979798), (487, 198.97979797979798), (488, 198.97979797979798), (489, 198.97979797979798), (490, 198.97979797979798), (491, 198.97979797979798), (492, 198.97979797979798), (493, 199.1010101010101), (494, 199.1010101010101), (495, 199.1010101010101), (496, 199.1010101010101), (497, 199.1010101010101), (498, 199.1010101010101), (499, 199.1010101010101), (500, 199.1010101010101), (501, 199.1010101010101), (502, 199.1010101010101), (503, 199.1010101010101), (504, 199.1010101010101), (505, 199.1010101010101), (506, 199.1010101010101), (507, 199.1010101010101), (508, 199.1010101010101), (509, 199.1010101010101), (510, 199.1010101010101), (511, 199.1010101010101), (512, 199.83838383838383), (513, 199.83838383838383), (514, 199.86868686868686), (515, 199.86868686868686), (516, 199.86868686868686), (517, 199.86868686868686), (518, 199.86868686868686), (519, 199.86868686868686), (520, 199.86868686868686), (521, 199.86868686868686), (522, 199.86868686868686), (523, 199.86868686868686), (524, 199.86868686868686), (525, 199.86868686868686), (526, 199.86868686868686), (527, 199.86868686868686), (528, 199.86868686868686), (529, 199.86868686868686), (530, 199.86868686868686), (531, 199.86868686868686), (532, 199.86868686868686), (533, 199.86868686868686), (534, 199.86868686868686), (535, 199.86868686868686), (536, 199.86868686868686), (537, 199.86868686868686), (538, 199.86868686868686), (539, 199.86868686868686), (540, 199.86868686868686), (541, 199.86868686868686), (542, 199.86868686868686), (543, 199.86868686868686), (544, 199.86868686868686), (545, 199.86868686868686), (546, 199.86868686868686), (547, 199.86868686868686), (548, 199.86868686868686), (549, 199.86868686868686), (550, 199.86868686868686), (551, 200.0), (552, 200.0), (553, 200.0), (554, 200.0), (555, 200.0), (556, 200.0), (557, 200.0), (558, 200.0), (559, 200.0), (560, 200.0), (561, 200.0), (562, 200.0), (563, 200.0), (564, 200.0), (565, 200.0), (566, 200.0), (567, 200.0), (568, 200.0), (569, 200.0), (570, 200.0), (571, 200.0), (572, 200.0), (573, 200.0), (574, 200.0), (575, 200.0), (576, 200.0), (577, 200.0), (578, 200.0), (579, 200.0), (580, 200.0), (581, 200.0), (582, 200.0), (583, 200.0), (584, 200.0), (585, 200.0), (586, 200.0), (587, 200.0), (588, 200.0), (589, 200.0), (590, 200.0), (591, 200.0), (592, 200.0), (593, 200.0), (594, 200.0), (595, 200.0), (596, 200.0), (597, 200.0), (598, 200.0), (599, 200.0), (600, 200.0), (601, 200.0), (602, 200.0), (603, 200.0), (604, 200.0), (605, 200.0), (606, 200.0), (607, 200.0), (608, 200.0), (609, 200.0), (610, 200.0), (611, 200.0), (612, 200.0), (613, 200.0), (614, 200.0), (615, 200.0), (616, 200.0), (617, 200.0), (618, 200.0), (619, 200.0), (620, 200.0), (621, 200.0), (622, 200.0), (623, 200.0), (624, 200.0), (625, 200.0), (626, 200.0), (627, 200.0), (628, 200.0), (629, 200.0), (630, 200.0), (631, 200.0), (632, 200.0), (633, 200.0), (634, 200.0), (635, 200.0), (636, 200.0), (637, 200.0), (638, 200.0), (639, 200.0), (640, 200.0), (641, 200.0), (642, 200.0), (643, 200.0), (644, 200.0), (645, 200.0), (646, 200.0), (647, 200.0), (648, 200.0), (649, 200.0), (650, 200.0), (651, 200.0), (652, 200.0), (653, 200.0), (654, 200.0), (655, 200.0), (656, 200.0), (657, 200.0), (658, 200.0), (659, 200.0), (660, 200.0), (661, 200.0), (662, 200.0), (663, 200.0), (664, 200.0), (665, 200.0), (666, 200.0), (667, 200.0), (668, 200.0), (669, 200.0), (670, 200.0), (671, 200.0), (672, 200.0), (673, 200.0), (674, 200.0), (675, 200.0), (676, 200.0), (677, 200.0), (678, 200.0), (679, 200.0), (680, 200.0), (681, 200.0), (682, 200.0), (683, 200.0), (684, 200.0), (685, 200.0), (686, 200.0), (687, 200.0), (688, 200.0), (689, 200.0), (690, 200.0), (691, 200.0), (692, 200.0), (693, 200.0), (694, 200.0), (695, 200.0), (696, 200.0), (697, 200.0), (698, 200.0), (699, 200.0), (700, 200.0), (701, 200.0), (702, 200.0), (703, 200.0), (704, 200.0), (705, 200.0), (706, 200.0), (707, 200.0), (708, 200.0), (709, 200.0), (710, 200.0), (711, 200.0), (712, 200.0), (713, 200.0), (714, 200.0), (715, 200.0), (716, 200.0), (717, 200.0), (718, 200.0), (719, 200.0), (720, 200.0), (721, 200.0), (722, 200.0), (723, 200.0), (724, 200.0), (725, 200.0), (726, 200.0), (727, 200.0), (728, 200.0), (729, 200.0), (730, 200.0), (731, 200.0), (732, 200.0), (733, 200.0), (734, 200.0), (735, 200.0), (736, 200.0), (737, 200.0), (738, 200.0), (739, 200.0), (740, 200.0), (741, 200.0), (742, 200.0), (743, 200.0), (744, 200.0), (745, 200.0), (746, 200.0), (747, 200.0), (748, 200.0), (749, 200.0), (750, 200.0), (751, 200.0), (752, 200.0), (753, 200.0), (754, 200.0), (755, 200.0), (756, 200.0), (757, 200.0), (758, 200.0), (759, 200.0), (760, 200.0), (761, 200.0), (762, 200.0), (763, 200.0), (764, 200.0), (765, 200.0), (766, 200.0), (767, 200.0), (768, 200.0), (769, 200.0), (770, 200.0), (771, 200.0), (772, 200.0), (773, 200.0), (774, 200.0), (775, 200.0), (776, 200.0), (777, 200.0), (778, 200.0), (779, 200.0), (780, 200.0), (781, 200.0), (782, 200.0), (783, 200.0), (784, 200.0), (785, 200.0), (786, 200.0), (787, 200.0), (788, 200.0), (789, 200.0), (790, 200.0), (791, 200.0), (792, 200.0), (793, 200.0), (794, 200.0), (795, 200.0), (796, 200.0), (797, 200.0), (798, 200.0), (799, 200.0), (800, 200.0), (801, 200.0), (802, 200.0), (803, 200.0), (804, 200.0), (805, 200.0), (806, 200.0), (807, 200.0), (808, 200.0), (809, 200.0), (810, 200.0), (811, 200.0), (812, 200.0), (813, 200.0), (814, 200.0), (815, 200.0), (816, 200.0), (817, 200.0), (818, 200.0), (819, 200.0), (820, 200.0), (821, 200.0), (822, 200.0), (823, 200.0), (824, 200.0), (825, 200.0), (826, 200.0), (827, 200.0), (828, 200.0), (829, 200.0), (830, 200.0), (831, 200.0), (832, 200.0), (833, 200.0), (834, 200.0), (835, 200.0), (836, 200.0), (837, 200.0), (838, 200.0), (839, 200.0), (840, 200.0), (841, 200.0), (842, 200.0), (843, 200.0), (844, 200.0), (845, 200.0), (846, 200.0), (847, 200.0), (848, 200.0), (849, 200.0), (850, 200.0), (851, 200.0), (852, 200.0), (853, 200.0), (854, 200.0), (855, 200.0), (856, 200.0), (857, 200.0), (858, 200.0), (859, 200.0), (860, 200.0), (861, 200.0), (862, 200.0), (863, 200.0), (864, 200.0), (865, 200.0), (866, 200.0), (867, 200.0), (868, 200.0), (869, 200.0), (870, 200.0), (871, 200.0), (872, 200.0), (873, 200.0), (874, 200.0), (875, 200.0), (876, 200.0), (877, 200.0), (878, 200.0), (879, 200.0), (880, 200.0), (881, 200.0), (882, 200.0), (883, 200.0), (884, 200.0), (885, 200.0), (886, 200.0), (887, 200.0), (888, 200.0), (889, 200.0), (890, 200.0), (891, 200.0), (892, 200.0), (893, 200.0), (894, 200.0), (895, 200.0), (896, 200.0), (897, 200.0), (898, 200.0), (899, 200.0), (900, 200.0), (901, 200.0), (902, 200.0), (903, 200.0), (904, 200.0), (905, 200.0), (906, 200.0), (907, 200.0), (908, 200.0), (909, 200.0), (910, 200.0), (911, 200.0), (912, 200.0), (913, 200.0), (914, 200.0), (915, 200.0), (916, 200.0), (917, 200.0), (918, 200.0), (919, 200.0), (920, 200.0), (921, 200.0), (922, 200.0), (923, 200.0), (924, 200.0), (925, 200.0), (926, 200.0), (927, 200.0), (928, 200.0), (929, 200.0), (930, 200.0), (931, 200.0), (932, 200.0), (933, 200.0), (934, 200.0), (935, 200.0), (936, 200.0), (937, 200.0), (938, 200.0), (939, 200.0), (940, 200.0), (941, 200.0), (942, 200.0), (943, 200.0), (944, 200.0), (945, 200.0), (946, 200.0), (947, 200.0), (948, 200.0), (949, 200.0), (950, 200.0), (951, 200.0), (952, 200.0), (953, 200.0), (954, 200.0), (955, 200.0), (956, 200.0), (957, 200.0), (958, 200.0), (959, 200.0), (960, 200.0), (961, 200.0), (962, 200.0), (963, 200.0), (964, 200.0), (965, 200.0), (966, 200.0), (967, 200.0), (968, 200.0), (969, 200.0), (970, 200.0), (971, 200.0), (972, 200.0), (973, 200.0), (974, 200.0), (975, 200.0), (976, 200.0), (977, 200.0), (978, 200.0), (979, 200.0), (980, 200.0), (981, 200.0), (982, 200.0), (983, 200.0), (984, 200.0), (985, 200.0), (986, 200.0), (987, 200.0), (988, 200.0), (989, 200.0), (990, 200.0), (991, 200.0), (992, 200.0), (993, 200.0), (994, 200.0), (995, 200.0), (996, 200.0), (997, 200.0), (998, 200.0), (999, 200.0), (1000, 200.0), (1001, 200.0), (1002, 200.0), (1003, 200.0), (1004, 200.0), (1005, 200.0), (1006, 200.0), (1007, 200.0), (1008, 200.0), (1009, 200.0), (1010, 200.0), (1011, 200.0), (1012, 200.0), (1013, 200.0), (1014, 200.0), (1015, 200.0), (1016, 200.0), (1017, 200.0), (1018, 200.0), (1019, 200.0), (1020, 200.0), (1021, 200.0), (1022, 200.0), (1023, 200.0), (1024, 200.0), (1025, 200.0), (1026, 200.0), (1027, 200.0), (1028, 200.0), (1029, 200.0), (1030, 200.0), (1031, 200.0), (1032, 200.0), (1033, 200.0), (1034, 200.0), (1035, 200.0), (1036, 200.0), (1037, 200.0), (1038, 200.0), (1039, 200.0), (1040, 200.0), (1041, 200.0), (1042, 200.0), (1043, 200.0), (1044, 200.0), (1045, 200.0), (1046, 200.0), (1047, 200.0), (1048, 200.0), (1049, 200.0), (1050, 200.0), (1051, 200.0), (1052, 200.0), (1053, 200.0), (1054, 200.0), (1055, 200.0), (1056, 200.0), (1057, 200.0), (1058, 200.0), (1059, 200.0), (1060, 200.0), (1061, 200.0), (1062, 200.0), (1063, 200.0), (1064, 200.0), (1065, 200.0), (1066, 200.0), (1067, 200.0), (1068, 200.0), (1069, 200.0), (1070, 200.0), (1071, 200.0), (1072, 200.0), (1073, 200.0), (1074, 200.0), (1075, 200.0), (1076, 200.0), (1077, 200.0), (1078, 200.0), (1079, 200.0), (1080, 200.0), (1081, 200.0), (1082, 200.0), (1083, 200.0), (1084, 200.0), (1085, 200.0), (1086, 200.0), (1087, 200.0), (1088, 200.0), (1089, 200.0), (1090, 200.0), (1091, 200.0), (1092, 200.0), (1093, 200.0), (1094, 200.0), (1095, 200.0), (1096, 200.0), (1097, 200.0), (1098, 200.0), (1099, 200.0), (1100, 200.0), (1101, 200.0), (1102, 200.0), (1103, 200.0), (1104, 200.0), (1105, 200.0), (1106, 200.0), (1107, 200.0), (1108, 200.0), (1109, 200.0), (1110, 200.0), (1111, 200.0), (1112, 200.0), (1113, 200.0), (1114, 200.0), (1115, 200.0), (1116, 200.0), (1117, 200.0), (1118, 200.0), (1119, 200.0), (1120, 200.0), (1121, 200.0), (1122, 200.0), (1123, 200.0), (1124, 200.0), (1125, 200.0), (1126, 200.0), (1127, 200.0), (1128, 200.0), (1129, 200.0), (1130, 200.0), (1131, 200.0), (1132, 200.0), (1133, 200.0), (1134, 200.0), (1135, 200.0), (1136, 200.0), (1137, 200.0), (1138, 200.0), (1139, 200.0), (1140, 200.0), (1141, 200.0), (1142, 200.0), (1143, 200.0), (1144, 200.0), (1145, 200.0), (1146, 200.0), (1147, 200.0), (1148, 200.0), (1149, 200.0), (1150, 200.0), (1151, 200.0), (1152, 200.0), (1153, 200.0), (1154, 200.0), (1155, 200.0), (1156, 200.0), (1157, 200.0), (1158, 200.0), (1159, 200.0), (1160, 200.0), (1161, 200.0), (1162, 200.0), (1163, 200.0), (1164, 200.0), (1165, 200.0), (1166, 200.0), (1167, 200.0), (1168, 200.0), (1169, 200.0), (1170, 200.0), (1171, 200.0), (1172, 200.0), (1173, 200.0), (1174, 200.0), (1175, 200.0), (1176, 200.0), (1177, 200.0), (1178, 200.0), (1179, 200.0), (1180, 200.0), (1181, 200.0), (1182, 200.0), (1183, 200.0), (1184, 200.0), (1185, 200.0), (1186, 200.0), (1187, 200.0), (1188, 200.0), (1189, 200.0), (1190, 200.0), (1191, 200.0), (1192, 200.0), (1193, 200.0), (1194, 200.0), (1195, 200.0), (1196, 200.0), (1197, 200.0), (1198, 200.0), (1199, 200.0), (1200, 200.0), (1201, 200.0), (1202, 200.0), (1203, 200.0), (1204, 200.0), (1205, 200.0), (1206, 200.0), (1207, 200.0), (1208, 200.0), (1209, 200.0), (1210, 200.0), (1211, 200.0), (1212, 200.0), (1213, 200.0), (1214, 200.0), (1215, 200.0), (1216, 200.0), (1217, 200.0), (1218, 200.0), (1219, 200.0), (1220, 200.0), (1221, 200.0), (1222, 200.0), (1223, 200.0), (1224, 200.0), (1225, 200.0), (1226, 200.0), (1227, 200.0), (1228, 200.0), (1229, 200.0), (1230, 200.0), (1231, 200.0), (1232, 200.0), (1233, 200.0), (1234, 200.0), (1235, 200.0), (1236, 200.0), (1237, 200.0), (1238, 200.0), (1239, 200.0), (1240, 200.0), (1241, 200.0), (1242, 200.0), (1243, 200.0), (1244, 200.0), (1245, 200.0), (1246, 200.0), (1247, 200.0), (1248, 200.0), (1249, 200.0), (1250, 200.0), (1251, 200.0), (1252, 200.0), (1253, 200.0), (1254, 200.0), (1255, 200.0), (1256, 200.0), (1257, 200.0), (1258, 200.0), (1259, 200.0), (1260, 200.0), (1261, 200.0), (1262, 200.0), (1263, 200.0), (1264, 200.0), (1265, 200.0), (1266, 200.0), (1267, 200.0), (1268, 200.0), (1269, 200.0), (1270, 200.0), (1271, 200.0), (1272, 200.0), (1273, 200.0), (1274, 200.0), (1275, 200.0), (1276, 200.0), (1277, 200.0), (1278, 200.0), (1279, 200.0), (1280, 200.0), (1281, 200.0), (1282, 200.0), (1283, 200.0), (1284, 200.0), (1285, 200.0), (1286, 200.0), (1287, 200.0), (1288, 200.0), (1289, 200.0), (1290, 200.0), (1291, 200.0), (1292, 200.0), (1293, 200.0), (1294, 200.0), (1295, 200.0), (1296, 200.0), (1297, 200.0), (1298, 200.0), (1299, 200.0), (1300, 200.0), (1301, 200.0)]
