<class 'gym.envs.classic_control.cartpole.CartPoleEnv'>
Iteration 0 avg reward 10.000000
Iteration 100 avg reward 48.393939
Iteration 200 avg reward 77.777778
Iteration 300 avg reward 116.676768
Iteration 400 avg reward 182.484848
Iteration 500 avg reward 192.303030
Iteration 600 avg reward 200.000000
Iteration 700 avg reward 199.626263
Iteration 800 avg reward 199.797980
Iteration 900 avg reward 200.000000
Iteration 1000 avg reward 200.000000
Iteration 1100 avg reward 199.656566
Iteration 1200 avg reward 198.707071
Iteration 1300 avg reward 199.626263
Iteration 1400 avg reward 199.939394
Iteration 1500 avg reward 200.000000
[(0, 10.0), (1, 11.0), (2, 10.666666666666666), (3, 10.5), (4, 10.8), (5, 11.833333333333334), (6, 12.428571428571429), (7, 16.125), (8, 17.11111111111111), (9, 16.8), (10, 16.727272727272727), (11, 16.916666666666668), (12, 17.076923076923077), (13, 17.071428571428573), (14, 18.0), (15, 17.6875), (16, 17.88235294117647), (17, 17.72222222222222), (18, 17.42105263157895), (19, 17.25), (20, 17.19047619047619), (21, 17.09090909090909), (22, 19.08695652173913), (23, 18.791666666666668), (24, 18.52), (25, 18.5), (26, 18.555555555555557), (27, 18.535714285714285), (28, 19.655172413793103), (29, 19.766666666666666), (30, 20.612903225806452), (31, 21.375), (32, 21.818181818181817), (33, 21.705882352941178), (34, 22.571428571428573), (35, 22.63888888888889), (36, 22.783783783783782), (37, 23.63157894736842), (38, 24.28205128205128), (39, 24.325), (40, 24.902439024390244), (41, 25.166666666666668), (42, 25.58139534883721), (43, 25.863636363636363), (44, 25.844444444444445), (45, 26.108695652173914), (46, 26.95744680851064), (47, 27.541666666666668), (48, 27.428571428571427), (49, 27.82), (50, 27.666666666666668), (51, 29.23076923076923), (52, 29.22641509433962), (53, 29.72222222222222), (54, 30.727272727272727), (55, 31.678571428571427), (56, 32.35087719298246), (57, 34.758620689655174), (58, 35.728813559322035), (59, 35.86666666666667), (60, 36.08196721311475), (61, 36.064516129032256), (62, 36.42857142857143), (63, 36.203125), (64, 36.23076923076923), (65, 36.121212121212125), (66, 36.0), (67, 36.69117647058823), (68, 37.6231884057971), (69, 37.75714285714286), (70, 38.45070422535211), (71, 38.47222222222222), (72, 38.397260273972606), (73, 38.32432432432432), (74, 38.70666666666666), (75, 38.8421052631579), (76, 39.116883116883116), (77, 39.294871794871796), (78, 39.43037974683544), (79, 39.5125), (80, 40.23456790123457), (81, 40.08536585365854), (82, 40.024096385542165), (83, 40.416666666666664), (84, 41.34117647058824), (85, 41.593023255813954), (86, 42.95402298850575), (87, 43.38636363636363), (88, 44.52808988764045), (89, 44.611111111111114), (90, 44.76923076923077), (91, 45.28260869565217), (92, 45.666666666666664), (93, 45.808510638297875), (94, 46.93684210526316), (95, 47.15625), (96, 47.28865979381443), (97, 47.744897959183675), (98, 47.80808080808081), (99, 48.14141414141414), (100, 48.39393939393939), (101, 49.62626262626262), (102, 49.97979797979798), (103, 50.18181818181818), (104, 50.686868686868685), (105, 52.54545454545455), (106, 52.61616161616162), (107, 52.878787878787875), (108, 53.484848484848484), (109, 54.45454545454545), (110, 54.535353535353536), (111, 54.82828282828283), (112, 55.0), (113, 56.08080808080808), (114, 56.505050505050505), (115, 56.96969696969697), (116, 57.313131313131315), (117, 57.898989898989896), (118, 58.16161616161616), (119, 58.5959595959596), (120, 59.36363636363637), (121, 60.15151515151515), (122, 60.86868686868687), (123, 61.22222222222222), (124, 61.41414141414141), (125, 61.878787878787875), (126, 62.525252525252526), (127, 62.56565656565657), (128, 63.02020202020202), (129, 62.93939393939394), (130, 63.505050505050505), (131, 63.666666666666664), (132, 63.83838383838384), (133, 63.888888888888886), (134, 64.5050505050505), (135, 64.91919191919192), (136, 65.1919191919192), (137, 65.16161616161617), (138, 65.47474747474747), (139, 65.88888888888889), (140, 66.06060606060606), (141, 66.18181818181819), (142, 66.38383838383838), (143, 66.75757575757575), (144, 67.35353535353535), (145, 67.33333333333333), (146, 67.18181818181819), (147, 67.9090909090909), (148, 67.75757575757575), (149, 68.33333333333333), (150, 68.77777777777777), (151, 69.5959595959596), (152, 69.51515151515152), (153, 69.34343434343434), (154, 69.74747474747475), (155, 69.54545454545455), (156, 68.32323232323232), (157, 67.83838383838383), (158, 68.03030303030303), (159, 68.06060606060606), (160, 68.07070707070707), (161, 68.0), (162, 68.26262626262626), (163, 68.96969696969697), (164, 69.07070707070707), (165, 69.47474747474747), (166, 69.54545454545455), (167, 69.38383838383838), (168, 69.70707070707071), (169, 69.5959595959596), (170, 69.96969696969697), (171, 71.11111111111111), (172, 71.21212121212122), (173, 71.84848484848484), (174, 72.9090909090909), (175, 72.91919191919192), (176, 73.45454545454545), (177, 74.34343434343434), (178, 75.13131313131314), (179, 75.02020202020202), (180, 75.66666666666667), (181, 75.84848484848484), (182, 75.92929292929293), (183, 75.39393939393939), (184, 76.34343434343434), (185, 75.20202020202021), (186, 75.48484848484848), (187, 75.60606060606061), (188, 76.36363636363636), (189, 76.23232323232324), (190, 75.83838383838383), (191, 76.13131313131314), (192, 76.46464646464646), (193, 75.65656565656566), (194, 75.8989898989899), (195, 76.21212121212122), (196, 76.41414141414141), (197, 77.06060606060606), (198, 77.38383838383838), (199, 78.06060606060606), (200, 77.77777777777777), (201, 78.44444444444444), (202, 79.12121212121212), (203, 79.24242424242425), (204, 78.20202020202021), (205, 79.04040404040404), (206, 79.22222222222223), (207, 79.55555555555556), (208, 79.52525252525253), (209, 79.86868686868686), (210, 80.54545454545455), (211, 81.05050505050505), (212, 80.97979797979798), (213, 81.17171717171718), (214, 81.37373737373737), (215, 81.4040404040404), (216, 82.06060606060606), (217, 82.78787878787878), (218, 82.75757575757575), (219, 82.71717171717172), (220, 82.25252525252525), (221, 82.46464646464646), (222, 83.54545454545455), (223, 84.45454545454545), (224, 85.33333333333333), (225, 85.39393939393939), (226, 86.46464646464646), (227, 86.97979797979798), (228, 88.03030303030303), (229, 87.72727272727273), (230, 88.5959595959596), (231, 89.26262626262626), (232, 90.25252525252525), (233, 90.78787878787878), (234, 91.01010101010101), (235, 91.05050505050505), (236, 92.04040404040404), (237, 93.48484848484848), (238, 93.61616161616162), (239, 94.0), (240, 94.98989898989899), (241, 95.54545454545455), (242, 95.86868686868686), (243, 95.79797979797979), (244, 95.8989898989899), (245, 96.48484848484848), (246, 96.20202020202021), (247, 96.56565656565657), (248, 96.86868686868686), (249, 96.29292929292929), (250, 96.75757575757575), (251, 97.60606060606061), (252, 98.13131313131314), (253, 97.93939393939394), (254, 99.45454545454545), (255, 100.1010101010101), (256, 100.82828282828282), (257, 101.3030303030303), (258, 102.23232323232324), (259, 103.31313131313131), (260, 103.54545454545455), (261, 104.15151515151516), (262, 104.02020202020202), (263, 105.64646464646465), (264, 106.25252525252525), (265, 106.44444444444444), (266, 107.07070707070707), (267, 108.16161616161617), (268, 108.77777777777777), (269, 109.61616161616162), (270, 108.88888888888889), (271, 110.47474747474747), (272, 110.03030303030303), (273, 109.65656565656566), (274, 110.31313131313131), (275, 110.25252525252525), (276, 109.75757575757575), (277, 109.66666666666667), (278, 110.15151515151516), (279, 109.88888888888889), (280, 110.73737373737374), (281, 110.73737373737374), (282, 112.0909090909091), (283, 111.29292929292929), (284, 111.93939393939394), (285, 112.12121212121212), (286, 111.96969696969697), (287, 111.95959595959596), (288, 112.64646464646465), (289, 113.98989898989899), (290, 114.1010101010101), (291, 113.9090909090909), (292, 114.12121212121212), (293, 114.25252525252525), (294, 114.06060606060606), (295, 113.67676767676768), (296, 114.17171717171718), (297, 115.43434343434343), (298, 115.6969696969697), (299, 115.77777777777777), (300, 116.67676767676768), (301, 117.28282828282828), (302, 117.84848484848484), (303, 118.88888888888889), (304, 119.0), (305, 120.32323232323232), (306, 120.78787878787878), (307, 121.70707070707071), (308, 123.11111111111111), (309, 123.96969696969697), (310, 124.66666666666667), (311, 125.36363636363636), (312, 125.94949494949495), (313, 127.0909090909091), (314, 128.54545454545453), (315, 129.17171717171718), (316, 130.06060606060606), (317, 131.5151515151515), (318, 132.4747474747475), (319, 133.43434343434345), (320, 133.54545454545453), (321, 134.010101010101), (322, 134.74747474747474), (323, 135.21212121212122), (324, 136.34343434343435), (325, 136.73737373737373), (326, 137.55555555555554), (327, 137.8989898989899), (328, 139.2020202020202), (329, 139.82828282828282), (330, 140.82828282828282), (331, 141.2828282828283), (332, 141.6060606060606), (333, 142.68686868686868), (334, 143.83838383838383), (335, 144.40404040404042), (336, 144.40404040404042), (337, 144.6161616161616), (338, 145.7171717171717), (339, 146.1919191919192), (340, 146.55555555555554), (341, 147.34343434343435), (342, 148.45454545454547), (343, 149.72727272727272), (344, 150.75757575757575), (345, 152.11111111111111), (346, 153.44444444444446), (347, 154.3838383838384), (348, 155.1818181818182), (349, 155.62626262626262), (350, 156.0), (351, 156.8080808080808), (352, 157.76767676767676), (353, 157.76767676767676), (354, 158.62626262626262), (355, 159.4747474747475), (356, 160.3838383838384), (357, 160.94949494949495), (358, 161.5252525252525), (359, 162.78787878787878), (360, 163.6060606060606), (361, 164.45454545454547), (362, 163.7070707070707), (363, 164.43434343434345), (364, 164.84848484848484), (365, 165.3838383838384), (366, 165.5151515151515), (367, 166.15151515151516), (368, 166.23232323232324), (369, 166.4949494949495), (370, 165.97979797979798), (371, 167.0), (372, 167.72727272727272), (373, 168.4747474747475), (374, 169.33333333333334), (375, 170.45454545454547), (376, 171.2828282828283), (377, 171.7979797979798), (378, 172.77777777777777), (379, 173.41414141414143), (380, 174.23232323232324), (381, 174.23232323232324), (382, 174.77777777777777), (383, 175.41414141414143), (384, 175.7979797979798), (385, 175.59595959595958), (386, 175.989898989899), (387, 176.85858585858585), (388, 176.57575757575756), (389, 177.1818181818182), (390, 178.46464646464648), (391, 179.27272727272728), (392, 180.22222222222223), (393, 181.5151515151515), (394, 181.73737373737373), (395, 181.82828282828282), (396, 181.36363636363637), (397, 181.2020202020202), (398, 182.07070707070707), (399, 182.07070707070707), (400, 182.4848484848485), (401, 183.14141414141415), (402, 183.14141414141415), (403, 183.07070707070707), (404, 182.7979797979798), (405, 182.53535353535352), (406, 182.53535353535352), (407, 182.16161616161617), (408, 181.92929292929293), (409, 181.93939393939394), (410, 181.93939393939394), (411, 181.84848484848484), (412, 181.84848484848484), (413, 181.88888888888889), (414, 181.91919191919192), (415, 181.77777777777777), (416, 181.68686868686868), (417, 181.86868686868686), (418, 181.96969696969697), (419, 182.02020202020202), (420, 181.94949494949495), (421, 181.04040404040404), (422, 181.05050505050505), (423, 180.07070707070707), (424, 180.07070707070707), (425, 180.07070707070707), (426, 180.31313131313132), (427, 180.31313131313132), (428, 179.95959595959596), (429, 179.95959595959596), (430, 179.53535353535352), (431, 179.82828282828282), (432, 179.65656565656565), (433, 179.65656565656565), (434, 179.65656565656565), (435, 179.65656565656565), (436, 180.2828282828283), (437, 180.2828282828283), (438, 180.2828282828283), (439, 180.7979797979798), (440, 181.08080808080808), (441, 181.08080808080808), (442, 181.08080808080808), (443, 181.08080808080808), (444, 181.08080808080808), (445, 181.08080808080808), (446, 181.010101010101), (447, 181.26262626262627), (448, 181.26262626262627), (449, 181.57575757575756), (450, 181.57575757575756), (451, 181.57575757575756), (452, 181.57575757575756), (453, 181.57575757575756), (454, 181.57575757575756), (455, 181.57575757575756), (456, 181.57575757575756), (457, 181.57575757575756), (458, 181.57575757575756), (459, 181.68686868686868), (460, 181.8989898989899), (461, 182.64646464646464), (462, 182.64646464646464), (463, 183.15151515151516), (464, 183.15151515151516), (465, 183.15151515151516), (466, 183.15151515151516), (467, 183.4747474747475), (468, 184.4848484848485), (469, 185.0), (470, 185.13131313131314), (471, 185.24242424242425), (472, 185.24242424242425), (473, 185.3939393939394), (474, 185.3939393939394), (475, 185.42424242424244), (476, 185.56565656565655), (477, 185.93939393939394), (478, 185.93939393939394), (479, 186.32323232323233), (480, 186.32323232323233), (481, 187.010101010101), (482, 187.27272727272728), (483, 187.62626262626262), (484, 188.41414141414143), (485, 188.76767676767676), (486, 188.76767676767676), (487, 189.1919191919192), (488, 189.3838383838384), (489, 189.3838383838384), (490, 189.64646464646464), (491, 189.65656565656565), (492, 189.65656565656565), (493, 190.7070707070707), (494, 190.94949494949495), (495, 191.41414141414143), (496, 192.2828282828283), (497, 192.3030303030303), (498, 192.3030303030303), (499, 192.3030303030303), (500, 192.3030303030303), (501, 192.3030303030303), (502, 192.94949494949495), (503, 193.22222222222223), (504, 193.95959595959596), (505, 193.95959595959596), (506, 194.33333333333334), (507, 194.56565656565655), (508, 195.03030303030303), (509, 195.03030303030303), (510, 195.8080808080808), (511, 195.8080808080808), (512, 195.8080808080808), (513, 195.8080808080808), (514, 195.94949494949495), (515, 196.04040404040404), (516, 196.04040404040404), (517, 196.04040404040404), (518, 196.84848484848484), (519, 196.91919191919192), (520, 197.82828282828282), (521, 197.82828282828282), (522, 198.8080808080808), (523, 198.8080808080808), (524, 198.8080808080808), (525, 198.8080808080808), (526, 198.8080808080808), (527, 199.16161616161617), (528, 199.16161616161617), (529, 199.58585858585857), (530, 199.58585858585857), (531, 199.77777777777777), (532, 199.77777777777777), (533, 199.77777777777777), (534, 199.77777777777777), (535, 199.92929292929293), (536, 199.92929292929293), (537, 199.92929292929293), (538, 199.92929292929293), (539, 199.92929292929293), (540, 199.92929292929293), (541, 199.92929292929293), (542, 199.92929292929293), (543, 199.92929292929293), (544, 199.92929292929293), (545, 200.0), (546, 200.0), (547, 200.0), (548, 200.0), (549, 200.0), (550, 200.0), (551, 200.0), (552, 200.0), (553, 200.0), (554, 200.0), (555, 200.0), (556, 200.0), (557, 200.0), (558, 200.0), (559, 200.0), (560, 200.0), (561, 200.0), (562, 200.0), (563, 200.0), (564, 200.0), (565, 200.0), (566, 200.0), (567, 200.0), (568, 200.0), (569, 200.0), (570, 200.0), (571, 200.0), (572, 200.0), (573, 200.0), (574, 200.0), (575, 200.0), (576, 200.0), (577, 200.0), (578, 200.0), (579, 200.0), (580, 200.0), (581, 200.0), (582, 200.0), (583, 200.0), (584, 200.0), (585, 200.0), (586, 200.0), (587, 200.0), (588, 200.0), (589, 200.0), (590, 200.0), (591, 200.0), (592, 200.0), (593, 200.0), (594, 200.0), (595, 200.0), (596, 200.0), (597, 200.0), (598, 200.0), (599, 200.0), (600, 200.0), (601, 200.0), (602, 200.0), (603, 200.0), (604, 200.0), (605, 200.0), (606, 200.0), (607, 200.0), (608, 200.0), (609, 200.0), (610, 200.0), (611, 200.0), (612, 200.0), (613, 200.0), (614, 200.0), (615, 200.0), (616, 200.0), (617, 200.0), (618, 200.0), (619, 200.0), (620, 200.0), (621, 200.0), (622, 200.0), (623, 200.0), (624, 200.0), (625, 200.0), (626, 200.0), (627, 200.0), (628, 200.0), (629, 200.0), (630, 200.0), (631, 200.0), (632, 200.0), (633, 200.0), (634, 200.0), (635, 200.0), (636, 200.0), (637, 200.0), (638, 200.0), (639, 200.0), (640, 200.0), (641, 200.0), (642, 200.0), (643, 200.0), (644, 200.0), (645, 200.0), (646, 200.0), (647, 200.0), (648, 200.0), (649, 200.0), (650, 200.0), (651, 200.0), (652, 200.0), (653, 200.0), (654, 200.0), (655, 200.0), (656, 200.0), (657, 200.0), (658, 200.0), (659, 200.0), (660, 200.0), (661, 200.0), (662, 200.0), (663, 200.0), (664, 200.0), (665, 200.0), (666, 200.0), (667, 200.0), (668, 200.0), (669, 200.0), (670, 200.0), (671, 200.0), (672, 200.0), (673, 200.0), (674, 200.0), (675, 200.0), (676, 200.0), (677, 200.0), (678, 200.0), (679, 200.0), (680, 200.0), (681, 200.0), (682, 200.0), (683, 200.0), (684, 200.0), (685, 199.9090909090909), (686, 199.9090909090909), (687, 199.9090909090909), (688, 199.9090909090909), (689, 199.9090909090909), (690, 199.9090909090909), (691, 199.9090909090909), (692, 199.9090909090909), (693, 199.9090909090909), (694, 199.9090909090909), (695, 199.9090909090909), (696, 199.62626262626262), (697, 199.62626262626262), (698, 199.62626262626262), (699, 199.62626262626262), (700, 199.62626262626262), (701, 199.62626262626262), (702, 199.62626262626262), (703, 199.62626262626262), (704, 199.62626262626262), (705, 199.62626262626262), (706, 199.62626262626262), (707, 199.62626262626262), (708, 199.62626262626262), (709, 199.62626262626262), (710, 199.62626262626262), (711, 199.62626262626262), (712, 199.62626262626262), (713, 199.62626262626262), (714, 199.62626262626262), (715, 199.42424242424244), (716, 199.42424242424244), (717, 199.42424242424244), (718, 199.42424242424244), (719, 199.42424242424244), (720, 199.42424242424244), (721, 199.42424242424244), (722, 199.42424242424244), (723, 199.42424242424244), (724, 199.42424242424244), (725, 199.42424242424244), (726, 199.42424242424244), (727, 199.42424242424244), (728, 199.42424242424244), (729, 199.42424242424244), (730, 199.42424242424244), (731, 199.42424242424244), (732, 199.42424242424244), (733, 199.42424242424244), (734, 199.42424242424244), (735, 199.42424242424244), (736, 199.42424242424244), (737, 199.42424242424244), (738, 199.42424242424244), (739, 199.42424242424244), (740, 199.42424242424244), (741, 199.42424242424244), (742, 199.42424242424244), (743, 199.42424242424244), (744, 199.42424242424244), (745, 199.42424242424244), (746, 199.42424242424244), (747, 199.42424242424244), (748, 199.42424242424244), (749, 199.42424242424244), (750, 199.42424242424244), (751, 199.42424242424244), (752, 199.42424242424244), (753, 199.42424242424244), (754, 199.42424242424244), (755, 199.42424242424244), (756, 199.42424242424244), (757, 199.42424242424244), (758, 199.42424242424244), (759, 199.42424242424244), (760, 199.42424242424244), (761, 199.42424242424244), (762, 199.42424242424244), (763, 199.42424242424244), (764, 199.42424242424244), (765, 199.42424242424244), (766, 199.42424242424244), (767, 199.42424242424244), (768, 199.42424242424244), (769, 199.42424242424244), (770, 199.42424242424244), (771, 199.42424242424244), (772, 199.42424242424244), (773, 199.42424242424244), (774, 199.42424242424244), (775, 199.42424242424244), (776, 199.42424242424244), (777, 199.42424242424244), (778, 199.42424242424244), (779, 199.42424242424244), (780, 199.42424242424244), (781, 199.42424242424244), (782, 199.42424242424244), (783, 199.42424242424244), (784, 199.5151515151515), (785, 199.5151515151515), (786, 199.5151515151515), (787, 199.5151515151515), (788, 199.5151515151515), (789, 199.5151515151515), (790, 199.5151515151515), (791, 199.5151515151515), (792, 199.5151515151515), (793, 199.5151515151515), (794, 199.5151515151515), (795, 199.7979797979798), (796, 199.7979797979798), (797, 199.7979797979798), (798, 199.7979797979798), (799, 199.7979797979798), (800, 199.7979797979798), (801, 199.7979797979798), (802, 199.7979797979798), (803, 199.7979797979798), (804, 199.7979797979798), (805, 199.7979797979798), (806, 199.7979797979798), (807, 199.7979797979798), (808, 199.7979797979798), (809, 199.7979797979798), (810, 199.7979797979798), (811, 199.7979797979798), (812, 199.7979797979798), (813, 199.7979797979798), (814, 200.0), (815, 200.0), (816, 200.0), (817, 200.0), (818, 200.0), (819, 200.0), (820, 200.0), (821, 200.0), (822, 200.0), (823, 200.0), (824, 200.0), (825, 200.0), (826, 200.0), (827, 200.0), (828, 200.0), (829, 200.0), (830, 200.0), (831, 200.0), (832, 200.0), (833, 200.0), (834, 200.0), (835, 200.0), (836, 200.0), (837, 200.0), (838, 200.0), (839, 200.0), (840, 200.0), (841, 200.0), (842, 200.0), (843, 200.0), (844, 200.0), (845, 200.0), (846, 200.0), (847, 200.0), (848, 200.0), (849, 200.0), (850, 200.0), (851, 200.0), (852, 200.0), (853, 200.0), (854, 200.0), (855, 200.0), (856, 200.0), (857, 200.0), (858, 200.0), (859, 200.0), (860, 200.0), (861, 200.0), (862, 200.0), (863, 200.0), (864, 200.0), (865, 200.0), (866, 200.0), (867, 200.0), (868, 200.0), (869, 200.0), (870, 200.0), (871, 200.0), (872, 200.0), (873, 200.0), (874, 200.0), (875, 200.0), (876, 200.0), (877, 200.0), (878, 200.0), (879, 200.0), (880, 200.0), (881, 200.0), (882, 200.0), (883, 200.0), (884, 200.0), (885, 200.0), (886, 200.0), (887, 200.0), (888, 200.0), (889, 200.0), (890, 200.0), (891, 200.0), (892, 200.0), (893, 200.0), (894, 200.0), (895, 200.0), (896, 200.0), (897, 200.0), (898, 200.0), (899, 200.0), (900, 200.0), (901, 200.0), (902, 200.0), (903, 200.0), (904, 200.0), (905, 200.0), (906, 200.0), (907, 200.0), (908, 200.0), (909, 200.0), (910, 200.0), (911, 200.0), (912, 200.0), (913, 200.0), (914, 200.0), (915, 200.0), (916, 200.0), (917, 200.0), (918, 200.0), (919, 200.0), (920, 200.0), (921, 200.0), (922, 200.0), (923, 200.0), (924, 200.0), (925, 200.0), (926, 200.0), (927, 200.0), (928, 200.0), (929, 200.0), (930, 200.0), (931, 200.0), (932, 200.0), (933, 200.0), (934, 200.0), (935, 200.0), (936, 200.0), (937, 200.0), (938, 200.0), (939, 200.0), (940, 200.0), (941, 200.0), (942, 200.0), (943, 200.0), (944, 200.0), (945, 200.0), (946, 200.0), (947, 200.0), (948, 200.0), (949, 200.0), (950, 200.0), (951, 200.0), (952, 200.0), (953, 200.0), (954, 200.0), (955, 200.0), (956, 200.0), (957, 200.0), (958, 200.0), (959, 200.0), (960, 200.0), (961, 200.0), (962, 200.0), (963, 200.0), (964, 200.0), (965, 200.0), (966, 200.0), (967, 200.0), (968, 200.0), (969, 200.0), (970, 200.0), (971, 200.0), (972, 200.0), (973, 200.0), (974, 200.0), (975, 200.0), (976, 200.0), (977, 200.0), (978, 200.0), (979, 200.0), (980, 200.0), (981, 200.0), (982, 200.0), (983, 200.0), (984, 200.0), (985, 200.0), (986, 200.0), (987, 200.0), (988, 200.0), (989, 200.0), (990, 200.0), (991, 200.0), (992, 200.0), (993, 200.0), (994, 200.0), (995, 200.0), (996, 200.0), (997, 200.0), (998, 200.0), (999, 200.0), (1000, 200.0), (1001, 200.0), (1002, 200.0), (1003, 200.0), (1004, 200.0), (1005, 200.0), (1006, 200.0), (1007, 200.0), (1008, 200.0), (1009, 200.0), (1010, 200.0), (1011, 200.0), (1012, 200.0), (1013, 200.0), (1014, 200.0), (1015, 200.0), (1016, 200.0), (1017, 200.0), (1018, 200.0), (1019, 200.0), (1020, 200.0), (1021, 200.0), (1022, 200.0), (1023, 200.0), (1024, 200.0), (1025, 200.0), (1026, 200.0), (1027, 200.0), (1028, 199.7979797979798), (1029, 199.7979797979798), (1030, 199.7979797979798), (1031, 199.67676767676767), (1032, 199.67676767676767), (1033, 199.67676767676767), (1034, 199.67676767676767), (1035, 199.67676767676767), (1036, 199.67676767676767), (1037, 199.67676767676767), (1038, 199.67676767676767), (1039, 199.67676767676767), (1040, 199.67676767676767), (1041, 199.67676767676767), (1042, 199.67676767676767), (1043, 199.67676767676767), (1044, 199.67676767676767), (1045, 199.67676767676767), (1046, 199.67676767676767), (1047, 199.67676767676767), (1048, 199.67676767676767), (1049, 199.67676767676767), (1050, 199.67676767676767), (1051, 199.67676767676767), (1052, 199.67676767676767), (1053, 199.67676767676767), (1054, 199.67676767676767), (1055, 199.67676767676767), (1056, 199.67676767676767), (1057, 199.67676767676767), (1058, 199.67676767676767), (1059, 199.67676767676767), (1060, 199.67676767676767), (1061, 199.67676767676767), (1062, 199.67676767676767), (1063, 199.67676767676767), (1064, 199.67676767676767), (1065, 199.67676767676767), (1066, 199.67676767676767), (1067, 199.67676767676767), (1068, 199.67676767676767), (1069, 199.65656565656565), (1070, 199.65656565656565), (1071, 199.65656565656565), (1072, 199.65656565656565), (1073, 199.65656565656565), (1074, 199.65656565656565), (1075, 199.65656565656565), (1076, 199.65656565656565), (1077, 199.65656565656565), (1078, 199.65656565656565), (1079, 199.65656565656565), (1080, 199.65656565656565), (1081, 199.65656565656565), (1082, 199.65656565656565), (1083, 199.65656565656565), (1084, 199.65656565656565), (1085, 199.65656565656565), (1086, 199.65656565656565), (1087, 199.65656565656565), (1088, 199.65656565656565), (1089, 199.65656565656565), (1090, 199.65656565656565), (1091, 199.65656565656565), (1092, 199.65656565656565), (1093, 199.65656565656565), (1094, 199.65656565656565), (1095, 199.65656565656565), (1096, 199.65656565656565), (1097, 199.65656565656565), (1098, 199.65656565656565), (1099, 199.65656565656565), (1100, 199.65656565656565), (1101, 199.65656565656565), (1102, 199.65656565656565), (1103, 199.35353535353536), (1104, 199.35353535353536), (1105, 199.35353535353536), (1106, 199.35353535353536), (1107, 199.35353535353536), (1108, 199.35353535353536), (1109, 199.35353535353536), (1110, 199.35353535353536), (1111, 199.35353535353536), (1112, 199.35353535353536), (1113, 199.35353535353536), (1114, 199.35353535353536), (1115, 199.35353535353536), (1116, 199.35353535353536), (1117, 199.35353535353536), (1118, 199.35353535353536), (1119, 199.35353535353536), (1120, 199.35353535353536), (1121, 199.35353535353536), (1122, 199.35353535353536), (1123, 199.35353535353536), (1124, 199.35353535353536), (1125, 199.35353535353536), (1126, 199.35353535353536), (1127, 199.55555555555554), (1128, 199.55555555555554), (1129, 199.55555555555554), (1130, 199.67676767676767), (1131, 199.67676767676767), (1132, 199.67676767676767), (1133, 199.67676767676767), (1134, 199.67676767676767), (1135, 199.67676767676767), (1136, 199.67676767676767), (1137, 199.67676767676767), (1138, 199.67676767676767), (1139, 199.67676767676767), (1140, 199.67676767676767), (1141, 199.67676767676767), (1142, 199.67676767676767), (1143, 199.67676767676767), (1144, 199.67676767676767), (1145, 199.67676767676767), (1146, 199.67676767676767), (1147, 199.67676767676767), (1148, 199.67676767676767), (1149, 199.67676767676767), (1150, 199.67676767676767), (1151, 199.54545454545453), (1152, 199.54545454545453), (1153, 199.54545454545453), (1154, 199.54545454545453), (1155, 199.54545454545453), (1156, 199.54545454545453), (1157, 199.54545454545453), (1158, 199.54545454545453), (1159, 199.54545454545453), (1160, 199.54545454545453), (1161, 199.54545454545453), (1162, 199.54545454545453), (1163, 199.54545454545453), (1164, 199.54545454545453), (1165, 199.54545454545453), (1166, 199.54545454545453), (1167, 199.54545454545453), (1168, 199.4949494949495), (1169, 199.2828282828283), (1170, 199.2828282828283), (1171, 199.2828282828283), (1172, 199.02020202020202), (1173, 199.02020202020202), (1174, 199.02020202020202), (1175, 199.02020202020202), (1176, 199.02020202020202), (1177, 199.02020202020202), (1178, 199.02020202020202), (1179, 199.02020202020202), (1180, 199.02020202020202), (1181, 199.02020202020202), (1182, 199.02020202020202), (1183, 199.02020202020202), (1184, 199.02020202020202), (1185, 199.02020202020202), (1186, 199.02020202020202), (1187, 199.02020202020202), (1188, 199.02020202020202), (1189, 199.02020202020202), (1190, 199.02020202020202), (1191, 199.02020202020202), (1192, 199.02020202020202), (1193, 199.02020202020202), (1194, 199.02020202020202), (1195, 199.02020202020202), (1196, 198.7070707070707), (1197, 198.7070707070707), (1198, 198.7070707070707), (1199, 198.7070707070707), (1200, 198.7070707070707), (1201, 198.7070707070707), (1202, 199.010101010101), (1203, 199.010101010101), (1204, 199.010101010101), (1205, 199.010101010101), (1206, 199.010101010101), (1207, 199.010101010101), (1208, 199.010101010101), (1209, 199.010101010101), (1210, 199.010101010101), (1211, 199.010101010101), (1212, 199.010101010101), (1213, 199.010101010101), (1214, 198.72727272727272), (1215, 198.72727272727272), (1216, 198.72727272727272), (1217, 198.72727272727272), (1218, 198.72727272727272), (1219, 198.72727272727272), (1220, 198.72727272727272), (1221, 198.72727272727272), (1222, 198.72727272727272), (1223, 198.72727272727272), (1224, 198.72727272727272), (1225, 198.72727272727272), (1226, 198.72727272727272), (1227, 198.72727272727272), (1228, 198.72727272727272), (1229, 198.72727272727272), (1230, 198.72727272727272), (1231, 198.72727272727272), (1232, 198.72727272727272), (1233, 198.72727272727272), (1234, 198.72727272727272), (1235, 198.72727272727272), (1236, 198.72727272727272), (1237, 198.72727272727272), (1238, 198.72727272727272), (1239, 198.72727272727272), (1240, 198.72727272727272), (1241, 198.72727272727272), (1242, 198.72727272727272), (1243, 198.72727272727272), (1244, 198.72727272727272), (1245, 198.72727272727272), (1246, 198.72727272727272), (1247, 198.72727272727272), (1248, 198.72727272727272), (1249, 198.72727272727272), (1250, 198.85858585858585), (1251, 198.85858585858585), (1252, 198.85858585858585), (1253, 198.85858585858585), (1254, 198.85858585858585), (1255, 198.85858585858585), (1256, 198.85858585858585), (1257, 198.85858585858585), (1258, 198.85858585858585), (1259, 198.85858585858585), (1260, 198.85858585858585), (1261, 198.85858585858585), (1262, 198.85858585858585), (1263, 198.85858585858585), (1264, 198.85858585858585), (1265, 198.85858585858585), (1266, 198.85858585858585), (1267, 198.92929292929293), (1268, 199.14141414141415), (1269, 199.14141414141415), (1270, 199.14141414141415), (1271, 199.40404040404042), (1272, 199.40404040404042), (1273, 199.40404040404042), (1274, 199.40404040404042), (1275, 199.40404040404042), (1276, 199.40404040404042), (1277, 199.40404040404042), (1278, 199.40404040404042), (1279, 199.40404040404042), (1280, 199.40404040404042), (1281, 199.40404040404042), (1282, 199.40404040404042), (1283, 199.40404040404042), (1284, 199.40404040404042), (1285, 199.40404040404042), (1286, 199.40404040404042), (1287, 199.40404040404042), (1288, 199.40404040404042), (1289, 199.40404040404042), (1290, 199.40404040404042), (1291, 199.40404040404042), (1292, 199.40404040404042), (1293, 199.40404040404042), (1294, 199.40404040404042), (1295, 199.62626262626262), (1296, 199.62626262626262), (1297, 199.62626262626262), (1298, 199.62626262626262), (1299, 199.62626262626262), (1300, 199.62626262626262), (1301, 199.62626262626262), (1302, 199.62626262626262), (1303, 199.62626262626262), (1304, 199.62626262626262), (1305, 199.62626262626262), (1306, 199.62626262626262), (1307, 199.62626262626262), (1308, 199.62626262626262), (1309, 199.62626262626262), (1310, 199.62626262626262), (1311, 199.62626262626262), (1312, 199.62626262626262), (1313, 199.9090909090909), (1314, 199.9090909090909), (1315, 199.9090909090909), (1316, 199.9090909090909), (1317, 199.9090909090909), (1318, 199.9090909090909), (1319, 199.9090909090909), (1320, 199.9090909090909), (1321, 199.9090909090909), (1322, 199.9090909090909), (1323, 199.9090909090909), (1324, 199.9090909090909), (1325, 199.9090909090909), (1326, 199.9090909090909), (1327, 199.9090909090909), (1328, 199.9090909090909), (1329, 199.9090909090909), (1330, 199.9090909090909), (1331, 199.9090909090909), (1332, 199.9090909090909), (1333, 199.9090909090909), (1334, 199.9090909090909), (1335, 199.9090909090909), (1336, 199.9090909090909), (1337, 199.9090909090909), (1338, 199.9090909090909), (1339, 199.84848484848484), (1340, 199.84848484848484), (1341, 199.84848484848484), (1342, 199.84848484848484), (1343, 199.84848484848484), (1344, 199.84848484848484), (1345, 199.84848484848484), (1346, 199.84848484848484), (1347, 199.84848484848484), (1348, 199.84848484848484), (1349, 199.84848484848484), (1350, 199.84848484848484), (1351, 199.84848484848484), (1352, 199.84848484848484), (1353, 199.84848484848484), (1354, 199.84848484848484), (1355, 199.84848484848484), (1356, 199.84848484848484), (1357, 199.84848484848484), (1358, 199.84848484848484), (1359, 199.84848484848484), (1360, 199.84848484848484), (1361, 199.84848484848484), (1362, 199.84848484848484), (1363, 199.84848484848484), (1364, 199.84848484848484), (1365, 199.84848484848484), (1366, 199.84848484848484), (1367, 199.84848484848484), (1368, 199.84848484848484), (1369, 199.84848484848484), (1370, 199.84848484848484), (1371, 199.84848484848484), (1372, 199.84848484848484), (1373, 199.84848484848484), (1374, 199.84848484848484), (1375, 199.84848484848484), (1376, 199.84848484848484), (1377, 199.84848484848484), (1378, 199.84848484848484), (1379, 199.84848484848484), (1380, 199.84848484848484), (1381, 199.84848484848484), (1382, 199.84848484848484), (1383, 199.84848484848484), (1384, 199.84848484848484), (1385, 199.84848484848484), (1386, 199.84848484848484), (1387, 199.84848484848484), (1388, 199.84848484848484), (1389, 199.84848484848484), (1390, 199.84848484848484), (1391, 199.84848484848484), (1392, 199.84848484848484), (1393, 199.84848484848484), (1394, 199.93939393939394), (1395, 199.93939393939394), (1396, 199.93939393939394), (1397, 199.93939393939394), (1398, 199.93939393939394), (1399, 199.93939393939394), (1400, 199.93939393939394), (1401, 199.93939393939394), (1402, 199.93939393939394), (1403, 199.93939393939394), (1404, 199.93939393939394), (1405, 199.93939393939394), (1406, 199.93939393939394), (1407, 199.93939393939394), (1408, 199.93939393939394), (1409, 199.93939393939394), (1410, 199.93939393939394), (1411, 199.93939393939394), (1412, 199.93939393939394), (1413, 199.93939393939394), (1414, 199.93939393939394), (1415, 199.93939393939394), (1416, 199.93939393939394), (1417, 199.93939393939394), (1418, 199.93939393939394), (1419, 199.93939393939394), (1420, 199.93939393939394), (1421, 199.93939393939394), (1422, 199.93939393939394), (1423, 199.93939393939394), (1424, 199.93939393939394), (1425, 199.93939393939394), (1426, 199.93939393939394), (1427, 199.93939393939394), (1428, 199.93939393939394), (1429, 199.93939393939394), (1430, 199.93939393939394), (1431, 199.93939393939394), (1432, 199.93939393939394), (1433, 199.93939393939394), (1434, 199.93939393939394), (1435, 199.93939393939394), (1436, 199.93939393939394), (1437, 199.93939393939394), (1438, 200.0), (1439, 200.0), (1440, 200.0), (1441, 200.0), (1442, 200.0), (1443, 200.0), (1444, 200.0), (1445, 200.0), (1446, 200.0), (1447, 200.0), (1448, 200.0), (1449, 200.0), (1450, 200.0), (1451, 200.0), (1452, 200.0), (1453, 200.0), (1454, 200.0), (1455, 200.0), (1456, 200.0), (1457, 200.0), (1458, 200.0), (1459, 200.0), (1460, 200.0), (1461, 200.0), (1462, 200.0), (1463, 200.0), (1464, 200.0), (1465, 200.0), (1466, 200.0), (1467, 200.0), (1468, 200.0), (1469, 200.0), (1470, 200.0), (1471, 200.0), (1472, 200.0), (1473, 200.0), (1474, 200.0), (1475, 200.0), (1476, 200.0), (1477, 200.0), (1478, 200.0), (1479, 200.0), (1480, 200.0), (1481, 200.0), (1482, 200.0), (1483, 200.0), (1484, 200.0), (1485, 200.0), (1486, 200.0), (1487, 200.0), (1488, 200.0), (1489, 200.0), (1490, 200.0), (1491, 200.0), (1492, 200.0), (1493, 200.0), (1494, 200.0), (1495, 200.0), (1496, 200.0), (1497, 200.0), (1498, 200.0), (1499, 200.0), (1500, 200.0), (1501, 200.0), (1502, 200.0), (1503, 200.0), (1504, 200.0), (1505, 200.0), (1506, 200.0), (1507, 200.0)]
