<class 'gym.envs.classic_control.cartpole.CartPoleEnv'>
Iteration 0 avg reward 14.000000
Iteration 100 avg reward 50.222222
Iteration 200 avg reward 92.494949
Iteration 300 avg reward 137.919192
Iteration 400 avg reward 172.606061
Iteration 500 avg reward 185.191919
Iteration 600 avg reward 195.131313
Iteration 700 avg reward 197.252525
Iteration 800 avg reward 196.969697
Iteration 900 avg reward 198.989899
Iteration 1000 avg reward 200.000000
Iteration 1100 avg reward 199.313131
Iteration 1200 avg reward 199.959596
Iteration 1300 avg reward 200.000000
Iteration 1400 avg reward 200.000000
Iteration 1500 avg reward 200.000000
[(0, 14.0), (1, 14.5), (2, 21.666666666666668), (3, 30.5), (4, 28.2), (5, 28.833333333333332), (6, 27.0), (7, 29.125), (8, 27.666666666666668), (9, 26.6), (10, 25.545454545454547), (11, 26.333333333333332), (12, 27.0), (13, 26.142857142857142), (14, 25.866666666666667), (15, 25.75), (16, 25.647058823529413), (17, 25.166666666666668), (18, 25.210526315789473), (19, 25.3), (20, 25.238095238095237), (21, 26.318181818181817), (22, 25.869565217391305), (23, 27.708333333333332), (24, 29.2), (25, 28.846153846153847), (26, 29.555555555555557), (27, 29.285714285714285), (28, 28.96551724137931), (29, 29.166666666666668), (30, 29.677419354838708), (31, 29.125), (32, 28.606060606060606), (33, 30.0), (34, 29.514285714285716), (35, 29.194444444444443), (36, 29.243243243243242), (37, 29.105263157894736), (38, 28.615384615384617), (39, 29.325), (40, 29.463414634146343), (41, 29.69047619047619), (42, 31.302325581395348), (43, 31.204545454545453), (44, 32.28888888888889), (45, 32.19565217391305), (46, 33.48936170212766), (47, 33.25), (48, 34.285714285714285), (49, 34.02), (50, 34.07843137254902), (51, 34.46153846153846), (52, 34.84905660377358), (53, 35.333333333333336), (54, 34.945454545454545), (55, 36.30357142857143), (56, 36.29824561403509), (57, 36.758620689655174), (58, 36.74576271186441), (59, 36.68333333333333), (60, 37.09836065573771), (61, 37.854838709677416), (62, 38.142857142857146), (63, 38.015625), (64, 38.47692307692308), (65, 39.45454545454545), (66, 39.298507462686565), (67, 39.88235294117647), (68, 40.69565217391305), (69, 40.51428571428571), (70, 41.098591549295776), (71, 41.40277777777778), (72, 42.013698630136986), (73, 42.189189189189186), (74, 41.96), (75, 42.328947368421055), (76, 42.103896103896105), (77, 42.85897435897436), (78, 43.848101265822784), (79, 44.0125), (80, 44.24691358024691), (81, 44.3780487804878), (82, 44.72289156626506), (83, 45.26190476190476), (84, 45.78823529411765), (85, 46.75581395348837), (86, 46.89655172413793), (87, 46.90909090909091), (88, 46.92134831460674), (89, 47.12222222222222), (90, 47.175824175824175), (91, 47.29347826086956), (92, 47.913978494623656), (93, 47.829787234042556), (94, 48.06315789473684), (95, 48.354166666666664), (96, 48.90721649484536), (97, 49.183673469387756), (98, 49.26262626262626), (99, 49.666666666666664), (100, 50.22222222222222), (101, 50.505050505050505), (102, 50.515151515151516), (103, 51.07070707070707), (104, 51.525252525252526), (105, 52.2020202020202), (106, 52.85858585858586), (107, 53.95959595959596), (108, 54.41414141414141), (109, 54.95959595959596), (110, 55.303030303030305), (111, 55.535353535353536), (112, 56.24242424242424), (113, 56.494949494949495), (114, 56.91919191919192), (115, 58.4040404040404), (116, 59.13131313131313), (117, 59.82828282828283), (118, 60.313131313131315), (119, 61.19191919191919), (120, 61.464646464646464), (121, 62.42424242424242), (122, 62.707070707070706), (123, 62.81818181818182), (124, 63.666666666666664), (125, 63.92929292929293), (126, 64.23232323232324), (127, 64.6969696969697), (128, 64.77777777777777), (129, 64.96969696969697), (130, 65.97979797979798), (131, 67.21212121212122), (132, 67.0), (133, 68.37373737373737), (134, 68.43434343434343), (135, 69.13131313131314), (136, 69.54545454545455), (137, 70.12121212121212), (138, 70.3030303030303), (139, 70.75757575757575), (140, 71.51515151515152), (141, 70.97979797979798), (142, 71.5050505050505), (143, 71.97979797979798), (144, 72.77777777777777), (145, 73.08080808080808), (146, 73.64646464646465), (147, 73.91919191919192), (148, 74.41414141414141), (149, 75.07070707070707), (150, 75.33333333333333), (151, 75.48484848484848), (152, 75.4949494949495), (153, 76.23232323232324), (154, 77.06060606060606), (155, 77.71717171717172), (156, 77.84848484848484), (157, 78.53535353535354), (158, 79.22222222222223), (159, 79.38383838383838), (160, 79.23232323232324), (161, 79.31313131313131), (162, 79.84848484848484), (163, 80.23232323232324), (164, 80.35353535353535), (165, 80.95959595959596), (166, 80.84848484848484), (167, 81.45454545454545), (168, 82.1919191919192), (169, 81.9090909090909), (170, 83.13131313131314), (171, 83.25252525252525), (172, 84.01010101010101), (173, 84.4949494949495), (174, 84.8989898989899), (175, 85.44444444444444), (176, 85.20202020202021), (177, 85.31313131313131), (178, 86.07070707070707), (179, 86.77777777777777), (180, 87.37373737373737), (181, 87.70707070707071), (182, 87.74747474747475), (183, 88.0909090909091), (184, 87.41414141414141), (185, 88.26262626262626), (186, 88.64646464646465), (187, 89.05050505050505), (188, 89.29292929292929), (189, 89.72727272727273), (190, 90.14141414141415), (191, 89.68686868686869), (192, 90.32323232323232), (193, 90.73737373737374), (194, 91.27272727272727), (195, 91.27272727272727), (196, 91.85858585858585), (197, 91.8989898989899), (198, 92.02020202020202), (199, 92.47474747474747), (200, 92.4949494949495), (201, 92.57575757575758), (202, 92.73737373737374), (203, 92.76767676767676), (204, 93.05050505050505), (205, 92.79797979797979), (206, 92.75757575757575), (207, 92.82828282828282), (208, 93.22222222222223), (209, 93.35353535353535), (210, 93.5959595959596), (211, 94.07070707070707), (212, 94.5050505050505), (213, 94.37373737373737), (214, 93.81818181818181), (215, 94.37373737373737), (216, 94.38383838383838), (217, 94.51515151515152), (218, 94.12121212121212), (219, 94.08080808080808), (220, 93.57575757575758), (221, 94.52525252525253), (222, 95.77777777777777), (223, 95.62626262626263), (224, 95.53535353535354), (225, 95.93939393939394), (226, 96.5050505050505), (227, 97.6969696969697), (228, 97.94949494949495), (229, 98.05050505050505), (230, 98.36363636363636), (231, 99.82828282828282), (232, 99.36363636363636), (233, 100.48484848484848), (234, 100.8989898989899), (235, 102.20202020202021), (236, 102.57575757575758), (237, 103.79797979797979), (238, 103.63636363636364), (239, 103.14141414141415), (240, 104.22222222222223), (241, 104.48484848484848), (242, 104.26262626262626), (243, 104.97979797979798), (244, 105.33333333333333), (245, 105.47474747474747), (246, 104.91919191919192), (247, 105.86868686868686), (248, 106.35353535353535), (249, 107.33333333333333), (250, 107.52525252525253), (251, 107.62626262626263), (252, 107.87878787878788), (253, 106.66666666666667), (254, 107.13131313131314), (255, 108.26262626262626), (256, 108.83838383838383), (257, 108.92929292929293), (258, 109.08080808080808), (259, 109.94949494949495), (260, 111.15151515151516), (261, 111.63636363636364), (262, 111.58585858585859), (263, 112.02020202020202), (264, 111.8080808080808), (265, 112.62626262626263), (266, 111.84848484848484), (267, 112.23232323232324), (268, 112.91919191919192), (269, 112.84848484848484), (270, 113.87878787878788), (271, 113.72727272727273), (272, 115.01010101010101), (273, 115.91919191919192), (274, 117.14141414141415), (275, 117.8080808080808), (276, 118.4949494949495), (277, 118.0), (278, 118.67676767676768), (279, 119.54545454545455), (280, 119.87878787878788), (281, 120.94949494949495), (282, 121.48484848484848), (283, 122.58585858585859), (284, 123.16161616161617), (285, 124.31313131313131), (286, 124.63636363636364), (287, 125.51515151515152), (288, 126.1919191919192), (289, 127.20202020202021), (290, 128.6161616161616), (291, 129.5151515151515), (292, 130.41414141414143), (293, 131.13131313131314), (294, 131.92929292929293), (295, 132.59595959595958), (296, 133.85858585858585), (297, 135.21212121212122), (298, 135.7979797979798), (299, 136.56565656565655), (300, 137.91919191919192), (301, 139.03030303030303), (302, 140.24242424242425), (303, 141.14141414141415), (304, 142.17171717171718), (305, 142.86868686868686), (306, 143.5151515151515), (307, 144.33333333333334), (308, 145.5252525252525), (309, 146.41414141414143), (310, 147.1010101010101), (311, 147.88888888888889), (312, 149.37373737373738), (313, 149.88888888888889), (314, 149.9090909090909), (315, 150.92929292929293), (316, 151.34343434343435), (317, 152.63636363636363), (318, 153.15151515151516), (319, 154.53535353535352), (320, 154.3838383838384), (321, 154.3838383838384), (322, 154.63636363636363), (323, 156.0), (324, 156.989898989899), (325, 157.66666666666666), (326, 157.68686868686868), (327, 158.26262626262627), (328, 158.4848484848485), (329, 158.65656565656565), (330, 158.37373737373738), (331, 159.35353535353536), (332, 159.26262626262627), (333, 159.14141414141415), (334, 158.84848484848484), (335, 159.24242424242425), (336, 159.2828282828283), (337, 160.1818181818182), (338, 161.54545454545453), (339, 162.02020202020202), (340, 162.92929292929293), (341, 163.07070707070707), (342, 163.2929292929293), (343, 163.7171717171717), (344, 164.8080808080808), (345, 166.15151515151516), (346, 166.5151515151515), (347, 166.17171717171718), (348, 165.64646464646464), (349, 165.91919191919192), (350, 167.21212121212122), (351, 167.41414141414143), (352, 168.67676767676767), (353, 168.14141414141415), (354, 167.85858585858585), (355, 167.58585858585857), (356, 168.4949494949495), (357, 169.02020202020202), (358, 169.4747474747475), (359, 169.06060606060606), (360, 169.75757575757575), (361, 170.75757575757575), (362, 170.5050505050505), (363, 171.7070707070707), (364, 172.010101010101), (365, 172.23232323232324), (366, 172.84848484848484), (367, 173.15151515151516), (368, 173.3838383838384), (369, 173.27272727272728), (370, 173.73737373737373), (371, 173.73737373737373), (372, 173.73737373737373), (373, 173.73737373737373), (374, 174.31313131313132), (375, 174.31313131313132), (376, 174.45454545454547), (377, 174.42424242424244), (378, 174.07070707070707), (379, 173.68686868686868), (380, 173.68686868686868), (381, 173.34343434343435), (382, 173.32323232323233), (383, 173.32323232323233), (384, 173.32323232323233), (385, 173.77777777777777), (386, 174.02020202020202), (387, 173.85858585858585), (388, 173.5151515151515), (389, 172.97979797979798), (390, 173.06060606060606), (391, 173.06060606060606), (392, 173.06060606060606), (393, 173.25252525252526), (394, 173.02020202020202), (395, 173.02020202020202), (396, 172.7070707070707), (397, 172.02020202020202), (398, 172.6060606060606), (399, 172.6060606060606), (400, 172.6060606060606), (401, 171.88888888888889), (402, 171.88888888888889), (403, 171.76767676767676), (404, 171.86868686868686), (405, 172.4949494949495), (406, 171.46464646464648), (407, 171.46464646464648), (408, 171.76767676767676), (409, 171.76767676767676), (410, 171.75757575757575), (411, 171.65656565656565), (412, 171.989898989899), (413, 172.53535353535352), (414, 172.56565656565655), (415, 172.58585858585857), (416, 172.58585858585857), (417, 173.1818181818182), (418, 172.54545454545453), (419, 172.41414141414143), (420, 172.41414141414143), (421, 173.07070707070707), (422, 173.07070707070707), (423, 173.15151515151516), (424, 173.0909090909091), (425, 173.1818181818182), (426, 173.72727272727272), (427, 173.86868686868686), (428, 173.93939393939394), (429, 174.12121212121212), (430, 174.12121212121212), (431, 174.4949494949495), (432, 174.63636363636363), (433, 174.989898989899), (434, 174.57575757575756), (435, 174.03030303030303), (436, 174.5050505050505), (437, 174.5050505050505), (438, 173.68686868686868), (439, 173.73737373737373), (440, 174.55555555555554), (441, 174.55555555555554), (442, 174.22222222222223), (443, 174.22222222222223), (444, 174.06060606060606), (445, 174.06060606060606), (446, 174.83838383838383), (447, 175.59595959595958), (448, 176.44444444444446), (449, 176.23232323232324), (450, 176.91919191919192), (451, 176.93939393939394), (452, 177.93939393939394), (453, 178.34343434343435), (454, 179.010101010101), (455, 179.010101010101), (456, 179.56565656565655), (457, 179.56565656565655), (458, 180.15151515151516), (459, 180.15151515151516), (460, 180.15151515151516), (461, 180.3939393939394), (462, 180.5252525252525), (463, 180.73737373737373), (464, 181.73737373737373), (465, 181.73737373737373), (466, 182.22222222222223), (467, 182.22222222222223), (468, 181.3939393939394), (469, 181.78787878787878), (470, 181.4747474747475), (471, 181.41414141414143), (472, 181.41414141414143), (473, 181.41414141414143), (474, 180.56565656565655), (475, 181.6060606060606), (476, 181.4848484848485), (477, 181.83838383838383), (478, 182.83838383838383), (479, 182.75757575757575), (480, 183.33333333333334), (481, 182.83838383838383), (482, 182.43434343434345), (483, 182.43434343434345), (484, 182.75757575757575), (485, 182.75757575757575), (486, 182.96969696969697), (487, 183.32323232323233), (488, 183.85858585858585), (489, 183.3030303030303), (490, 183.3030303030303), (491, 183.3030303030303), (492, 183.3030303030303), (493, 183.4949494949495), (494, 183.63636363636363), (495, 183.94949494949495), (496, 184.9090909090909), (497, 184.9090909090909), (498, 184.4747474747475), (499, 184.4747474747475), (500, 185.1919191919192), (501, 185.1919191919192), (502, 185.21212121212122), (503, 185.08080808080808), (504, 185.13131313131314), (505, 186.27272727272728), (506, 186.25252525252526), (507, 186.25252525252526), (508, 186.25252525252526), (509, 186.58585858585857), (510, 186.42424242424244), (511, 186.42424242424244), (512, 186.22222222222223), (513, 186.22222222222223), (514, 186.91919191919192), (515, 186.91919191919192), (516, 187.1010101010101), (517, 187.75757575757575), (518, 188.12121212121212), (519, 188.12121212121212), (520, 188.32323232323233), (521, 188.32323232323233), (522, 188.33333333333334), (523, 188.5050505050505), (524, 188.78787878787878), (525, 188.78787878787878), (526, 189.21212121212122), (527, 189.32323232323233), (528, 189.42424242424244), (529, 189.42424242424244), (530, 189.7979797979798), (531, 190.21212121212122), (532, 190.21212121212122), (533, 191.2020202020202), (534, 191.74747474747474), (535, 191.74747474747474), (536, 191.74747474747474), (537, 192.56565656565655), (538, 192.56565656565655), (539, 192.45454545454547), (540, 192.13131313131314), (541, 192.46464646464648), (542, 192.46464646464648), (543, 192.73737373737373), (544, 192.73737373737373), (545, 192.8080808080808), (546, 192.6969696969697), (547, 192.6969696969697), (548, 192.78787878787878), (549, 192.78787878787878), (550, 192.78787878787878), (551, 192.85858585858585), (552, 192.85858585858585), (553, 192.85858585858585), (554, 192.85858585858585), (555, 192.85858585858585), (556, 192.85858585858585), (557, 192.3030303030303), (558, 192.3030303030303), (559, 192.3030303030303), (560, 192.73737373737373), (561, 192.73737373737373), (562, 192.73737373737373), (563, 192.73737373737373), (564, 192.73737373737373), (565, 192.73737373737373), (566, 192.68686868686868), (567, 193.1818181818182), (568, 193.010101010101), (569, 193.32323232323233), (570, 193.3838383838384), (571, 193.3838383838384), (572, 193.3838383838384), (573, 194.23232323232324), (574, 194.23232323232324), (575, 194.26262626262627), (576, 194.0), (577, 194.0), (578, 194.08080808080808), (579, 194.08080808080808), (580, 194.6161616161616), (581, 195.02020202020202), (582, 195.02020202020202), (583, 195.05050505050505), (584, 195.05050505050505), (585, 195.3838383838384), (586, 195.33333333333334), (587, 195.33333333333334), (588, 195.88888888888889), (589, 195.88888888888889), (590, 195.88888888888889), (591, 195.88888888888889), (592, 195.7070707070707), (593, 194.95959595959596), (594, 194.94949494949495), (595, 194.94949494949495), (596, 194.94949494949495), (597, 195.3838383838384), (598, 195.17171717171718), (599, 195.13131313131314), (600, 195.13131313131314), (601, 195.22222222222223), (602, 195.35353535353536), (603, 195.35353535353536), (604, 195.35353535353536), (605, 195.15151515151516), (606, 195.15151515151516), (607, 195.15151515151516), (608, 194.65656565656565), (609, 194.91919191919192), (610, 194.91919191919192), (611, 195.12121212121212), (612, 195.12121212121212), (613, 195.12121212121212), (614, 195.12121212121212), (615, 195.12121212121212), (616, 195.12121212121212), (617, 195.12121212121212), (618, 195.12121212121212), (619, 195.13131313131314), (620, 195.13131313131314), (621, 195.14141414141415), (622, 194.57575757575756), (623, 194.57575757575756), (624, 194.33333333333334), (625, 194.33333333333334), (626, 194.33333333333334), (627, 194.33333333333334), (628, 194.33333333333334), (629, 194.33333333333334), (630, 194.4949494949495), (631, 194.4949494949495), (632, 194.4949494949495), (633, 194.4949494949495), (634, 194.4949494949495), (635, 194.4949494949495), (636, 194.4949494949495), (637, 194.4949494949495), (638, 194.6060606060606), (639, 194.92929292929293), (640, 194.9090909090909), (641, 194.9090909090909), (642, 194.9090909090909), (643, 194.75757575757575), (644, 194.75757575757575), (645, 194.86868686868686), (646, 194.86868686868686), (647, 194.989898989899), (648, 194.86868686868686), (649, 194.86868686868686), (650, 194.86868686868686), (651, 194.86868686868686), (652, 194.86868686868686), (653, 194.83838383838383), (654, 194.83838383838383), (655, 194.83838383838383), (656, 195.3939393939394), (657, 195.3939393939394), (658, 195.1818181818182), (659, 195.14141414141415), (660, 195.14141414141415), (661, 195.14141414141415), (662, 195.14141414141415), (663, 195.14141414141415), (664, 195.14141414141415), (665, 195.1919191919192), (666, 195.63636363636363), (667, 195.57575757575756), (668, 195.57575757575756), (669, 195.57575757575756), (670, 195.57575757575756), (671, 195.57575757575756), (672, 195.57575757575756), (673, 195.57575757575756), (674, 195.6969696969697), (675, 195.95959595959596), (676, 195.95959595959596), (677, 195.95959595959596), (678, 195.95959595959596), (679, 196.06060606060606), (680, 196.06060606060606), (681, 196.06060606060606), (682, 196.06060606060606), (683, 195.989898989899), (684, 195.989898989899), (685, 196.04040404040404), (686, 196.04040404040404), (687, 196.04040404040404), (688, 196.04040404040404), (689, 196.04040404040404), (690, 196.04040404040404), (691, 196.26262626262627), (692, 197.010101010101), (693, 197.02020202020202), (694, 196.84848484848484), (695, 196.84848484848484), (696, 196.84848484848484), (697, 197.06060606060606), (698, 197.1010101010101), (699, 197.1010101010101), (700, 197.25252525252526), (701, 197.25252525252526), (702, 197.25252525252526), (703, 197.25252525252526), (704, 197.4747474747475), (705, 197.4747474747475), (706, 197.4747474747475), (707, 197.96969696969697), (708, 197.96969696969697), (709, 197.96969696969697), (710, 197.96969696969697), (711, 197.96969696969697), (712, 197.96969696969697), (713, 197.9090909090909), (714, 197.9090909090909), (715, 197.86868686868686), (716, 197.86868686868686), (717, 197.86868686868686), (718, 197.86868686868686), (719, 197.86868686868686), (720, 197.86868686868686), (721, 198.43434343434345), (722, 198.43434343434345), (723, 198.67676767676767), (724, 198.67676767676767), (725, 198.67676767676767), (726, 198.67676767676767), (727, 198.67676767676767), (728, 198.67676767676767), (729, 198.62626262626262), (730, 198.54545454545453), (731, 198.54545454545453), (732, 198.36363636363637), (733, 198.36363636363637), (734, 198.13131313131314), (735, 198.13131313131314), (736, 198.13131313131314), (737, 198.13131313131314), (738, 197.86868686868686), (739, 197.88888888888889), (740, 197.88888888888889), (741, 197.88888888888889), (742, 198.04040404040404), (743, 198.04040404040404), (744, 198.04040404040404), (745, 198.04040404040404), (746, 198.04040404040404), (747, 198.16161616161617), (748, 198.16161616161617), (749, 198.16161616161617), (750, 198.05050505050505), (751, 198.05050505050505), (752, 198.08080808080808), (753, 198.08080808080808), (754, 198.08080808080808), (755, 198.08080808080808), (756, 197.22222222222223), (757, 197.43434343434345), (758, 197.4747474747475), (759, 197.4747474747475), (760, 197.4747474747475), (761, 197.4747474747475), (762, 197.4747474747475), (763, 197.2929292929293), (764, 197.2929292929293), (765, 197.2929292929293), (766, 197.5252525252525), (767, 197.5252525252525), (768, 197.5252525252525), (769, 197.2929292929293), (770, 197.2929292929293), (771, 197.2929292929293), (772, 197.2929292929293), (773, 197.2929292929293), (774, 196.95959595959596), (775, 196.95959595959596), (776, 196.95959595959596), (777, 196.95959595959596), (778, 197.13131313131314), (779, 197.13131313131314), (780, 196.7979797979798), (781, 196.7979797979798), (782, 196.86868686868686), (783, 196.86868686868686), (784, 196.86868686868686), (785, 196.86868686868686), (786, 196.86868686868686), (787, 196.86868686868686), (788, 196.86868686868686), (789, 196.86868686868686), (790, 196.86868686868686), (791, 196.86868686868686), (792, 196.85858585858585), (793, 197.03030303030303), (794, 197.03030303030303), (795, 197.03030303030303), (796, 197.03030303030303), (797, 197.03030303030303), (798, 196.96969696969697), (799, 196.96969696969697), (800, 196.96969696969697), (801, 196.96969696969697), (802, 196.96969696969697), (803, 196.96969696969697), (804, 196.96969696969697), (805, 196.96969696969697), (806, 196.96969696969697), (807, 196.96969696969697), (808, 196.87878787878788), (809, 196.87878787878788), (810, 196.87878787878788), (811, 196.87878787878788), (812, 196.93939393939394), (813, 196.93939393939394), (814, 196.97979797979798), (815, 196.97979797979798), (816, 196.97979797979798), (817, 196.97979797979798), (818, 196.97979797979798), (819, 196.95959595959596), (820, 196.95959595959596), (821, 196.95959595959596), (822, 196.95959595959596), (823, 196.95959595959596), (824, 196.95959595959596), (825, 196.95959595959596), (826, 196.95959595959596), (827, 196.95959595959596), (828, 197.010101010101), (829, 197.0909090909091), (830, 197.0909090909091), (831, 197.27272727272728), (832, 197.27272727272728), (833, 197.5050505050505), (834, 197.5050505050505), (835, 197.5050505050505), (836, 197.5050505050505), (837, 197.74747474747474), (838, 197.74747474747474), (839, 197.74747474747474), (840, 197.74747474747474), (841, 197.74747474747474), (842, 197.74747474747474), (843, 197.5050505050505), (844, 197.5050505050505), (845, 197.5050505050505), (846, 197.41414141414143), (847, 197.2828282828283), (848, 197.2828282828283), (849, 197.3939393939394), (850, 197.3939393939394), (851, 197.3939393939394), (852, 197.3939393939394), (853, 197.3939393939394), (854, 197.3939393939394), (855, 198.25252525252526), (856, 198.25252525252526), (857, 198.15151515151516), (858, 198.15151515151516), (859, 198.15151515151516), (860, 198.15151515151516), (861, 198.15151515151516), (862, 198.33333333333334), (863, 198.33333333333334), (864, 198.33333333333334), (865, 198.33333333333334), (866, 198.33333333333334), (867, 198.33333333333334), (868, 198.56565656565655), (869, 198.56565656565655), (870, 198.56565656565655), (871, 198.56565656565655), (872, 198.56565656565655), (873, 198.8989898989899), (874, 198.8989898989899), (875, 198.8989898989899), (876, 198.8989898989899), (877, 198.8989898989899), (878, 198.8989898989899), (879, 199.23232323232324), (880, 199.23232323232324), (881, 199.23232323232324), (882, 199.23232323232324), (883, 199.23232323232324), (884, 199.23232323232324), (885, 199.23232323232324), (886, 199.23232323232324), (887, 198.91919191919192), (888, 198.91919191919192), (889, 198.91919191919192), (890, 198.91919191919192), (891, 198.92929292929293), (892, 198.92929292929293), (893, 198.92929292929293), (894, 198.92929292929293), (895, 198.92929292929293), (896, 198.92929292929293), (897, 198.989898989899), (898, 198.989898989899), (899, 198.989898989899), (900, 198.989898989899), (901, 198.989898989899), (902, 198.989898989899), (903, 198.989898989899), (904, 198.989898989899), (905, 198.989898989899), (906, 198.989898989899), (907, 199.08080808080808), (908, 199.08080808080808), (909, 199.08080808080808), (910, 199.08080808080808), (911, 199.08080808080808), (912, 199.08080808080808), (913, 199.08080808080808), (914, 199.08080808080808), (915, 199.08080808080808), (916, 199.08080808080808), (917, 199.08080808080808), (918, 199.1010101010101), (919, 199.1010101010101), (920, 199.1010101010101), (921, 199.1010101010101), (922, 199.1010101010101), (923, 199.1010101010101), (924, 199.1010101010101), (925, 199.1010101010101), (926, 199.1010101010101), (927, 199.1010101010101), (928, 199.1010101010101), (929, 199.1010101010101), (930, 199.1010101010101), (931, 199.1010101010101), (932, 199.1010101010101), (933, 199.1010101010101), (934, 199.1010101010101), (935, 199.1010101010101), (936, 199.12121212121212), (937, 199.12121212121212), (938, 199.12121212121212), (939, 199.12121212121212), (940, 199.12121212121212), (941, 199.12121212121212), (942, 199.36363636363637), (943, 199.36363636363637), (944, 199.36363636363637), (945, 199.45454545454547), (946, 199.58585858585857), (947, 199.58585858585857), (948, 199.58585858585857), (949, 199.58585858585857), (950, 199.58585858585857), (951, 199.58585858585857), (952, 199.58585858585857), (953, 199.58585858585857), (954, 199.58585858585857), (955, 199.58585858585857), (956, 199.68686868686868), (957, 199.68686868686868), (958, 199.68686868686868), (959, 199.68686868686868), (960, 199.68686868686868), (961, 199.68686868686868), (962, 199.68686868686868), (963, 199.68686868686868), (964, 199.68686868686868), (965, 199.68686868686868), (966, 199.68686868686868), (967, 199.68686868686868), (968, 199.68686868686868), (969, 199.68686868686868), (970, 199.68686868686868), (971, 199.68686868686868), (972, 199.68686868686868), (973, 199.68686868686868), (974, 199.68686868686868), (975, 199.68686868686868), (976, 199.68686868686868), (977, 199.68686868686868), (978, 199.68686868686868), (979, 199.68686868686868), (980, 199.68686868686868), (981, 199.68686868686868), (982, 199.68686868686868), (983, 199.68686868686868), (984, 199.68686868686868), (985, 199.68686868686868), (986, 200.0), (987, 200.0), (988, 200.0), (989, 200.0), (990, 200.0), (991, 200.0), (992, 200.0), (993, 200.0), (994, 200.0), (995, 200.0), (996, 200.0), (997, 200.0), (998, 200.0), (999, 200.0), (1000, 200.0), (1001, 200.0), (1002, 200.0), (1003, 200.0), (1004, 200.0), (1005, 200.0), (1006, 200.0), (1007, 200.0), (1008, 200.0), (1009, 200.0), (1010, 200.0), (1011, 200.0), (1012, 200.0), (1013, 200.0), (1014, 200.0), (1015, 200.0), (1016, 200.0), (1017, 200.0), (1018, 200.0), (1019, 200.0), (1020, 200.0), (1021, 200.0), (1022, 200.0), (1023, 200.0), (1024, 200.0), (1025, 200.0), (1026, 200.0), (1027, 200.0), (1028, 200.0), (1029, 200.0), (1030, 200.0), (1031, 200.0), (1032, 200.0), (1033, 200.0), (1034, 200.0), (1035, 200.0), (1036, 200.0), (1037, 200.0), (1038, 200.0), (1039, 200.0), (1040, 200.0), (1041, 200.0), (1042, 200.0), (1043, 200.0), (1044, 200.0), (1045, 200.0), (1046, 200.0), (1047, 200.0), (1048, 200.0), (1049, 200.0), (1050, 200.0), (1051, 200.0), (1052, 200.0), (1053, 200.0), (1054, 200.0), (1055, 200.0), (1056, 200.0), (1057, 200.0), (1058, 200.0), (1059, 199.74747474747474), (1060, 199.74747474747474), (1061, 199.74747474747474), (1062, 199.74747474747474), (1063, 199.74747474747474), (1064, 199.74747474747474), (1065, 199.74747474747474), (1066, 199.74747474747474), (1067, 199.31313131313132), (1068, 199.31313131313132), (1069, 199.31313131313132), (1070, 199.31313131313132), (1071, 199.31313131313132), (1072, 199.31313131313132), (1073, 199.31313131313132), (1074, 199.31313131313132), (1075, 199.31313131313132), (1076, 199.31313131313132), (1077, 199.31313131313132), (1078, 199.31313131313132), (1079, 199.31313131313132), (1080, 199.31313131313132), (1081, 199.31313131313132), (1082, 199.31313131313132), (1083, 199.31313131313132), (1084, 199.31313131313132), (1085, 199.31313131313132), (1086, 199.31313131313132), (1087, 199.31313131313132), (1088, 199.31313131313132), (1089, 199.31313131313132), (1090, 199.31313131313132), (1091, 199.31313131313132), (1092, 199.31313131313132), (1093, 199.31313131313132), (1094, 199.31313131313132), (1095, 199.31313131313132), (1096, 199.31313131313132), (1097, 199.31313131313132), (1098, 199.31313131313132), (1099, 199.31313131313132), (1100, 199.31313131313132), (1101, 199.31313131313132), (1102, 199.31313131313132), (1103, 199.31313131313132), (1104, 199.31313131313132), (1105, 199.31313131313132), (1106, 199.31313131313132), (1107, 199.27272727272728), (1108, 199.27272727272728), (1109, 199.27272727272728), (1110, 199.27272727272728), (1111, 199.27272727272728), (1112, 199.27272727272728), (1113, 199.27272727272728), (1114, 199.27272727272728), (1115, 199.27272727272728), (1116, 199.27272727272728), (1117, 199.27272727272728), (1118, 199.27272727272728), (1119, 199.27272727272728), (1120, 199.27272727272728), (1121, 199.27272727272728), (1122, 199.27272727272728), (1123, 199.27272727272728), (1124, 199.27272727272728), (1125, 199.27272727272728), (1126, 199.27272727272728), (1127, 199.27272727272728), (1128, 199.27272727272728), (1129, 199.27272727272728), (1130, 199.27272727272728), (1131, 199.27272727272728), (1132, 199.27272727272728), (1133, 199.27272727272728), (1134, 199.27272727272728), (1135, 199.27272727272728), (1136, 199.27272727272728), (1137, 199.27272727272728), (1138, 199.27272727272728), (1139, 199.27272727272728), (1140, 199.27272727272728), (1141, 199.27272727272728), (1142, 199.27272727272728), (1143, 199.27272727272728), (1144, 199.27272727272728), (1145, 199.27272727272728), (1146, 199.27272727272728), (1147, 199.27272727272728), (1148, 199.27272727272728), (1149, 199.27272727272728), (1150, 199.27272727272728), (1151, 199.27272727272728), (1152, 199.27272727272728), (1153, 199.27272727272728), (1154, 199.27272727272728), (1155, 199.27272727272728), (1156, 199.27272727272728), (1157, 199.27272727272728), (1158, 199.5252525252525), (1159, 199.5252525252525), (1160, 199.5252525252525), (1161, 199.5252525252525), (1162, 199.5252525252525), (1163, 199.5252525252525), (1164, 199.5252525252525), (1165, 199.5252525252525), (1166, 199.95959595959596), (1167, 199.95959595959596), (1168, 199.95959595959596), (1169, 199.95959595959596), (1170, 199.95959595959596), (1171, 199.95959595959596), (1172, 199.95959595959596), (1173, 199.95959595959596), (1174, 199.95959595959596), (1175, 199.95959595959596), (1176, 199.95959595959596), (1177, 199.95959595959596), (1178, 199.95959595959596), (1179, 199.95959595959596), (1180, 199.95959595959596), (1181, 199.95959595959596), (1182, 199.95959595959596), (1183, 199.95959595959596), (1184, 199.95959595959596), (1185, 199.95959595959596), (1186, 199.95959595959596), (1187, 199.95959595959596), (1188, 199.95959595959596), (1189, 199.95959595959596), (1190, 199.95959595959596), (1191, 199.95959595959596), (1192, 199.95959595959596), (1193, 199.95959595959596), (1194, 199.95959595959596), (1195, 199.95959595959596), (1196, 199.95959595959596), (1197, 199.95959595959596), (1198, 199.95959595959596), (1199, 199.95959595959596), (1200, 199.95959595959596), (1201, 199.95959595959596), (1202, 199.95959595959596), (1203, 199.95959595959596), (1204, 199.95959595959596), (1205, 199.95959595959596), (1206, 200.0), (1207, 200.0), (1208, 200.0), (1209, 200.0), (1210, 200.0), (1211, 200.0), (1212, 200.0), (1213, 200.0), (1214, 200.0), (1215, 200.0), (1216, 200.0), (1217, 200.0), (1218, 200.0), (1219, 200.0), (1220, 200.0), (1221, 200.0), (1222, 200.0), (1223, 200.0), (1224, 200.0), (1225, 200.0), (1226, 200.0), (1227, 200.0), (1228, 200.0), (1229, 200.0), (1230, 200.0), (1231, 200.0), (1232, 200.0), (1233, 200.0), (1234, 200.0), (1235, 200.0), (1236, 200.0), (1237, 200.0), (1238, 200.0), (1239, 200.0), (1240, 200.0), (1241, 200.0), (1242, 200.0), (1243, 200.0), (1244, 200.0), (1245, 200.0), (1246, 200.0), (1247, 200.0), (1248, 200.0), (1249, 200.0), (1250, 200.0), (1251, 200.0), (1252, 200.0), (1253, 200.0), (1254, 200.0), (1255, 200.0), (1256, 200.0), (1257, 200.0), (1258, 200.0), (1259, 200.0), (1260, 200.0), (1261, 200.0), (1262, 200.0), (1263, 200.0), (1264, 200.0), (1265, 200.0), (1266, 200.0), (1267, 200.0), (1268, 200.0), (1269, 200.0), (1270, 200.0), (1271, 200.0), (1272, 200.0), (1273, 200.0), (1274, 200.0), (1275, 200.0), (1276, 200.0), (1277, 200.0), (1278, 200.0), (1279, 200.0), (1280, 200.0), (1281, 200.0), (1282, 200.0), (1283, 200.0), (1284, 200.0), (1285, 200.0), (1286, 200.0), (1287, 200.0), (1288, 200.0), (1289, 200.0), (1290, 200.0), (1291, 200.0), (1292, 200.0), (1293, 200.0), (1294, 200.0), (1295, 200.0), (1296, 200.0), (1297, 200.0), (1298, 200.0), (1299, 200.0), (1300, 200.0), (1301, 200.0), (1302, 200.0), (1303, 200.0), (1304, 200.0), (1305, 200.0), (1306, 200.0), (1307, 200.0), (1308, 200.0), (1309, 200.0), (1310, 200.0), (1311, 200.0), (1312, 200.0), (1313, 200.0), (1314, 200.0), (1315, 200.0), (1316, 200.0), (1317, 200.0), (1318, 200.0), (1319, 200.0), (1320, 200.0), (1321, 200.0), (1322, 200.0), (1323, 200.0), (1324, 200.0), (1325, 200.0), (1326, 200.0), (1327, 200.0), (1328, 200.0), (1329, 200.0), (1330, 200.0), (1331, 200.0), (1332, 200.0), (1333, 200.0), (1334, 200.0), (1335, 200.0), (1336, 200.0), (1337, 200.0), (1338, 200.0), (1339, 200.0), (1340, 200.0), (1341, 200.0), (1342, 200.0), (1343, 200.0), (1344, 200.0), (1345, 200.0), (1346, 200.0), (1347, 200.0), (1348, 200.0), (1349, 200.0), (1350, 200.0), (1351, 200.0), (1352, 200.0), (1353, 200.0), (1354, 200.0), (1355, 200.0), (1356, 200.0), (1357, 200.0), (1358, 200.0), (1359, 200.0), (1360, 200.0), (1361, 200.0), (1362, 200.0), (1363, 200.0), (1364, 200.0), (1365, 200.0), (1366, 200.0), (1367, 200.0), (1368, 200.0), (1369, 200.0), (1370, 200.0), (1371, 200.0), (1372, 200.0), (1373, 200.0), (1374, 200.0), (1375, 200.0), (1376, 200.0), (1377, 200.0), (1378, 200.0), (1379, 200.0), (1380, 200.0), (1381, 200.0), (1382, 200.0), (1383, 200.0), (1384, 200.0), (1385, 200.0), (1386, 200.0), (1387, 200.0), (1388, 200.0), (1389, 200.0), (1390, 200.0), (1391, 200.0), (1392, 200.0), (1393, 200.0), (1394, 200.0), (1395, 200.0), (1396, 200.0), (1397, 200.0), (1398, 200.0), (1399, 200.0), (1400, 200.0), (1401, 200.0), (1402, 200.0), (1403, 200.0), (1404, 200.0), (1405, 200.0), (1406, 200.0), (1407, 200.0), (1408, 200.0), (1409, 200.0), (1410, 200.0), (1411, 200.0), (1412, 200.0), (1413, 200.0), (1414, 200.0), (1415, 200.0), (1416, 200.0), (1417, 200.0), (1418, 200.0), (1419, 200.0), (1420, 200.0), (1421, 200.0), (1422, 200.0), (1423, 200.0), (1424, 200.0), (1425, 200.0), (1426, 200.0), (1427, 200.0), (1428, 200.0), (1429, 200.0), (1430, 200.0), (1431, 200.0), (1432, 200.0), (1433, 200.0), (1434, 200.0), (1435, 200.0), (1436, 200.0), (1437, 200.0), (1438, 200.0), (1439, 200.0), (1440, 200.0), (1441, 200.0), (1442, 200.0), (1443, 200.0), (1444, 200.0), (1445, 200.0), (1446, 200.0), (1447, 200.0), (1448, 200.0), (1449, 200.0), (1450, 200.0), (1451, 200.0), (1452, 200.0), (1453, 200.0), (1454, 200.0), (1455, 200.0), (1456, 200.0), (1457, 200.0), (1458, 200.0), (1459, 200.0), (1460, 200.0), (1461, 200.0), (1462, 200.0), (1463, 200.0), (1464, 200.0), (1465, 200.0), (1466, 200.0), (1467, 200.0), (1468, 200.0), (1469, 200.0), (1470, 200.0), (1471, 200.0), (1472, 200.0), (1473, 200.0), (1474, 200.0), (1475, 200.0), (1476, 200.0), (1477, 200.0), (1478, 200.0), (1479, 200.0), (1480, 200.0), (1481, 200.0), (1482, 200.0), (1483, 200.0), (1484, 200.0), (1485, 200.0), (1486, 200.0), (1487, 200.0), (1488, 200.0), (1489, 200.0), (1490, 200.0), (1491, 200.0), (1492, 200.0), (1493, 200.0), (1494, 200.0), (1495, 200.0), (1496, 200.0), (1497, 200.0), (1498, 200.0), (1499, 200.0), (1500, 200.0), (1501, 200.0), (1502, 200.0), (1503, 200.0), (1504, 200.0), (1505, 200.0), (1506, 200.0), (1507, 200.0), (1508, 200.0), (1509, 200.0), (1510, 200.0), (1511, 200.0), (1512, 200.0), (1513, 200.0), (1514, 200.0), (1515, 200.0), (1516, 200.0), (1517, 200.0), (1518, 200.0), (1519, 200.0), (1520, 200.0), (1521, 200.0), (1522, 200.0), (1523, 200.0), (1524, 200.0), (1525, 200.0), (1526, 200.0), (1527, 200.0), (1528, 200.0), (1529, 200.0), (1530, 200.0), (1531, 200.0), (1532, 200.0), (1533, 200.0), (1534, 200.0), (1535, 200.0), (1536, 200.0), (1537, 200.0), (1538, 200.0), (1539, 200.0), (1540, 200.0), (1541, 200.0), (1542, 200.0), (1543, 200.0), (1544, 200.0), (1545, 200.0), (1546, 200.0), (1547, 200.0), (1548, 200.0), (1549, 200.0), (1550, 200.0), (1551, 200.0), (1552, 200.0), (1553, 200.0), (1554, 200.0), (1555, 200.0), (1556, 200.0), (1557, 200.0), (1558, 200.0), (1559, 200.0), (1560, 200.0), (1561, 200.0), (1562, 200.0), (1563, 200.0), (1564, 200.0), (1565, 200.0), (1566, 200.0), (1567, 200.0), (1568, 200.0), (1569, 200.0), (1570, 200.0), (1571, 200.0), (1572, 200.0), (1573, 200.0), (1574, 200.0), (1575, 200.0), (1576, 200.0), (1577, 200.0), (1578, 200.0), (1579, 200.0), (1580, 200.0)]
