<class 'gym.envs.classic_control.cartpole.CartPoleEnv'>
Iteration 0 avg reward 200.000000
Iteration 100 avg reward 79.555556
Iteration 200 avg reward 120.454545
Iteration 300 avg reward 176.717172
Iteration 400 avg reward 170.151515
Iteration 500 avg reward 191.000000
Iteration 600 avg reward 189.838384
Iteration 700 avg reward 141.444444
Iteration 800 avg reward 167.424242
Iteration 900 avg reward 177.757576
[(0, 200.0), (1, 129.0), (2, 101.33333333333333), (3, 99.75), (4, 90.0), (5, 85.0), (6, 95.85714285714286), (7, 90.5), (8, 85.77777777777777), (9, 93.3), (10, 95.54545454545455), (11, 93.33333333333333), (12, 92.46153846153847), (13, 97.85714285714286), (14, 95.06666666666666), (15, 93.1875), (16, 89.47058823529412), (17, 89.11111111111111), (18, 90.21052631578948), (19, 86.3), (20, 84.28571428571429), (21, 84.22727272727273), (22, 88.78260869565217), (23, 87.41666666666667), (24, 84.6), (25, 82.88461538461539), (26, 81.18518518518519), (27, 79.39285714285714), (28, 81.75862068965517), (29, 80.83333333333333), (30, 81.51612903225806), (31, 81.3125), (32, 80.60606060606061), (33, 81.3529411764706), (34, 80.42857142857143), (35, 80.27777777777777), (36, 78.83783783783784), (37, 80.10526315789474), (38, 80.07692307692308), (39, 78.725), (40, 77.92682926829268), (41, 78.4047619047619), (42, 77.25581395348837), (43, 76.31818181818181), (44, 76.35555555555555), (45, 76.28260869565217), (46, 75.29787234042553), (47, 74.77083333333333), (48, 74.12244897959184), (49, 74.52), (50, 74.80392156862744), (51, 75.46153846153847), (52, 75.33962264150944), (53, 75.31481481481481), (54, 76.05454545454545), (55, 75.26785714285714), (56, 75.0701754385965), (57, 75.56896551724138), (58, 77.67796610169492), (59, 77.0), (60, 76.80327868852459), (61, 76.43548387096774), (62, 76.63492063492063), (63, 76.328125), (64, 76.13846153846154), (65, 77.39393939393939), (66, 78.58208955223881), (67, 79.17647058823529), (68, 79.21739130434783), (69, 78.82857142857142), (70, 78.08450704225352), (71, 77.29166666666667), (72, 77.3013698630137), (73, 77.44594594594595), (74, 78.90666666666667), (75, 79.35526315789474), (76, 79.24675324675324), (77, 80.61538461538461), (78, 80.17721518987342), (79, 79.65), (80, 79.54320987654322), (81, 79.51219512195122), (82, 79.21686746987952), (83, 78.80952380952381), (84, 78.48235294117647), (85, 77.87209302325581), (86, 79.27586206896552), (87, 79.11363636363636), (88, 78.49438202247191), (89, 78.96666666666667), (90, 79.01098901098901), (91, 78.56521739130434), (92, 79.54838709677419), (93, 79.91489361702128), (94, 79.76842105263158), (95, 79.45833333333333), (96, 79.04123711340206), (97, 79.79591836734694), (98, 79.76767676767676), (99, 79.35353535353535), (100, 79.55555555555556), (101, 79.62626262626263), (102, 79.66666666666667), (103, 80.12121212121212), (104, 80.32323232323232), (105, 79.58585858585859), (106, 79.88888888888889), (107, 80.63636363636364), (108, 79.41414141414141), (109, 79.60606060606061), (110, 80.68686868686869), (111, 81.14141414141415), (112, 80.03030303030303), (113, 80.07070707070707), (114, 80.96969696969697), (115, 82.12121212121212), (116, 82.13131313131314), (117, 81.82828282828282), (118, 82.87878787878788), (119, 83.68686868686869), (120, 83.65656565656566), (121, 82.61616161616162), (122, 82.88888888888889), (123, 83.03030303030303), (124, 82.83838383838383), (125, 84.48484848484848), (126, 85.36363636363636), (127, 84.31313131313131), (128, 85.78787878787878), (129, 84.95959595959596), (130, 84.55555555555556), (131, 85.18181818181819), (132, 85.63636363636364), (133, 86.29292929292929), (134, 87.55555555555556), (135, 88.55555555555556), (136, 88.70707070707071), (137, 88.55555555555556), (138, 89.22222222222223), (139, 90.4040404040404), (140, 90.73737373737374), (141, 90.97979797979798), (142, 91.68686868686869), (143, 92.06060606060606), (144, 92.08080808080808), (145, 92.66666666666667), (146, 93.67676767676768), (147, 94.02020202020202), (148, 93.85858585858585), (149, 93.62626262626263), (150, 94.54545454545455), (151, 94.86868686868686), (152, 95.70707070707071), (153, 95.16161616161617), (154, 95.66666666666667), (155, 95.57575757575758), (156, 95.74747474747475), (157, 95.39393939393939), (158, 95.73737373737374), (159, 95.42424242424242), (160, 96.03030303030303), (161, 96.31313131313131), (162, 96.71717171717172), (163, 97.72727272727273), (164, 97.1010101010101), (165, 96.85858585858585), (166, 97.17171717171718), (167, 97.47474747474747), (168, 98.27272727272727), (169, 99.47474747474747), (170, 100.77777777777777), (171, 101.33333333333333), (172, 101.82828282828282), (173, 101.36363636363636), (174, 102.24242424242425), (175, 102.64646464646465), (176, 101.52525252525253), (177, 101.8080808080808), (178, 102.56565656565657), (179, 103.32323232323232), (180, 104.56565656565657), (181, 106.03030303030303), (182, 107.17171717171718), (183, 107.57575757575758), (184, 108.54545454545455), (185, 108.52525252525253), (186, 109.27272727272727), (187, 110.0909090909091), (188, 109.78787878787878), (189, 110.8989898989899), (190, 112.53535353535354), (191, 112.28282828282828), (192, 112.22222222222223), (193, 113.57575757575758), (194, 115.04040404040404), (195, 116.52525252525253), (196, 117.0), (197, 118.24242424242425), (198, 117.95959595959596), (199, 118.96969696969697), (200, 120.45454545454545), (201, 121.47474747474747), (202, 121.07070707070707), (203, 121.47474747474747), (204, 122.01010101010101), (205, 122.34343434343434), (206, 122.1919191919192), (207, 123.8080808080808), (208, 123.65656565656566), (209, 123.8989898989899), (210, 124.63636363636364), (211, 126.07070707070707), (212, 127.27272727272727), (213, 127.73737373737374), (214, 127.78787878787878), (215, 128.85858585858585), (216, 130.07070707070707), (217, 130.91919191919192), (218, 131.25252525252526), (219, 131.87878787878788), (220, 131.6969696969697), (221, 132.87878787878788), (222, 134.58585858585857), (223, 135.6060606060606), (224, 135.0909090909091), (225, 135.91919191919192), (226, 136.57575757575756), (227, 135.87878787878788), (228, 137.4848484848485), (229, 138.73737373737373), (230, 139.12121212121212), (231, 138.41414141414143), (232, 139.2828282828283), (233, 139.12121212121212), (234, 139.86868686868686), (235, 140.45454545454547), (236, 141.78787878787878), (237, 142.11111111111111), (238, 142.4848484848485), (239, 143.07070707070707), (240, 144.55555555555554), (241, 145.5050505050505), (242, 146.26262626262627), (243, 147.17171717171718), (244, 148.3030303030303), (245, 148.8080808080808), (246, 150.05050505050505), (247, 151.04040404040404), (248, 152.3939393939394), (249, 151.53535353535352), (250, 151.92929292929293), (251, 152.36363636363637), (252, 153.75757575757575), (253, 154.5151515151515), (254, 155.2929292929293), (255, 156.0909090909091), (256, 156.44444444444446), (257, 157.74747474747474), (258, 158.91919191919192), (259, 159.78787878787878), (260, 160.62626262626262), (261, 161.66666666666666), (262, 162.03030303030303), (263, 163.07070707070707), (264, 163.74747474747474), (265, 164.25252525252526), (266, 165.14141414141415), (267, 165.83838383838383), (268, 165.83838383838383), (269, 165.94949494949495), (270, 166.62626262626262), (271, 167.26262626262627), (272, 167.85858585858585), (273, 167.85858585858585), (274, 168.75757575757575), (275, 169.3939393939394), (276, 170.66666666666666), (277, 171.54545454545453), (278, 171.62626262626262), (279, 171.62626262626262), (280, 171.62626262626262), (281, 172.05050505050505), (282, 173.05050505050505), (283, 173.82828282828282), (284, 173.3939393939394), (285, 172.58585858585857), (286, 173.54545454545453), (287, 174.43434343434345), (288, 174.41414141414143), (289, 174.12121212121212), (290, 174.67676767676767), (291, 175.6060606060606), (292, 175.6060606060606), (293, 175.65656565656565), (294, 175.7979797979798), (295, 175.7979797979798), (296, 175.7979797979798), (297, 176.4949494949495), (298, 176.7171717171717), (299, 176.7171717171717), (300, 176.7171717171717), (301, 177.5151515151515), (302, 178.32323232323233), (303, 178.91919191919192), (304, 179.76767676767676), (305, 179.4747474747475), (306, 179.4747474747475), (307, 180.26262626262627), (308, 180.26262626262627), (309, 180.26262626262627), (310, 180.26262626262627), (311, 180.4747474747475), (312, 179.91919191919192), (313, 180.43434343434345), (314, 180.53535353535352), (315, 180.1919191919192), (316, 180.1919191919192), (317, 180.62626262626262), (318, 181.21212121212122), (319, 182.04040404040404), (320, 181.63636363636363), (321, 181.63636363636363), (322, 182.34343434343435), (323, 182.85858585858585), (324, 182.85858585858585), (325, 183.77777777777777), (326, 184.26262626262627), (327, 184.44444444444446), (328, 184.83838383838383), (329, 185.26262626262627), (330, 186.24242424242425), (331, 185.96969696969697), (332, 184.78787878787878), (333, 184.45454545454547), (334, 184.04040404040404), (335, 184.08080808080808), (336, 184.13131313131314), (337, 184.13131313131314), (338, 183.2929292929293), (339, 182.58585858585857), (340, 182.58585858585857), (341, 182.45454545454547), (342, 182.8080808080808), (343, 182.8080808080808), (344, 182.40404040404042), (345, 181.56565656565655), (346, 181.05050505050505), (347, 180.53535353535352), (348, 181.3939393939394), (349, 182.0), (350, 182.0), (351, 181.74747474747474), (352, 181.83838383838383), (353, 182.5252525252525), (354, 182.16161616161617), (355, 181.4949494949495), (356, 181.4949494949495), (357, 181.21212121212122), (358, 180.72727272727272), (359, 180.72727272727272), (360, 180.72727272727272), (361, 180.72727272727272), (362, 180.6969696969697), (363, 179.92929292929293), (364, 179.04040404040404), (365, 178.3030303030303), (366, 177.85858585858585), (367, 178.41414141414143), (368, 178.8080808080808), (369, 177.66666666666666), (370, 177.27272727272728), (371, 176.25252525252526), (372, 175.31313131313132), (373, 173.88888888888889), (374, 173.6060606060606), (375, 173.0), (376, 172.24242424242425), (377, 171.88888888888889), (378, 171.27272727272728), (379, 171.0), (380, 170.2828282828283), (381, 170.3838383838384), (382, 170.07070707070707), (383, 170.5252525252525), (384, 171.86868686868686), (385, 171.86868686868686), (386, 171.57575757575756), (387, 171.66666666666666), (388, 171.64646464646464), (389, 171.26262626262627), (390, 170.8181818181818), (391, 170.5151515151515), (392, 170.05050505050505), (393, 170.05050505050505), (394, 170.05050505050505), (395, 170.05050505050505), (396, 170.05050505050505), (397, 170.05050505050505), (398, 170.02020202020202), (399, 170.02020202020202), (400, 170.15151515151516), (401, 170.15151515151516), (402, 169.84848484848484), (403, 169.72727272727272), (404, 170.32323232323233), (405, 169.25252525252526), (406, 169.25252525252526), (407, 169.25252525252526), (408, 169.25252525252526), (409, 168.58585858585857), (410, 168.14141414141415), (411, 167.94949494949495), (412, 167.94949494949495), (413, 167.5151515151515), (414, 167.64646464646464), (415, 167.64646464646464), (416, 167.33333333333334), (417, 166.74747474747474), (418, 167.25252525252526), (419, 167.16161616161617), (420, 166.67676767676767), (421, 166.11111111111111), (422, 166.11111111111111), (423, 165.88888888888889), (424, 165.88888888888889), (425, 165.93939393939394), (426, 165.96969696969697), (427, 165.75757575757575), (428, 165.75757575757575), (429, 165.9090909090909), (430, 166.1818181818182), (431, 167.5252525252525), (432, 167.54545454545453), (433, 167.95959595959596), (434, 167.95959595959596), (435, 168.67676767676767), (436, 168.67676767676767), (437, 169.62626262626262), (438, 170.33333333333334), (439, 170.33333333333334), (440, 170.56565656565655), (441, 170.56565656565655), (442, 170.56565656565655), (443, 170.13131313131314), (444, 170.96969696969697), (445, 171.72727272727272), (446, 172.24242424242425), (447, 172.24242424242425), (448, 172.24242424242425), (449, 172.24242424242425), (450, 172.4949494949495), (451, 172.83838383838383), (452, 172.83838383838383), (453, 173.2020202020202), (454, 173.86868686868686), (455, 173.86868686868686), (456, 174.65656565656565), (457, 175.14141414141415), (458, 175.14141414141415), (459, 175.14141414141415), (460, 175.14141414141415), (461, 175.17171717171718), (462, 175.93939393939394), (463, 176.82828282828282), (464, 177.56565656565655), (465, 178.010101010101), (466, 178.010101010101), (467, 178.010101010101), (468, 179.15151515151516), (469, 179.54545454545453), (470, 180.56565656565655), (471, 181.5050505050505), (472, 182.92929292929293), (473, 183.83838383838383), (474, 184.44444444444446), (475, 185.2020202020202), (476, 186.02020202020202), (477, 186.63636363636363), (478, 186.9090909090909), (479, 187.62626262626262), (480, 187.62626262626262), (481, 187.94949494949495), (482, 187.94949494949495), (483, 188.03030303030303), (484, 188.03030303030303), (485, 188.53535353535352), (486, 188.53535353535352), (487, 188.84848484848484), (488, 189.23232323232324), (489, 189.67676767676767), (490, 189.97979797979798), (491, 190.44444444444446), (492, 190.44444444444446), (493, 190.44444444444446), (494, 190.44444444444446), (495, 190.44444444444446), (496, 190.44444444444446), (497, 190.4747474747475), (498, 190.4747474747475), (499, 191.0), (500, 191.0), (501, 191.3030303030303), (502, 191.42424242424244), (503, 192.06060606060606), (504, 193.13131313131314), (505, 192.53535353535352), (506, 192.25252525252526), (507, 192.25252525252526), (508, 192.91919191919192), (509, 193.36363636363637), (510, 194.11111111111111), (511, 194.02020202020202), (512, 194.3838383838384), (513, 194.59595959595958), (514, 194.59595959595958), (515, 194.9090909090909), (516, 195.4949494949495), (517, 195.4949494949495), (518, 195.989898989899), (519, 196.4747474747475), (520, 197.02020202020202), (521, 197.02020202020202), (522, 197.24242424242425), (523, 197.24242424242425), (524, 197.40404040404042), (525, 196.83838383838383), (526, 197.07070707070707), (527, 197.07070707070707), (528, 197.14141414141415), (529, 197.14141414141415), (530, 197.0), (531, 197.31313131313132), (532, 196.72727272727272), (533, 196.72727272727272), (534, 196.03030303030303), (535, 195.33333333333334), (536, 195.33333333333334), (537, 195.2828282828283), (538, 194.76767676767676), (539, 194.76767676767676), (540, 194.76767676767676), (541, 194.76767676767676), (542, 195.6060606060606), (543, 195.53535353535352), (544, 195.53535353535352), (545, 195.53535353535352), (546, 194.92929292929293), (547, 194.92929292929293), (548, 194.92929292929293), (549, 194.75757575757575), (550, 194.75757575757575), (551, 194.75757575757575), (552, 194.6969696969697), (553, 194.6969696969697), (554, 194.66666666666666), (555, 194.66666666666666), (556, 194.58585858585857), (557, 194.58585858585857), (558, 194.58585858585857), (559, 194.58585858585857), (560, 194.58585858585857), (561, 194.58585858585857), (562, 194.53535353535352), (563, 194.53535353535352), (564, 194.53535353535352), (565, 194.53535353535352), (566, 194.53535353535352), (567, 194.53535353535352), (568, 194.53535353535352), (569, 194.53535353535352), (570, 194.53535353535352), (571, 194.53535353535352), (572, 194.33333333333334), (573, 194.33333333333334), (574, 194.33333333333334), (575, 194.33333333333334), (576, 194.33333333333334), (577, 194.33333333333334), (578, 194.33333333333334), (579, 194.33333333333334), (580, 193.82828282828282), (581, 193.1919191919192), (582, 193.02020202020202), (583, 192.4848484848485), (584, 192.1919191919192), (585, 191.9090909090909), (586, 191.9090909090909), (587, 191.9090909090909), (588, 191.84848484848484), (589, 191.67676767676767), (590, 191.67676767676767), (591, 190.78787878787878), (592, 190.78787878787878), (593, 190.4747474747475), (594, 190.4747474747475), (595, 190.2929292929293), (596, 190.2929292929293), (597, 189.91919191919192), (598, 189.83838383838383), (599, 189.83838383838383), (600, 189.83838383838383), (601, 189.7171717171717), (602, 189.24242424242425), (603, 189.24242424242425), (604, 189.53535353535352), (605, 189.25252525252526), (606, 188.93939393939394), (607, 188.06060606060606), (608, 188.06060606060606), (609, 187.2929292929293), (610, 186.08080808080808), (611, 185.53535353535352), (612, 184.4747474747475), (613, 183.92929292929293), (614, 183.17171717171718), (615, 182.67676767676767), (616, 182.1818181818182), (617, 181.62626262626262), (618, 180.54545454545453), (619, 179.6161616161616), (620, 179.010101010101), (621, 178.45454545454547), (622, 177.77777777777777), (623, 176.66666666666666), (624, 177.22222222222223), (625, 176.34343434343435), (626, 175.54545454545453), (627, 174.6161616161616), (628, 174.03030303030303), (629, 173.3838383838384), (630, 172.6161616161616), (631, 172.24242424242425), (632, 171.55555555555554), (633, 171.85858585858585), (634, 171.6060606060606), (635, 170.73737373737373), (636, 169.7979797979798), (637, 169.32323232323233), (638, 169.32323232323233), (639, 168.8080808080808), (640, 167.68686868686868), (641, 167.68686868686868), (642, 166.7070707070707), (643, 166.65656565656565), (644, 165.96969696969697), (645, 165.97979797979798), (646, 165.74747474747474), (647, 165.74747474747474), (648, 165.17171717171718), (649, 164.68686868686868), (650, 163.94949494949495), (651, 163.35353535353536), (652, 163.05050505050505), (653, 162.31313131313132), (654, 161.68686868686868), (655, 160.94949494949495), (656, 159.93939393939394), (657, 159.31313131313132), (658, 159.23232323232324), (659, 159.21212121212122), (660, 158.66666666666666), (661, 157.45454545454547), (662, 157.45454545454547), (663, 156.8080808080808), (664, 155.9090909090909), (665, 155.5151515151515), (666, 155.5151515151515), (667, 154.6060606060606), (668, 153.7171717171717), (669, 153.03030303030303), (670, 152.66666666666666), (671, 152.35353535353536), (672, 151.6161616161616), (673, 151.6161616161616), (674, 150.53535353535352), (675, 150.1919191919192), (676, 149.7979797979798), (677, 149.02020202020202), (678, 147.68686868686868), (679, 147.4949494949495), (680, 147.21212121212122), (681, 147.3838383838384), (682, 146.9090909090909), (683, 146.78787878787878), (684, 146.82828282828282), (685, 146.67676767676767), (686, 145.73737373737373), (687, 145.0), (688, 145.17171717171718), (689, 144.54545454545453), (690, 144.74747474747474), (691, 144.5050505050505), (692, 144.2020202020202), (693, 143.32323232323233), (694, 142.4747474747475), (695, 142.1010101010101), (696, 142.4747474747475), (697, 142.55555555555554), (698, 142.31313131313132), (699, 141.9090909090909), (700, 141.44444444444446), (701, 141.40404040404042), (702, 140.25252525252526), (703, 139.66666666666666), (704, 139.989898989899), (705, 139.57575757575756), (706, 139.84848484848484), (707, 139.84848484848484), (708, 139.96969696969697), (709, 141.27272727272728), (710, 141.56565656565655), (711, 142.23232323232324), (712, 142.40404040404042), (713, 142.40404040404042), (714, 141.96969696969697), (715, 141.65656565656565), (716, 141.66666666666666), (717, 142.07070707070707), (718, 142.6969696969697), (719, 142.97979797979798), (720, 142.97979797979798), (721, 143.65656565656565), (722, 143.2828282828283), (723, 142.93939393939394), (724, 143.44444444444446), (725, 143.97979797979798), (726, 144.3838383838384), (727, 144.3939393939394), (728, 144.7171717171717), (729, 145.1818181818182), (730, 145.54545454545453), (731, 146.23232323232324), (732, 146.62626262626262), (733, 146.8080808080808), (734, 147.5252525252525), (735, 147.32323232323233), (736, 148.26262626262627), (737, 147.78787878787878), (738, 147.94949494949495), (739, 149.07070707070707), (740, 149.07070707070707), (741, 149.77777777777777), (742, 149.82828282828282), (743, 150.05050505050505), (744, 150.64646464646464), (745, 150.3838383838384), (746, 150.3838383838384), (747, 150.36363636363637), (748, 150.84848484848484), (749, 151.010101010101), (750, 151.6161616161616), (751, 151.88888888888889), (752, 152.4747474747475), (753, 152.93939393939394), (754, 153.75757575757575), (755, 154.76767676767676), (756, 155.36363636363637), (757, 154.76767676767676), (758, 154.78787878787878), (759, 155.33333333333334), (760, 156.2020202020202), (761, 156.07070707070707), (762, 156.12121212121212), (763, 156.9090909090909), (764, 156.8080808080808), (765, 156.04040404040404), (766, 156.67676767676767), (767, 157.46464646464648), (768, 157.989898989899), (769, 158.35353535353536), (770, 158.15151515151516), (771, 158.6161616161616), (772, 158.58585858585857), (773, 159.17171717171718), (774, 159.0909090909091), (775, 158.73737373737373), (776, 159.16161616161617), (777, 160.4949494949495), (778, 160.77777777777777), (779, 161.56565656565655), (780, 161.45454545454547), (781, 162.42424242424244), (782, 162.74747474747474), (783, 162.83838383838383), (784, 162.67676767676767), (785, 163.6161616161616), (786, 164.41414141414143), (787, 164.41414141414143), (788, 165.04040404040404), (789, 165.07070707070707), (790, 165.13131313131314), (791, 165.2828282828283), (792, 165.65656565656565), (793, 166.68686868686868), (794, 166.67676767676767), (795, 166.64646464646464), (796, 166.4949494949495), (797, 166.42424242424244), (798, 166.37373737373738), (799, 166.9090909090909), (800, 167.42424242424244), (801, 168.53535353535352), (802, 169.42424242424244), (803, 169.66666666666666), (804, 170.02020202020202), (805, 170.62626262626262), (806, 170.62626262626262), (807, 171.27272727272728), (808, 170.8989898989899), (809, 171.22222222222223), (810, 171.07070707070707), (811, 171.2020202020202), (812, 171.95959595959596), (813, 172.88888888888889), (814, 173.6969696969697), (815, 174.24242424242425), (816, 174.91919191919192), (817, 175.08080808080808), (818, 174.989898989899), (819, 175.11111111111111), (820, 174.78787878787878), (821, 176.27272727272728), (822, 176.62626262626262), (823, 177.0), (824, 177.26262626262627), (825, 177.78787878787878), (826, 178.36363636363637), (827, 178.82828282828282), (828, 178.55555555555554), (829, 179.15151515151516), (830, 178.96969696969697), (831, 178.96969696969697), (832, 179.73737373737373), (833, 179.88888888888889), (834, 181.04040404040404), (835, 180.95959595959596), (836, 181.43434343434345), (837, 181.78787878787878), (838, 181.56565656565655), (839, 181.56565656565655), (840, 181.9090909090909), (841, 181.9090909090909), (842, 182.37373737373738), (843, 182.37373737373738), (844, 182.2828282828283), (845, 181.75757575757575), (846, 182.5252525252525), (847, 181.8080808080808), (848, 182.3838383838384), (849, 182.43434343434345), (850, 182.46464646464648), (851, 182.64646464646464), (852, 182.8080808080808), (853, 182.46464646464648), (854, 182.46464646464648), (855, 182.010101010101), (856, 182.4747474747475), (857, 182.4747474747475), (858, 181.8181818181818), (859, 181.54545454545453), (860, 180.7171717171717), (861, 180.56565656565655), (862, 180.36363636363637), (863, 180.7070707070707), (864, 180.83838383838383), (865, 180.44444444444446), (866, 180.54545454545453), (867, 180.2020202020202), (868, 179.74747474747474), (869, 179.86868686868686), (870, 180.14141414141415), (871, 180.17171717171718), (872, 180.66666666666666), (873, 181.0909090909091), (874, 181.83838383838383), (875, 181.72727272727272), (876, 181.45454545454547), (877, 181.86868686868686), (878, 182.0), (879, 182.11111111111111), (880, 181.83838383838383), (881, 181.7070707070707), (882, 181.85858585858585), (883, 181.3030303030303), (884, 180.87878787878788), (885, 180.31313131313132), (886, 180.31313131313132), (887, 179.68686868686868), (888, 179.93939393939394), (889, 180.12121212121212), (890, 180.58585858585857), (891, 180.6060606060606), (892, 180.05050505050505), (893, 179.96969696969697), (894, 180.0), (895, 179.35353535353536), (896, 179.66666666666666), (897, 179.67676767676767), (898, 179.17171717171718), (899, 178.74747474747474), (900, 177.75757575757575), (901, 177.4949494949495), (902, 177.2020202020202), (903, 176.74747474747474), (904, 176.2020202020202), (905, 175.46464646464648), (906, 174.86868686868686), (907, 174.5050505050505), (908, 173.77777777777777), (909, 173.989898989899), (910, 173.42424242424244), (911, 172.65656565656565), (912, 172.65656565656565), (913, 171.77777777777777), (914, 171.77777777777777), (915, 171.77777777777777), (916, 171.31313131313132), (917, 171.72727272727272), (918, 172.16161616161617), (919, 171.64646464646464), (920, 171.32323232323233), (921, 170.85858585858585), (922, 170.43434343434345), (923, 170.43434343434345), (924, 170.43434343434345), (925, 170.12121212121212), (926, 169.67676767676767), (927, 170.02020202020202), (928, 170.02020202020202), (929, 169.5050505050505), (930, 169.22222222222223), (931, 169.22222222222223), (932, 168.72727272727272), (933, 168.0909090909091), (934, 167.75757575757575), (935, 167.75757575757575), (936, 167.6161616161616), (937, 167.3939393939394), (938, 167.1010101010101), (939, 167.1010101010101), (940, 167.1010101010101), (941, 167.1010101010101), (942, 166.66666666666666), (943, 166.77777777777777), (944, 167.3030303030303), (945, 167.14141414141415), (946, 167.8181818181818), (947, 167.57575757575756), (948, 167.56565656565655), (949, 167.56565656565655), (950, 167.56565656565655), (951, 167.56565656565655), (952, 167.9090909090909), (953, 167.9090909090909), (954, 168.3939393939394), (955, 168.6060606060606), (956, 168.6060606060606), (957, 169.26262626262627), (958, 169.54545454545453), (959, 169.9090909090909), (960, 170.65656565656565), (961, 170.96969696969697), (962, 170.46464646464648), (963, 171.1010101010101), (964, 171.76767676767676), (965, 171.2828282828283), (966, 171.78787878787878), (967, 172.21212121212122), (968, 172.8080808080808), (969, 172.5252525252525), (970, 171.7070707070707), (971, 171.7070707070707), (972, 170.989898989899), (973, 170.59595959595958), (974, 170.4747474747475), (975, 170.4848484848485), (976, 170.1818181818182), (977, 169.74747474747474), (978, 169.74747474747474), (979, 169.37373737373738), (980, 169.59595959595958), (981, 169.59595959595958), (982, 170.21212121212122), (983, 170.55555555555554), (984, 170.9090909090909), (985, 170.9090909090909), (986, 171.53535353535352), (987, 171.42424242424244), (988, 170.8080808080808), (989, 170.43434343434345), (990, 170.67676767676767), (991, 170.73737373737373), (992, 171.2020202020202), (993, 170.989898989899), (994, 171.1818181818182), (995, 171.1818181818182), (996, 171.62626262626262), (997, 171.84848484848484), (998, 172.27272727272728), (999, 172.54545454545453)]
