Iteration 0 avg reward 13.000000
Iteration 100 avg reward 24.767677
Iteration 200 avg reward 36.292929
Iteration 300 avg reward 50.050505
Iteration 400 avg reward 57.272727
Iteration 500 avg reward 59.858586
Iteration 600 avg reward 72.909091
Iteration 700 avg reward 113.636364
Iteration 800 avg reward 162.929293
Iteration 900 avg reward 180.656566
Iteration 1000 avg reward 173.979798
Iteration 1100 avg reward 190.474747
[(0, 13.0), (1, 20.0), (2, 19.0), (3, 16.5), (4, 15.8), (5, 15.5), (6, 15.714285714285714), (7, 15.625), (8, 15.11111111111111), (9, 14.8), (10, 14.545454545454545), (11, 14.333333333333334), (12, 14.692307692307692), (13, 14.5), (14, 15.533333333333333), (15, 15.25), (16, 15.294117647058824), (17, 15.055555555555555), (18, 14.789473684210526), (19, 14.65), (20, 14.428571428571429), (21, 15.272727272727273), (22, 15.217391304347826), (23, 15.208333333333334), (24, 15.2), (25, 15.461538461538462), (26, 16.296296296296298), (27, 16.678571428571427), (28, 16.79310344827586), (29, 16.5), (30, 16.451612903225808), (31, 16.1875), (32, 17.060606060606062), (33, 17.058823529411764), (34, 16.914285714285715), (35, 16.75), (36, 16.7027027027027), (37, 16.57894736842105), (38, 16.384615384615383), (39, 16.3), (40, 18.097560975609756), (41, 17.976190476190474), (42, 18.023255813953487), (43, 17.818181818181817), (44, 17.755555555555556), (45, 18.23913043478261), (46, 18.29787234042553), (47, 18.145833333333332), (48, 18.0), (49, 18.04), (50, 17.862745098039216), (51, 18.23076923076923), (52, 18.264150943396228), (53, 18.685185185185187), (54, 18.654545454545456), (55, 18.553571428571427), (56, 18.736842105263158), (57, 18.637931034482758), (58, 18.64406779661017), (59, 19.016666666666666), (60, 19.016393442622952), (61, 19.887096774193548), (62, 20.015873015873016), (63, 19.890625), (64, 20.323076923076922), (65, 20.681818181818183), (66, 20.80597014925373), (67, 21.029411764705884), (68, 21.17391304347826), (69, 21.114285714285714), (70, 21.549295774647888), (71, 21.666666666666668), (72, 21.73972602739726), (73, 21.83783783783784), (74, 22.08), (75, 21.986842105263158), (76, 22.116883116883116), (77, 22.05128205128205), (78, 22.227848101265824), (79, 22.6375), (80, 22.962962962962962), (81, 22.98780487804878), (82, 22.91566265060241), (83, 22.976190476190474), (84, 23.141176470588235), (85, 23.197674418604652), (86, 23.379310344827587), (87, 23.568181818181817), (88, 23.60674157303371), (89, 23.81111111111111), (90, 24.076923076923077), (91, 24.108695652173914), (92, 24.129032258064516), (93, 24.180851063829788), (94, 24.221052631578946), (95, 24.354166666666668), (96, 24.422680412371133), (97, 24.387755102040817), (98, 24.575757575757574), (99, 24.727272727272727), (100, 24.767676767676768), (101, 25.32323232323232), (102, 25.525252525252526), (103, 26.01010101010101), (104, 26.1010101010101), (105, 26.474747474747474), (106, 26.78787878787879), (107, 26.86868686868687), (108, 27.02020202020202), (109, 27.161616161616163), (110, 27.232323232323232), (111, 27.252525252525253), (112, 27.585858585858585), (113, 27.595959595959595), (114, 28.04040404040404), (115, 28.343434343434343), (116, 28.474747474747474), (117, 28.707070707070706), (118, 29.262626262626263), (119, 29.707070707070706), (120, 29.98989898989899), (121, 30.060606060606062), (122, 30.333333333333332), (123, 30.525252525252526), (124, 30.595959595959595), (125, 30.525252525252526), (126, 30.515151515151516), (127, 30.535353535353536), (128, 31.1010101010101), (129, 31.21212121212121), (130, 31.515151515151516), (131, 31.292929292929294), (132, 31.404040404040405), (133, 31.92929292929293), (134, 32.38383838383838), (135, 32.54545454545455), (136, 32.878787878787875), (137, 33.111111111111114), (138, 33.36363636363637), (139, 32.75757575757576), (140, 32.888888888888886), (141, 33.07070707070707), (142, 33.323232323232325), (143, 33.7979797979798), (144, 33.64646464646464), (145, 33.61616161616162), (146, 33.676767676767675), (147, 33.878787878787875), (148, 34.02020202020202), (149, 34.292929292929294), (150, 34.27272727272727), (151, 34.292929292929294), (152, 34.2020202020202), (153, 34.37373737373738), (154, 34.64646464646464), (155, 34.656565656565654), (156, 35.03030303030303), (157, 35.23232323232323), (158, 35.43434343434343), (159, 35.42424242424242), (160, 35.111111111111114), (161, 35.121212121212125), (162, 35.17171717171717), (163, 35.26262626262626), (164, 35.17171717171717), (165, 35.333333333333336), (166, 36.0), (167, 36.292929292929294), (168, 36.35353535353536), (169, 36.343434343434346), (170, 36.17171717171717), (171, 36.292929292929294), (172, 36.18181818181818), (173, 35.95959595959596), (174, 36.02020202020202), (175, 36.05050505050505), (176, 36.62626262626262), (177, 36.43434343434343), (178, 36.04040404040404), (179, 35.878787878787875), (180, 36.13131313131313), (181, 36.111111111111114), (182, 36.23232323232323), (183, 36.101010101010104), (184, 36.484848484848484), (185, 36.22222222222222), (186, 36.24242424242424), (187, 36.64646464646464), (188, 36.686868686868685), (189, 36.42424242424242), (190, 36.61616161616162), (191, 36.535353535353536), (192, 36.60606060606061), (193, 36.707070707070706), (194, 36.95959595959596), (195, 36.91919191919192), (196, 36.83838383838384), (197, 36.64646464646464), (198, 36.73737373737374), (199, 36.85858585858586), (200, 36.292929292929294), (201, 36.282828282828284), (202, 35.97979797979798), (203, 36.17171717171717), (204, 36.04040404040404), (205, 35.90909090909091), (206, 36.23232323232323), (207, 37.0), (208, 37.02020202020202), (209, 37.474747474747474), (210, 37.91919191919192), (211, 37.93939393939394), (212, 38.13131313131313), (213, 38.101010101010104), (214, 38.76767676767677), (215, 38.74747474747475), (216, 38.77777777777778), (217, 38.4040404040404), (218, 38.21212121212121), (219, 38.04040404040404), (220, 38.36363636363637), (221, 38.343434343434346), (222, 38.45454545454545), (223, 38.54545454545455), (224, 38.63636363636363), (225, 38.72727272727273), (226, 39.13131313131313), (227, 38.97979797979798), (228, 39.17171717171717), (229, 39.17171717171717), (230, 39.292929292929294), (231, 39.42424242424242), (232, 39.24242424242424), (233, 39.101010101010104), (234, 39.25252525252525), (235, 39.505050505050505), (236, 39.74747474747475), (237, 39.72727272727273), (238, 39.78787878787879), (239, 40.24242424242424), (240, 40.21212121212121), (241, 40.43434343434343), (242, 40.15151515151515), (243, 40.16161616161616), (244, 40.39393939393939), (245, 40.86868686868687), (246, 41.06060606060606), (247, 42.14141414141414), (248, 42.101010101010104), (249, 42.19191919191919), (250, 42.26262626262626), (251, 42.494949494949495), (252, 42.505050505050505), (253, 42.58585858585859), (254, 42.84848484848485), (255, 42.73737373737374), (256, 42.73737373737374), (257, 42.464646464646464), (258, 42.64646464646464), (259, 42.676767676767675), (260, 42.77777777777778), (261, 42.91919191919192), (262, 43.02020202020202), (263, 43.07070707070707), (264, 42.98989898989899), (265, 42.484848484848484), (266, 42.343434343434346), (267, 42.98989898989899), (268, 42.74747474747475), (269, 43.101010101010104), (270, 43.23232323232323), (271, 43.494949494949495), (272, 43.707070707070706), (273, 44.0), (274, 44.15151515151515), (275, 44.292929292929294), (276, 44.888888888888886), (277, 45.111111111111114), (278, 45.15151515151515), (279, 45.04040404040404), (280, 45.19191919191919), (281, 45.474747474747474), (282, 45.84848484848485), (283, 45.878787878787875), (284, 46.58585858585859), (285, 47.15151515151515), (286, 47.01010101010101), (287, 46.93939393939394), (288, 47.35353535353536), (289, 47.343434343434346), (290, 47.54545454545455), (291, 47.505050505050505), (292, 47.77777777777778), (293, 48.57575757575758), (294, 48.81818181818182), (295, 49.05050505050505), (296, 49.515151515151516), (297, 49.474747474747474), (298, 49.63636363636363), (299, 50.101010101010104), (300, 50.05050505050505), (301, 50.43434343434343), (302, 50.474747474747474), (303, 50.60606060606061), (304, 50.96969696969697), (305, 50.85858585858586), (306, 50.45454545454545), (307, 50.54545454545455), (308, 50.37373737373738), (309, 50.39393939393939), (310, 50.535353535353536), (311, 50.888888888888886), (312, 51.07070707070707), (313, 50.60606060606061), (314, 50.81818181818182), (315, 50.98989898989899), (316, 51.23232323232323), (317, 51.36363636363637), (318, 51.282828282828284), (319, 51.43434343434343), (320, 51.41414141414141), (321, 51.4040404040404), (322, 51.313131313131315), (323, 51.58585858585859), (324, 51.61616161616162), (325, 51.464646464646464), (326, 51.484848484848484), (327, 51.42424242424242), (328, 51.474747474747474), (329, 51.60606060606061), (330, 51.888888888888886), (331, 51.656565656565654), (332, 51.75757575757576), (333, 51.878787878787875), (334, 51.64646464646464), (335, 51.64646464646464), (336, 51.77777777777778), (337, 51.82828282828283), (338, 51.72727272727273), (339, 51.888888888888886), (340, 51.58585858585859), (341, 51.707070707070706), (342, 52.474747474747474), (343, 52.666666666666664), (344, 52.484848484848484), (345, 52.535353535353536), (346, 52.18181818181818), (347, 52.82828282828283), (348, 53.0), (349, 53.121212121212125), (350, 53.06060606060606), (351, 53.121212121212125), (352, 52.93939393939394), (353, 53.13131313131313), (354, 53.17171717171717), (355, 53.41414141414141), (356, 53.74747474747475), (357, 54.03030303030303), (358, 54.01010101010101), (359, 54.06060606060606), (360, 54.14141414141414), (361, 54.25252525252525), (362, 54.54545454545455), (363, 54.5959595959596), (364, 54.78787878787879), (365, 54.80808080808081), (366, 54.60606060606061), (367, 54.80808080808081), (368, 54.93939393939394), (369, 54.95959595959596), (370, 55.2020202020202), (371, 55.63636363636363), (372, 55.78787878787879), (373, 55.92929292929293), (374, 55.73737373737374), (375, 55.81818181818182), (376, 56.15151515151515), (377, 56.23232323232323), (378, 56.14141414141414), (379, 56.303030303030305), (380, 56.35353535353536), (381, 56.91919191919192), (382, 56.83838383838384), (383, 56.55555555555556), (384, 56.13131313131313), (385, 55.91919191919192), (386, 56.292929292929294), (387, 56.13131313131313), (388, 56.16161616161616), (389, 56.24242424242424), (390, 56.42424242424242), (391, 56.60606060606061), (392, 55.74747474747475), (393, 55.81818181818182), (394, 56.09090909090909), (395, 56.06060606060606), (396, 56.515151515151516), (397, 56.292929292929294), (398, 56.474747474747474), (399, 57.62626262626262), (400, 57.27272727272727), (401, 57.18181818181818), (402, 57.2020202020202), (403, 57.08080808080808), (404, 57.2020202020202), (405, 57.04040404040404), (406, 57.5959595959596), (407, 57.76767676767677), (408, 57.56565656565657), (409, 57.303030303030305), (410, 56.94949494949495), (411, 56.61616161616162), (412, 56.21212121212121), (413, 56.27272727272727), (414, 56.2020202020202), (415, 56.19191919191919), (416, 56.15151515151515), (417, 56.21212121212121), (418, 55.84848484848485), (419, 55.86868686868687), (420, 56.282828282828284), (421, 56.43434343434343), (422, 56.303030303030305), (423, 56.36363636363637), (424, 56.888888888888886), (425, 56.72727272727273), (426, 56.82828282828283), (427, 56.94949494949495), (428, 56.94949494949495), (429, 56.94949494949495), (430, 57.13131313131313), (431, 57.15151515151515), (432, 56.888888888888886), (433, 57.0), (434, 56.93939393939394), (435, 57.03030303030303), (436, 57.09090909090909), (437, 56.94949494949495), (438, 56.86868686868687), (439, 57.18181818181818), (440, 57.15151515151515), (441, 56.91919191919192), (442, 57.04040404040404), (443, 56.95959595959596), (444, 56.91919191919192), (445, 56.41414141414141), (446, 56.121212121212125), (447, 56.474747474747474), (448, 56.60606060606061), (449, 57.04040404040404), (450, 57.17171717171717), (451, 57.525252525252526), (452, 57.37373737373738), (453, 57.676767676767675), (454, 57.62626262626262), (455, 57.36363636363637), (456, 57.37373737373738), (457, 57.54545454545455), (458, 57.86868686868687), (459, 58.41414141414141), (460, 58.282828282828284), (461, 57.95959595959596), (462, 58.09090909090909), (463, 58.09090909090909), (464, 58.19191919191919), (465, 57.97979797979798), (466, 57.94949494949495), (467, 57.77777777777778), (468, 57.85858585858586), (469, 57.86868686868687), (470, 57.464646464646464), (471, 58.18181818181818), (472, 58.292929292929294), (473, 58.05050505050505), (474, 57.84848484848485), (475, 58.39393939393939), (476, 58.35353535353536), (477, 58.64646464646464), (478, 59.08080808080808), (479, 58.86868686868687), (480, 58.21212121212121), (481, 58.18181818181818), (482, 58.06060606060606), (483, 58.464646464646464), (484, 59.21212121212121), (485, 59.16161616161616), (486, 59.14141414141414), (487, 59.696969696969695), (488, 60.22222222222222), (489, 60.343434343434346), (490, 60.292929292929294), (491, 60.323232323232325), (492, 60.17171717171717), (493, 59.888888888888886), (494, 60.27272727272727), (495, 59.878787878787875), (496, 60.45454545454545), (497, 60.4040404040404), (498, 59.44444444444444), (499, 59.38383838383838), (500, 59.85858585858586), (501, 60.121212121212125), (502, 59.96969696969697), (503, 60.09090909090909), (504, 60.121212121212125), (505, 59.85858585858586), (506, 59.81818181818182), (507, 59.94949494949495), (508, 60.323232323232325), (509, 60.85858585858586), (510, 61.58585858585859), (511, 61.90909090909091), (512, 62.2020202020202), (513, 62.2020202020202), (514, 62.484848484848484), (515, 62.76767676767677), (516, 62.94949494949495), (517, 63.08080808080808), (518, 63.61616161616162), (519, 63.39393939393939), (520, 64.21212121212122), (521, 64.37373737373737), (522, 64.5050505050505), (523, 64.13131313131314), (524, 64.33333333333333), (525, 64.63636363636364), (526, 64.62626262626263), (527, 65.08080808080808), (528, 65.04040404040404), (529, 65.1919191919192), (530, 65.29292929292929), (531, 65.41414141414141), (532, 65.47474747474747), (533, 65.64646464646465), (534, 65.81818181818181), (535, 65.95959595959596), (536, 66.1010101010101), (537, 66.25252525252525), (538, 66.20202020202021), (539, 66.46464646464646), (540, 66.1919191919192), (541, 66.37373737373737), (542, 67.70707070707071), (543, 68.14141414141415), (544, 68.03030303030303), (545, 68.22222222222223), (546, 68.17171717171718), (547, 68.3030303030303), (548, 67.9090909090909), (549, 67.78787878787878), (550, 67.72727272727273), (551, 67.71717171717172), (552, 67.85858585858585), (553, 68.32323232323232), (554, 68.45454545454545), (555, 68.41414141414141), (556, 68.24242424242425), (557, 68.3030303030303), (558, 68.33333333333333), (559, 68.38383838383838), (560, 68.85858585858585), (561, 68.93939393939394), (562, 68.60606060606061), (563, 68.82828282828282), (564, 68.78787878787878), (565, 68.8080808080808), (566, 69.23232323232324), (567, 69.16161616161617), (568, 69.07070707070707), (569, 69.23232323232324), (570, 68.53535353535354), (571, 68.44444444444444), (572, 69.18181818181819), (573, 68.88888888888889), (574, 68.11111111111111), (575, 69.18181818181819), (576, 69.92929292929293), (577, 69.5050505050505), (578, 69.8989898989899), (579, 69.9090909090909), (580, 69.9090909090909), (581, 70.16161616161617), (582, 69.66666666666667), (583, 69.79797979797979), (584, 69.84848484848484), (585, 70.32323232323232), (586, 69.9090909090909), (587, 70.60606060606061), (588, 70.92929292929293), (589, 70.84848484848484), (590, 70.74747474747475), (591, 70.91919191919192), (592, 71.38383838383838), (593, 70.98989898989899), (594, 71.32323232323232), (595, 71.64646464646465), (596, 71.73737373737374), (597, 72.14141414141415), (598, 72.81818181818181), (599, 72.8989898989899), (600, 72.9090909090909), (601, 73.17171717171718), (602, 74.54545454545455), (603, 74.61616161616162), (604, 74.79797979797979), (605, 75.04040404040404), (606, 75.13131313131314), (607, 75.47474747474747), (608, 75.77777777777777), (609, 75.41414141414141), (610, 75.64646464646465), (611, 75.51515151515152), (612, 75.68686868686869), (613, 75.45454545454545), (614, 75.48484848484848), (615, 75.5959595959596), (616, 75.74747474747475), (617, 75.56565656565657), (618, 75.88888888888889), (619, 75.37373737373737), (620, 75.31313131313131), (621, 75.17171717171718), (622, 75.1919191919192), (623, 75.24242424242425), (624, 75.15151515151516), (625, 75.46464646464646), (626, 75.4040404040404), (627, 75.43434343434343), (628, 75.5959595959596), (629, 75.48484848484848), (630, 75.6969696969697), (631, 75.91919191919192), (632, 76.14141414141415), (633, 76.35353535353535), (634, 76.8080808080808), (635, 76.65656565656566), (636, 76.88888888888889), (637, 77.58585858585859), (638, 77.78787878787878), (639, 78.18181818181819), (640, 78.02020202020202), (641, 76.86868686868686), (642, 76.6969696969697), (643, 77.12121212121212), (644, 77.14141414141415), (645, 77.04040404040404), (646, 77.71717171717172), (647, 78.0909090909091), (648, 78.45454545454545), (649, 78.71717171717172), (650, 79.01010101010101), (651, 79.35353535353535), (652, 78.95959595959596), (653, 79.32323232323232), (654, 79.95959595959596), (655, 80.46464646464646), (656, 81.04040404040404), (657, 80.98989898989899), (658, 82.3030303030303), (659, 82.02020202020202), (660, 82.21212121212122), (661, 82.63636363636364), (662, 83.14141414141415), (663, 83.6969696969697), (664, 84.77777777777777), (665, 85.66666666666667), (666, 86.32323232323232), (667, 86.74747474747475), (668, 87.4040404040404), (669, 87.91919191919192), (670, 88.21212121212122), (671, 89.04040404040404), (672, 89.84848484848484), (673, 91.38383838383838), (674, 91.20202020202021), (675, 91.76767676767676), (676, 92.15151515151516), (677, 92.70707070707071), (678, 93.4949494949495), (679, 94.82828282828282), (680, 95.45454545454545), (681, 96.39393939393939), (682, 97.21212121212122), (683, 98.29292929292929), (684, 99.38383838383838), (685, 100.77777777777777), (686, 101.11111111111111), (687, 101.8080808080808), (688, 102.68686868686869), (689, 104.08080808080808), (690, 105.1010101010101), (691, 106.25252525252525), (692, 107.4040404040404), (693, 108.43434343434343), (694, 109.18181818181819), (695, 109.98989898989899), (696, 111.01010101010101), (697, 111.56565656565657), (698, 111.54545454545455), (699, 112.3030303030303), (700, 113.63636363636364), (701, 112.96969696969697), (702, 113.64646464646465), (703, 114.46464646464646), (704, 115.63636363636364), (705, 116.79797979797979), (706, 117.5050505050505), (707, 118.0909090909091), (708, 119.37373737373737), (709, 120.01010101010101), (710, 120.79797979797979), (711, 121.5959595959596), (712, 123.03030303030303), (713, 124.27272727272727), (714, 124.74747474747475), (715, 126.16161616161617), (716, 127.42424242424242), (717, 127.93939393939394), (718, 128.7070707070707), (719, 129.40404040404042), (720, 130.57575757575756), (721, 131.63636363636363), (722, 133.05050505050505), (723, 133.7979797979798), (724, 134.2020202020202), (725, 134.44444444444446), (726, 135.66666666666666), (727, 136.95959595959596), (728, 137.62626262626262), (729, 138.95959595959596), (730, 139.9090909090909), (731, 140.3939393939394), (732, 141.44444444444446), (733, 141.55555555555554), (734, 143.02020202020202), (735, 144.05050505050505), (736, 144.25252525252526), (737, 145.13131313131314), (738, 145.3939393939394), (739, 146.31313131313132), (740, 147.31313131313132), (741, 148.5151515151515), (742, 149.65656565656565), (743, 150.27272727272728), (744, 151.15151515151516), (745, 150.8989898989899), (746, 151.4747474747475), (747, 151.67676767676767), (748, 152.83838383838383), (749, 153.96969696969697), (750, 153.95959595959596), (751, 154.33333333333334), (752, 155.08080808080808), (753, 155.84848484848484), (754, 156.92929292929293), (755, 157.02020202020202), (756, 158.12121212121212), (757, 158.12121212121212), (758, 159.57575757575756), (759, 159.76767676767676), (760, 160.57575757575756), (761, 161.2828282828283), (762, 162.24242424242425), (763, 161.87878787878788), (764, 161.15151515151516), (765, 161.16161616161617), (766, 162.15151515151516), (767, 162.92929292929293), (768, 163.75757575757575), (769, 164.8181818181818), (770, 164.8181818181818), (771, 164.7171717171717), (772, 164.7171717171717), (773, 164.5151515151515), (774, 164.36363636363637), (775, 165.5252525252525), (776, 166.07070707070707), (777, 165.95959595959596), (778, 165.55555555555554), (779, 165.62626262626262), (780, 166.23232323232324), (781, 165.7171717171717), (782, 165.88888888888889), (783, 165.88888888888889), (784, 165.88888888888889), (785, 165.06060606060606), (786, 164.66666666666666), (787, 164.3838383838384), (788, 163.7979797979798), (789, 164.1919191919192), (790, 163.5050505050505), (791, 163.05050505050505), (792, 162.4747474747475), (793, 161.6060606060606), (794, 161.96969696969697), (795, 161.66666666666666), (796, 161.4848484848485), (797, 162.59595959595958), (798, 162.57575757575756), (799, 162.26262626262627), (800, 162.92929292929293), (801, 163.6969696969697), (802, 163.4747474747475), (803, 162.78787878787878), (804, 162.94949494949495), (805, 162.9090909090909), (806, 163.0), (807, 162.88888888888889), (808, 163.45454545454547), (809, 163.93939393939394), (810, 164.5252525252525), (811, 163.84848484848484), (812, 163.6060606060606), (813, 164.40404040404042), (814, 164.40404040404042), (815, 163.989898989899), (816, 164.33333333333334), (817, 164.74747474747474), (818, 165.11111111111111), (819, 165.3838383838384), (820, 165.6969696969697), (821, 165.2929292929293), (822, 165.59595959595958), (823, 166.35353535353536), (824, 166.91919191919192), (825, 166.24242424242425), (826, 166.24242424242425), (827, 167.06060606060606), (828, 167.0909090909091), (829, 166.56565656565655), (830, 167.2020202020202), (831, 167.2020202020202), (832, 168.04040404040404), (833, 167.5151515151515), (834, 167.06060606060606), (835, 166.82828282828282), (836, 166.88888888888889), (837, 167.24242424242425), (838, 167.59595959595958), (839, 168.05050505050505), (840, 167.56565656565655), (841, 167.54545454545453), (842, 168.06060606060606), (843, 168.3838383838384), (844, 169.3030303030303), (845, 169.83838383838383), (846, 170.86868686868686), (847, 170.75757575757575), (848, 170.75757575757575), (849, 170.76767676767676), (850, 171.5151515151515), (851, 170.95959595959596), (852, 170.17171717171718), (853, 170.17171717171718), (854, 170.6969696969697), (855, 170.05050505050505), (856, 170.05050505050505), (857, 170.05050505050505), (858, 170.14141414141415), (859, 170.54545454545453), (860, 170.54545454545453), (861, 170.62626262626262), (862, 171.1010101010101), (863, 171.7070707070707), (864, 172.41414141414143), (865, 172.2929292929293), (866, 171.6161616161616), (867, 171.6161616161616), (868, 171.6161616161616), (869, 171.6161616161616), (870, 172.57575757575756), (871, 172.34343434343435), (872, 173.26262626262627), (873, 173.1010101010101), (874, 173.06060606060606), (875, 173.06060606060606), (876, 173.86868686868686), (877, 174.37373737373738), (878, 174.8080808080808), (879, 174.0), (880, 174.4747474747475), (881, 174.4747474747475), (882, 173.94949494949495), (883, 173.78787878787878), (884, 174.6161616161616), (885, 175.3838383838384), (886, 175.53535353535352), (887, 176.25252525252526), (888, 176.25252525252526), (889, 176.989898989899), (890, 177.45454545454547), (891, 178.2929292929293), (892, 179.16161616161617), (893, 179.16161616161617), (894, 179.63636363636363), (895, 180.32323232323233), (896, 180.32323232323233), (897, 180.76767676767676), (898, 180.7070707070707), (899, 180.7070707070707), (900, 180.65656565656565), (901, 181.23232323232324), (902, 181.91919191919192), (903, 181.8989898989899), (904, 182.1818181818182), (905, 182.17171717171718), (906, 182.21212121212122), (907, 181.58585858585857), (908, 181.67676767676767), (909, 181.67676767676767), (910, 182.35353535353536), (911, 182.3939393939394), (912, 181.77777777777777), (913, 181.7070707070707), (914, 181.86868686868686), (915, 182.07070707070707), (916, 181.88888888888889), (917, 182.2020202020202), (918, 181.64646464646464), (919, 181.64646464646464), (920, 181.41414141414143), (921, 181.67676767676767), (922, 181.6161616161616), (923, 181.1818181818182), (924, 181.94949494949495), (925, 181.8181818181818), (926, 181.8181818181818), (927, 181.40404040404042), (928, 182.12121212121212), (929, 182.12121212121212), (930, 182.12121212121212), (931, 181.36363636363637), (932, 181.53535353535352), (933, 182.16161616161617), (934, 182.989898989899), (935, 183.17171717171718), (936, 183.41414141414143), (937, 183.3030303030303), (938, 182.33333333333334), (939, 182.14141414141415), (940, 181.12121212121212), (941, 180.66666666666666), (942, 179.93939393939394), (943, 179.93939393939394), (944, 179.32323232323233), (945, 178.32323232323233), (946, 177.3030303030303), (947, 176.57575757575756), (948, 176.87878787878788), (949, 176.22222222222223), (950, 176.33333333333334), (951, 176.58585858585857), (952, 176.5252525252525), (953, 176.0909090909091), (954, 176.22222222222223), (955, 175.5252525252525), (956, 175.5252525252525), (957, 175.73737373737373), (958, 175.22222222222223), (959, 174.56565656565655), (960, 174.44444444444446), (961, 174.31313131313132), (962, 174.36363636363637), (963, 174.44444444444446), (964, 174.56565656565655), (965, 175.15151515151516), (966, 175.15151515151516), (967, 175.15151515151516), (968, 174.59595959595958), (969, 174.59595959595958), (970, 174.82828282828282), (971, 174.82828282828282), (972, 175.25252525252526), (973, 175.2929292929293), (974, 175.2929292929293), (975, 174.68686868686868), (976, 174.68686868686868), (977, 174.88888888888889), (978, 174.86868686868686), (979, 174.5050505050505), (980, 174.11111111111111), (981, 174.63636363636363), (982, 174.7979797979798), (983, 174.6060606060606), (984, 174.41414141414143), (985, 174.74747474747474), (986, 174.74747474747474), (987, 174.74747474747474), (988, 174.74747474747474), (989, 174.93939393939394), (990, 174.5050505050505), (991, 174.5050505050505), (992, 174.02020202020202), (993, 173.94949494949495), (994, 173.57575757575756), (995, 173.55555555555554), (996, 173.55555555555554), (997, 173.92929292929293), (998, 173.92929292929293), (999, 173.97979797979798), (1000, 173.97979797979798), (1001, 173.97979797979798), (1002, 174.0), (1003, 174.0), (1004, 174.010101010101), (1005, 174.08080808080808), (1006, 174.7070707070707), (1007, 174.7070707070707), (1008, 174.7070707070707), (1009, 174.36363636363637), (1010, 174.58585858585857), (1011, 175.23232323232324), (1012, 175.3030303030303), (1013, 175.55555555555554), (1014, 175.55555555555554), (1015, 175.82828282828282), (1016, 175.82828282828282), (1017, 175.93939393939394), (1018, 175.93939393939394), (1019, 176.57575757575756), (1020, 176.57575757575756), (1021, 176.63636363636363), (1022, 177.2020202020202), (1023, 176.58585858585857), (1024, 176.7171717171717), (1025, 176.7171717171717), (1026, 177.13131313131314), (1027, 177.14141414141415), (1028, 177.14141414141415), (1029, 177.14141414141415), (1030, 177.8989898989899), (1031, 178.34343434343435), (1032, 178.34343434343435), (1033, 178.34343434343435), (1034, 178.17171717171718), (1035, 178.41414141414143), (1036, 178.0909090909091), (1037, 178.4848484848485), (1038, 179.04040404040404), (1039, 179.77777777777777), (1040, 179.73737373737373), (1041, 179.6969696969697), (1042, 179.6969696969697), (1043, 180.31313131313132), (1044, 181.31313131313132), (1045, 182.44444444444446), (1046, 183.17171717171718), (1047, 183.44444444444446), (1048, 184.34343434343435), (1049, 185.15151515151516), (1050, 185.68686868686868), (1051, 185.74747474747474), (1052, 186.1818181818182), (1053, 186.6969696969697), (1054, 187.08080808080808), (1055, 187.08080808080808), (1056, 187.77777777777777), (1057, 188.2929292929293), (1058, 188.94949494949495), (1059, 188.77777777777777), (1060, 189.27272727272728), (1061, 189.6060606060606), (1062, 189.33333333333334), (1063, 189.15151515151516), (1064, 189.24242424242425), (1065, 189.24242424242425), (1066, 188.72727272727272), (1067, 189.2828282828283), (1068, 189.2828282828283), (1069, 189.2828282828283), (1070, 189.2828282828283), (1071, 189.2828282828283), (1072, 189.2828282828283), (1073, 189.1818181818182), (1074, 189.74747474747474), (1075, 188.8989898989899), (1076, 188.76767676767676), (1077, 189.59595959595958), (1078, 189.62626262626262), (1079, 189.56565656565655), (1080, 189.56565656565655), (1081, 189.56565656565655), (1082, 189.75757575757575), (1083, 189.94949494949495), (1084, 190.1818181818182), (1085, 189.4949494949495), (1086, 189.4949494949495), (1087, 189.4949494949495), (1088, 189.0909090909091), (1089, 189.5252525252525), (1090, 189.5252525252525), (1091, 190.010101010101), (1092, 190.08080808080808), (1093, 190.45454545454547), (1094, 190.4747474747475), (1095, 190.4747474747475), (1096, 190.4747474747475), (1097, 190.4747474747475), (1098, 190.4747474747475), (1099, 190.4747474747475), (1100, 190.4747474747475), (1101, 190.4747474747475), (1102, 190.4747474747475), (1103, 190.4747474747475), (1104, 190.4747474747475), (1105, 190.13131313131314), (1106, 190.13131313131314), (1107, 190.13131313131314), (1108, 190.4747474747475), (1109, 190.4747474747475), (1110, 190.4747474747475), (1111, 190.14141414141415), (1112, 190.14141414141415), (1113, 190.14141414141415), (1114, 190.14141414141415), (1115, 190.05050505050505), (1116, 190.1818181818182), (1117, 190.1818181818182), (1118, 190.1818181818182), (1119, 190.1818181818182), (1120, 190.17171717171718), (1121, 190.37373737373738), (1122, 191.010101010101), (1123, 190.66666666666666), (1124, 190.66666666666666), (1125, 190.66666666666666), (1126, 190.66666666666666), (1127, 190.66666666666666), (1128, 190.66666666666666), (1129, 190.66666666666666), (1130, 190.66666666666666), (1131, 190.66666666666666), (1132, 190.66666666666666), (1133, 190.83838383838383), (1134, 190.83838383838383), (1135, 191.27272727272728), (1136, 191.84848484848484), (1137, 192.010101010101), (1138, 192.31313131313132), (1139, 192.8080808080808), (1140, 193.57575757575756), (1141, 193.57575757575756), (1142, 193.57575757575756), (1143, 193.57575757575756), (1144, 193.57575757575756), (1145, 193.57575757575756), (1146, 193.7979797979798), (1147, 193.7979797979798), (1148, 193.7979797979798), (1149, 193.7979797979798), (1150, 193.7979797979798), (1151, 193.7979797979798), (1152, 193.7979797979798), (1153, 194.11111111111111), (1154, 194.11111111111111), (1155, 194.11111111111111), (1156, 194.11111111111111), (1157, 194.11111111111111), (1158, 194.40404040404042), (1159, 194.40404040404042), (1160, 194.40404040404042), (1161, 194.68686868686868), (1162, 194.86868686868686), (1163, 194.86868686868686), (1164, 194.86868686868686), (1165, 195.3838383838384)]
