Iteration 0 avg reward 38.000000
Iteration 100 avg reward 45.404040
Iteration 200 avg reward 105.696970
Iteration 300 avg reward 172.121212
Iteration 400 avg reward 197.181818
Iteration 500 avg reward 200.000000
Iteration 600 avg reward 199.696970
Iteration 700 avg reward 200.000000
Iteration 800 avg reward 200.000000
Iteration 900 avg reward 200.000000
Iteration 1000 avg reward 200.000000
Iteration 1100 avg reward 200.000000
Iteration 1200 avg reward 200.000000
Iteration 1300 avg reward 200.000000
[(0, 38.0), (1, 33.5), (2, 37.0), (3, 33.0), (4, 34.2), (5, 32.0), (6, 30.285714285714285), (7, 34.5), (8, 33.0), (9, 31.6), (10, 31.545454545454547), (11, 30.166666666666668), (12, 29.307692307692307), (13, 28.857142857142858), (14, 31.2), (15, 30.25), (16, 29.941176470588236), (17, 29.38888888888889), (18, 29.842105263157894), (19, 32.75), (20, 33.285714285714285), (21, 32.86363636363637), (22, 32.43478260869565), (23, 32.166666666666664), (24, 31.92), (25, 32.53846153846154), (26, 32.74074074074074), (27, 33.785714285714285), (28, 33.44827586206897), (29, 33.63333333333333), (30, 33.54838709677419), (31, 35.1875), (32, 35.06060606060606), (33, 35.05882352941177), (34, 35.82857142857143), (35, 35.80555555555556), (36, 35.945945945945944), (37, 35.5), (38, 36.94871794871795), (39, 36.825), (40, 36.8780487804878), (41, 36.666666666666664), (42, 36.7906976744186), (43, 36.61363636363637), (44, 36.333333333333336), (45, 36.67391304347826), (46, 36.680851063829785), (47, 36.229166666666664), (48, 36.83673469387755), (49, 37.18), (50, 37.21568627450981), (51, 37.48076923076923), (52, 37.60377358490566), (53, 38.092592592592595), (54, 38.18181818181818), (55, 38.25), (56, 38.35087719298246), (57, 38.06896551724138), (58, 38.152542372881356), (59, 37.93333333333333), (60, 37.98360655737705), (61, 39.0), (62, 38.698412698412696), (63, 39.015625), (64, 39.43076923076923), (65, 39.90909090909091), (66, 39.850746268656714), (67, 40.0735294117647), (68, 40.26086956521739), (69, 40.72857142857143), (70, 40.83098591549296), (71, 40.72222222222222), (72, 41.24657534246575), (73, 41.33783783783784), (74, 41.38666666666666), (75, 42.11842105263158), (76, 41.90909090909091), (77, 42.84615384615385), (78, 42.835443037974684), (79, 42.6625), (80, 42.4320987654321), (81, 42.30487804878049), (82, 42.325301204819276), (83, 42.30952380952381), (84, 42.576470588235296), (85, 42.66279069767442), (86, 42.5632183908046), (87, 42.54545454545455), (88, 42.50561797752809), (89, 42.75555555555555), (90, 42.86813186813187), (91, 43.141304347826086), (92, 43.58064516129032), (93, 43.57446808510638), (94, 43.43157894736842), (95, 44.416666666666664), (96, 44.90721649484536), (97, 44.785714285714285), (98, 45.44444444444444), (99, 45.4040404040404), (100, 45.4040404040404), (101, 45.878787878787875), (102, 46.27272727272727), (103, 45.95959595959596), (104, 45.93939393939394), (105, 46.505050505050505), (106, 46.2020202020202), (107, 46.72727272727273), (108, 47.323232323232325), (109, 47.82828282828283), (110, 48.26262626262626), (111, 49.2020202020202), (112, 49.96969696969697), (113, 49.85858585858586), (114, 50.94949494949495), (115, 51.19191919191919), (116, 51.61616161616162), (117, 51.84848484848485), (118, 51.42424242424242), (119, 51.72727272727273), (120, 51.94949494949495), (121, 52.02020202020202), (122, 52.24242424242424), (123, 52.676767676767675), (124, 53.05050505050505), (125, 53.656565656565654), (126, 54.56565656565657), (127, 55.474747474747474), (128, 55.39393939393939), (129, 55.717171717171716), (130, 56.06060606060606), (131, 56.60606060606061), (132, 57.505050505050505), (133, 58.41414141414141), (134, 59.44444444444444), (135, 60.333333333333336), (136, 61.323232323232325), (137, 62.686868686868685), (138, 63.121212121212125), (139, 63.64646464646464), (140, 63.888888888888886), (141, 64.98989898989899), (142, 65.56565656565657), (143, 66.74747474747475), (144, 67.62626262626263), (145, 68.29292929292929), (146, 68.78787878787878), (147, 69.79797979797979), (148, 70.66666666666667), (149, 71.53535353535354), (150, 73.04040404040404), (151, 73.77777777777777), (152, 74.57575757575758), (153, 75.47474747474747), (154, 76.18181818181819), (155, 76.86868686868686), (156, 77.11111111111111), (157, 78.38383838383838), (158, 79.63636363636364), (159, 81.24242424242425), (160, 81.33333333333333), (161, 81.77777777777777), (162, 82.82828282828282), (163, 84.44444444444444), (164, 85.03030303030303), (165, 86.58585858585859), (166, 87.51515151515152), (167, 88.60606060606061), (168, 88.94949494949495), (169, 90.76767676767676), (170, 89.93939393939394), (171, 90.47474747474747), (172, 92.03030303030303), (173, 92.37373737373737), (174, 92.97979797979798), (175, 93.47474747474747), (176, 94.35353535353535), (177, 94.8989898989899), (178, 95.17171717171718), (179, 96.23232323232324), (180, 97.71717171717172), (181, 98.98989898989899), (182, 98.94949494949495), (183, 99.15151515151516), (184, 99.18181818181819), (185, 99.76767676767676), (186, 100.65656565656566), (187, 100.6969696969697), (188, 101.05050505050505), (189, 101.8080808080808), (190, 102.39393939393939), (191, 102.81818181818181), (192, 103.65656565656566), (193, 104.41414141414141), (194, 104.46464646464646), (195, 104.62626262626263), (196, 104.06060606060606), (197, 104.37373737373737), (198, 105.23232323232324), (199, 105.53535353535354), (200, 105.6969696969697), (201, 106.07070707070707), (202, 105.94949494949495), (203, 105.88888888888889), (204, 106.48484848484848), (205, 106.6969696969697), (206, 108.03030303030303), (207, 109.0909090909091), (208, 109.06060606060606), (209, 109.11111111111111), (210, 109.18181818181819), (211, 109.68686868686869), (212, 109.85858585858585), (213, 111.3030303030303), (214, 111.42424242424242), (215, 111.03030303030303), (216, 111.5050505050505), (217, 112.52525252525253), (218, 112.64646464646465), (219, 113.93939393939394), (220, 115.07070707070707), (221, 116.38383838383838), (222, 117.86868686868686), (223, 117.34343434343434), (224, 118.16161616161617), (225, 118.74747474747475), (226, 119.39393939393939), (227, 120.95959595959596), (228, 121.9090909090909), (229, 122.03030303030303), (230, 123.05050505050505), (231, 124.22222222222223), (232, 125.02020202020202), (233, 125.39393939393939), (234, 126.73737373737374), (235, 126.29292929292929), (236, 126.98989898989899), (237, 128.02020202020202), (238, 128.3030303030303), (239, 129.1919191919192), (240, 129.56565656565655), (241, 130.37373737373738), (242, 129.76767676767676), (243, 130.04040404040404), (244, 130.010101010101), (245, 131.16161616161617), (246, 132.40404040404042), (247, 133.95959595959596), (248, 134.54545454545453), (249, 134.8989898989899), (250, 135.76767676767676), (251, 136.58585858585857), (252, 138.07070707070707), (253, 138.27272727272728), (254, 139.56565656565655), (255, 139.0909090909091), (256, 138.84848484848484), (257, 138.92929292929293), (258, 139.63636363636363), (259, 141.41414141414143), (260, 142.7979797979798), (261, 144.15151515151516), (262, 145.74747474747474), (263, 146.08080808080808), (264, 147.7171717171717), (265, 149.15151515151516), (266, 150.64646464646464), (267, 151.07070707070707), (268, 152.57575757575756), (269, 154.37373737373738), (270, 154.77777777777777), (271, 154.77777777777777), (272, 155.35353535353536), (273, 155.78787878787878), (274, 156.8181818181818), (275, 158.06060606060606), (276, 158.5050505050505), (277, 159.22222222222223), (278, 159.57575757575756), (279, 160.7171717171717), (280, 160.7171717171717), (281, 161.35353535353536), (282, 161.46464646464648), (283, 161.46464646464648), (284, 162.72727272727272), (285, 162.72727272727272), (286, 162.72727272727272), (287, 162.72727272727272), (288, 163.0909090909091), (289, 163.95959595959596), (290, 164.2828282828283), (291, 164.8989898989899), (292, 166.17171717171718), (293, 166.59595959595958), (294, 167.15151515151516), (295, 168.7171717171717), (296, 169.63636363636363), (297, 170.2020202020202), (298, 170.25252525252526), (299, 171.11111111111111), (300, 172.12121212121212), (301, 172.58585858585857), (302, 173.25252525252526), (303, 174.55555555555554), (304, 175.6060606060606), (305, 176.8989898989899), (306, 176.8989898989899), (307, 177.77777777777777), (308, 178.6161616161616), (309, 179.8181818181818), (310, 180.84848484848484), (311, 181.55555555555554), (312, 180.78787878787878), (313, 180.78787878787878), (314, 181.6060606060606), (315, 182.14141414141415), (316, 182.42424242424244), (317, 183.5151515151515), (318, 183.97979797979798), (319, 184.11111111111111), (320, 185.3838383838384), (321, 186.17171717171718), (322, 186.76767676767676), (323, 186.78787878787878), (324, 186.7979797979798), (325, 186.7979797979798), (326, 187.58585858585857), (327, 187.8181818181818), (328, 187.8181818181818), (329, 187.8181818181818), (330, 187.8181818181818), (331, 187.8181818181818), (332, 187.88888888888889), (333, 187.88888888888889), (334, 188.7070707070707), (335, 188.7070707070707), (336, 188.7070707070707), (337, 188.7070707070707), (338, 189.56565656565655), (339, 189.56565656565655), (340, 190.64646464646464), (341, 191.36363636363637), (342, 192.05050505050505), (343, 192.72727272727272), (344, 192.72727272727272), (345, 192.72727272727272), (346, 193.27272727272728), (347, 193.37373737373738), (348, 194.13131313131314), (349, 194.66666666666666), (350, 194.66666666666666), (351, 195.21212121212122), (352, 195.21212121212122), (353, 195.21212121212122), (354, 195.21212121212122), (355, 195.75757575757575), (356, 196.55555555555554), (357, 196.55555555555554), (358, 196.55555555555554), (359, 196.55555555555554), (360, 196.62626262626262), (361, 196.7070707070707), (362, 196.7070707070707), (363, 196.0909090909091), (364, 196.0909090909091), (365, 196.0909090909091), (366, 196.0909090909091), (367, 196.0909090909091), (368, 196.0909090909091), (369, 196.0909090909091), (370, 196.0909090909091), (371, 197.010101010101), (372, 197.010101010101), (373, 197.010101010101), (374, 197.010101010101), (375, 197.010101010101), (376, 197.7979797979798), (377, 197.7979797979798), (378, 198.21212121212122), (379, 198.21212121212122), (380, 198.21212121212122), (381, 198.21212121212122), (382, 198.21212121212122), (383, 198.21212121212122), (384, 198.21212121212122), (385, 198.21212121212122), (386, 198.21212121212122), (387, 198.41414141414143), (388, 198.41414141414143), (389, 198.41414141414143), (390, 198.16161616161617), (391, 197.1818181818182), (392, 197.1818181818182), (393, 197.1818181818182), (394, 197.1818181818182), (395, 197.1818181818182), (396, 197.1818181818182), (397, 197.1818181818182), (398, 197.1818181818182), (399, 197.1818181818182), (400, 197.1818181818182), (401, 197.1818181818182), (402, 197.25252525252526), (403, 197.25252525252526), (404, 197.25252525252526), (405, 197.25252525252526), (406, 197.25252525252526), (407, 197.25252525252526), (408, 197.25252525252526), (409, 197.25252525252526), (410, 197.25252525252526), (411, 198.15151515151516), (412, 198.15151515151516), (413, 198.15151515151516), (414, 198.15151515151516), (415, 198.15151515151516), (416, 198.15151515151516), (417, 198.15151515151516), (418, 198.15151515151516), (419, 198.15151515151516), (420, 198.15151515151516), (421, 198.15151515151516), (422, 198.15151515151516), (423, 198.15151515151516), (424, 198.15151515151516), (425, 198.15151515151516), (426, 198.15151515151516), (427, 198.15151515151516), (428, 198.15151515151516), (429, 198.15151515151516), (430, 198.15151515151516), (431, 198.15151515151516), (432, 198.15151515151516), (433, 198.15151515151516), (434, 198.15151515151516), (435, 198.15151515151516), (436, 198.15151515151516), (437, 198.15151515151516), (438, 198.15151515151516), (439, 198.15151515151516), (440, 198.15151515151516), (441, 198.15151515151516), (442, 198.15151515151516), (443, 198.15151515151516), (444, 198.15151515151516), (445, 198.2828282828283), (446, 198.2828282828283), (447, 198.55555555555554), (448, 198.55555555555554), (449, 198.55555555555554), (450, 198.8181818181818), (451, 198.8181818181818), (452, 198.8181818181818), (453, 198.8181818181818), (454, 198.8181818181818), (455, 198.8181818181818), (456, 198.8181818181818), (457, 198.8181818181818), (458, 198.8181818181818), (459, 198.8181818181818), (460, 198.8181818181818), (461, 198.8181818181818), (462, 198.8181818181818), (463, 198.8181818181818), (464, 199.2828282828283), (465, 199.2828282828283), (466, 199.2828282828283), (467, 199.37373737373738), (468, 199.37373737373738), (469, 199.37373737373738), (470, 199.37373737373738), (471, 199.37373737373738), (472, 199.37373737373738), (473, 199.37373737373738), (474, 199.37373737373738), (475, 199.37373737373738), (476, 199.37373737373738), (477, 199.37373737373738), (478, 199.37373737373738), (479, 199.37373737373738), (480, 199.37373737373738), (481, 199.37373737373738), (482, 199.37373737373738), (483, 199.37373737373738), (484, 199.37373737373738), (485, 199.37373737373738), (486, 199.37373737373738), (487, 199.37373737373738), (488, 199.37373737373738), (489, 199.37373737373738), (490, 200.0), (491, 200.0), (492, 200.0), (493, 200.0), (494, 200.0), (495, 200.0), (496, 200.0), (497, 200.0), (498, 200.0), (499, 200.0), (500, 200.0), (501, 200.0), (502, 200.0), (503, 200.0), (504, 200.0), (505, 200.0), (506, 200.0), (507, 200.0), (508, 200.0), (509, 200.0), (510, 200.0), (511, 200.0), (512, 200.0), (513, 200.0), (514, 200.0), (515, 200.0), (516, 200.0), (517, 200.0), (518, 200.0), (519, 200.0), (520, 200.0), (521, 199.6969696969697), (522, 199.6969696969697), (523, 199.6969696969697), (524, 199.6969696969697), (525, 199.6969696969697), (526, 199.6969696969697), (527, 199.6969696969697), (528, 199.6969696969697), (529, 199.6969696969697), (530, 199.6969696969697), (531, 199.6969696969697), (532, 199.6969696969697), (533, 199.6969696969697), (534, 199.6969696969697), (535, 199.6969696969697), (536, 199.6969696969697), (537, 199.6969696969697), (538, 199.6969696969697), (539, 199.6969696969697), (540, 199.6969696969697), (541, 199.6969696969697), (542, 199.6969696969697), (543, 199.6969696969697), (544, 199.6969696969697), (545, 199.6969696969697), (546, 199.6969696969697), (547, 199.6969696969697), (548, 199.6969696969697), (549, 199.6969696969697), (550, 199.6969696969697), (551, 199.6969696969697), (552, 199.6969696969697), (553, 199.6969696969697), (554, 199.6969696969697), (555, 199.6969696969697), (556, 199.6969696969697), (557, 199.6969696969697), (558, 199.6969696969697), (559, 199.6969696969697), (560, 199.6969696969697), (561, 199.6969696969697), (562, 199.6969696969697), (563, 199.6969696969697), (564, 199.6969696969697), (565, 199.6969696969697), (566, 199.6969696969697), (567, 199.6969696969697), (568, 199.6969696969697), (569, 199.6969696969697), (570, 199.6969696969697), (571, 199.6969696969697), (572, 199.6969696969697), (573, 199.6969696969697), (574, 199.6969696969697), (575, 199.6969696969697), (576, 199.6969696969697), (577, 199.6969696969697), (578, 199.6969696969697), (579, 199.6969696969697), (580, 199.6969696969697), (581, 199.6969696969697), (582, 199.6969696969697), (583, 199.6969696969697), (584, 199.6969696969697), (585, 199.6969696969697), (586, 199.6969696969697), (587, 199.6969696969697), (588, 199.6969696969697), (589, 199.6969696969697), (590, 199.6969696969697), (591, 199.6969696969697), (592, 199.6969696969697), (593, 199.6969696969697), (594, 199.6969696969697), (595, 199.6969696969697), (596, 199.6969696969697), (597, 199.6969696969697), (598, 199.6969696969697), (599, 199.6969696969697), (600, 199.6969696969697), (601, 199.6969696969697), (602, 199.6969696969697), (603, 199.6969696969697), (604, 199.6969696969697), (605, 199.6969696969697), (606, 199.6969696969697), (607, 199.6969696969697), (608, 199.6969696969697), (609, 199.6969696969697), (610, 199.6969696969697), (611, 199.6969696969697), (612, 199.6969696969697), (613, 199.6969696969697), (614, 199.6969696969697), (615, 199.6969696969697), (616, 199.6969696969697), (617, 199.6969696969697), (618, 199.6969696969697), (619, 199.6969696969697), (620, 200.0), (621, 200.0), (622, 200.0), (623, 200.0), (624, 200.0), (625, 200.0), (626, 200.0), (627, 200.0), (628, 200.0), (629, 200.0), (630, 200.0), (631, 200.0), (632, 200.0), (633, 200.0), (634, 200.0), (635, 200.0), (636, 200.0), (637, 200.0), (638, 200.0), (639, 200.0), (640, 200.0), (641, 200.0), (642, 200.0), (643, 200.0), (644, 200.0), (645, 200.0), (646, 200.0), (647, 200.0), (648, 200.0), (649, 200.0), (650, 200.0), (651, 200.0), (652, 200.0), (653, 200.0), (654, 200.0), (655, 200.0), (656, 200.0), (657, 200.0), (658, 200.0), (659, 200.0), (660, 200.0), (661, 200.0), (662, 200.0), (663, 200.0), (664, 200.0), (665, 200.0), (666, 200.0), (667, 200.0), (668, 200.0), (669, 200.0), (670, 200.0), (671, 200.0), (672, 200.0), (673, 200.0), (674, 200.0), (675, 200.0), (676, 200.0), (677, 200.0), (678, 200.0), (679, 200.0), (680, 200.0), (681, 200.0), (682, 200.0), (683, 200.0), (684, 200.0), (685, 200.0), (686, 200.0), (687, 200.0), (688, 200.0), (689, 200.0), (690, 200.0), (691, 200.0), (692, 200.0), (693, 200.0), (694, 200.0), (695, 200.0), (696, 200.0), (697, 200.0), (698, 200.0), (699, 200.0), (700, 200.0), (701, 200.0), (702, 200.0), (703, 200.0), (704, 200.0), (705, 200.0), (706, 200.0), (707, 200.0), (708, 200.0), (709, 200.0), (710, 200.0), (711, 200.0), (712, 200.0), (713, 200.0), (714, 200.0), (715, 200.0), (716, 200.0), (717, 200.0), (718, 200.0), (719, 200.0), (720, 200.0), (721, 200.0), (722, 200.0), (723, 200.0), (724, 200.0), (725, 200.0), (726, 200.0), (727, 200.0), (728, 200.0), (729, 200.0), (730, 200.0), (731, 200.0), (732, 200.0), (733, 200.0), (734, 200.0), (735, 200.0), (736, 200.0), (737, 200.0), (738, 200.0), (739, 200.0), (740, 200.0), (741, 200.0), (742, 200.0), (743, 200.0), (744, 200.0), (745, 200.0), (746, 200.0), (747, 200.0), (748, 200.0), (749, 200.0), (750, 200.0), (751, 200.0), (752, 200.0), (753, 200.0), (754, 200.0), (755, 200.0), (756, 200.0), (757, 200.0), (758, 200.0), (759, 200.0), (760, 200.0), (761, 200.0), (762, 200.0), (763, 200.0), (764, 200.0), (765, 200.0), (766, 200.0), (767, 200.0), (768, 200.0), (769, 200.0), (770, 200.0), (771, 200.0), (772, 200.0), (773, 200.0), (774, 200.0), (775, 200.0), (776, 200.0), (777, 200.0), (778, 200.0), (779, 200.0), (780, 200.0), (781, 200.0), (782, 200.0), (783, 200.0), (784, 200.0), (785, 200.0), (786, 200.0), (787, 200.0), (788, 200.0), (789, 200.0), (790, 200.0), (791, 200.0), (792, 200.0), (793, 200.0), (794, 200.0), (795, 200.0), (796, 200.0), (797, 200.0), (798, 200.0), (799, 200.0), (800, 200.0), (801, 200.0), (802, 200.0), (803, 200.0), (804, 200.0), (805, 200.0), (806, 200.0), (807, 200.0), (808, 200.0), (809, 200.0), (810, 200.0), (811, 200.0), (812, 200.0), (813, 200.0), (814, 200.0), (815, 200.0), (816, 200.0), (817, 200.0), (818, 200.0), (819, 200.0), (820, 200.0), (821, 200.0), (822, 200.0), (823, 200.0), (824, 200.0), (825, 200.0), (826, 200.0), (827, 200.0), (828, 200.0), (829, 200.0), (830, 200.0), (831, 200.0), (832, 200.0), (833, 200.0), (834, 200.0), (835, 200.0), (836, 200.0), (837, 200.0), (838, 200.0), (839, 200.0), (840, 200.0), (841, 200.0), (842, 200.0), (843, 200.0), (844, 200.0), (845, 200.0), (846, 200.0), (847, 200.0), (848, 200.0), (849, 200.0), (850, 200.0), (851, 200.0), (852, 200.0), (853, 200.0), (854, 200.0), (855, 200.0), (856, 200.0), (857, 200.0), (858, 200.0), (859, 200.0), (860, 200.0), (861, 200.0), (862, 200.0), (863, 200.0), (864, 200.0), (865, 200.0), (866, 200.0), (867, 200.0), (868, 200.0), (869, 200.0), (870, 200.0), (871, 200.0), (872, 200.0), (873, 200.0), (874, 200.0), (875, 200.0), (876, 200.0), (877, 200.0), (878, 200.0), (879, 200.0), (880, 200.0), (881, 200.0), (882, 200.0), (883, 200.0), (884, 200.0), (885, 200.0), (886, 200.0), (887, 200.0), (888, 200.0), (889, 200.0), (890, 200.0), (891, 200.0), (892, 200.0), (893, 200.0), (894, 200.0), (895, 200.0), (896, 200.0), (897, 200.0), (898, 200.0), (899, 200.0), (900, 200.0), (901, 200.0), (902, 200.0), (903, 200.0), (904, 200.0), (905, 200.0), (906, 200.0), (907, 200.0), (908, 200.0), (909, 200.0), (910, 200.0), (911, 200.0), (912, 200.0), (913, 200.0), (914, 200.0), (915, 200.0), (916, 200.0), (917, 200.0), (918, 200.0), (919, 200.0), (920, 200.0), (921, 200.0), (922, 200.0), (923, 200.0), (924, 200.0), (925, 200.0), (926, 200.0), (927, 200.0), (928, 200.0), (929, 200.0), (930, 200.0), (931, 200.0), (932, 200.0), (933, 200.0), (934, 200.0), (935, 200.0), (936, 200.0), (937, 200.0), (938, 200.0), (939, 200.0), (940, 200.0), (941, 200.0), (942, 200.0), (943, 200.0), (944, 200.0), (945, 200.0), (946, 200.0), (947, 200.0), (948, 200.0), (949, 200.0), (950, 200.0), (951, 200.0), (952, 200.0), (953, 200.0), (954, 200.0), (955, 200.0), (956, 200.0), (957, 200.0), (958, 200.0), (959, 200.0), (960, 200.0), (961, 200.0), (962, 200.0), (963, 200.0), (964, 200.0), (965, 200.0), (966, 200.0), (967, 200.0), (968, 200.0), (969, 200.0), (970, 200.0), (971, 200.0), (972, 200.0), (973, 200.0), (974, 200.0), (975, 200.0), (976, 200.0), (977, 200.0), (978, 200.0), (979, 200.0), (980, 200.0), (981, 200.0), (982, 200.0), (983, 200.0), (984, 200.0), (985, 200.0), (986, 200.0), (987, 200.0), (988, 200.0), (989, 200.0), (990, 200.0), (991, 200.0), (992, 200.0), (993, 200.0), (994, 200.0), (995, 200.0), (996, 200.0), (997, 200.0), (998, 200.0), (999, 200.0), (1000, 200.0), (1001, 200.0), (1002, 200.0), (1003, 200.0), (1004, 200.0), (1005, 200.0), (1006, 200.0), (1007, 200.0), (1008, 200.0), (1009, 200.0), (1010, 200.0), (1011, 200.0), (1012, 200.0), (1013, 200.0), (1014, 200.0), (1015, 200.0), (1016, 200.0), (1017, 200.0), (1018, 200.0), (1019, 200.0), (1020, 200.0), (1021, 200.0), (1022, 200.0), (1023, 200.0), (1024, 200.0), (1025, 200.0), (1026, 200.0), (1027, 200.0), (1028, 200.0), (1029, 200.0), (1030, 200.0), (1031, 200.0), (1032, 200.0), (1033, 200.0), (1034, 200.0), (1035, 200.0), (1036, 200.0), (1037, 200.0), (1038, 200.0), (1039, 200.0), (1040, 200.0), (1041, 200.0), (1042, 200.0), (1043, 200.0), (1044, 200.0), (1045, 200.0), (1046, 200.0), (1047, 200.0), (1048, 200.0), (1049, 200.0), (1050, 200.0), (1051, 200.0), (1052, 200.0), (1053, 200.0), (1054, 200.0), (1055, 200.0), (1056, 200.0), (1057, 200.0), (1058, 200.0), (1059, 200.0), (1060, 200.0), (1061, 200.0), (1062, 200.0), (1063, 200.0), (1064, 200.0), (1065, 200.0), (1066, 200.0), (1067, 200.0), (1068, 200.0), (1069, 200.0), (1070, 200.0), (1071, 200.0), (1072, 200.0), (1073, 200.0), (1074, 200.0), (1075, 200.0), (1076, 200.0), (1077, 200.0), (1078, 200.0), (1079, 200.0), (1080, 200.0), (1081, 200.0), (1082, 200.0), (1083, 200.0), (1084, 200.0), (1085, 200.0), (1086, 200.0), (1087, 200.0), (1088, 200.0), (1089, 200.0), (1090, 200.0), (1091, 200.0), (1092, 200.0), (1093, 200.0), (1094, 200.0), (1095, 200.0), (1096, 200.0), (1097, 200.0), (1098, 200.0), (1099, 200.0), (1100, 200.0), (1101, 200.0), (1102, 200.0), (1103, 200.0), (1104, 200.0), (1105, 200.0), (1106, 200.0), (1107, 200.0), (1108, 200.0), (1109, 200.0), (1110, 200.0), (1111, 200.0), (1112, 200.0), (1113, 200.0), (1114, 200.0), (1115, 200.0), (1116, 200.0), (1117, 200.0), (1118, 200.0), (1119, 200.0), (1120, 200.0), (1121, 200.0), (1122, 200.0), (1123, 200.0), (1124, 200.0), (1125, 200.0), (1126, 200.0), (1127, 200.0), (1128, 200.0), (1129, 200.0), (1130, 200.0), (1131, 200.0), (1132, 200.0), (1133, 200.0), (1134, 200.0), (1135, 200.0), (1136, 200.0), (1137, 200.0), (1138, 200.0), (1139, 200.0), (1140, 200.0), (1141, 200.0), (1142, 200.0), (1143, 200.0), (1144, 200.0), (1145, 200.0), (1146, 200.0), (1147, 200.0), (1148, 200.0), (1149, 200.0), (1150, 200.0), (1151, 200.0), (1152, 200.0), (1153, 200.0), (1154, 200.0), (1155, 200.0), (1156, 200.0), (1157, 200.0), (1158, 200.0), (1159, 200.0), (1160, 200.0), (1161, 200.0), (1162, 200.0), (1163, 200.0), (1164, 200.0), (1165, 200.0), (1166, 200.0), (1167, 200.0), (1168, 200.0), (1169, 200.0), (1170, 200.0), (1171, 200.0), (1172, 200.0), (1173, 200.0), (1174, 200.0), (1175, 200.0), (1176, 200.0), (1177, 200.0), (1178, 200.0), (1179, 200.0), (1180, 200.0), (1181, 200.0), (1182, 200.0), (1183, 200.0), (1184, 200.0), (1185, 200.0), (1186, 200.0), (1187, 200.0), (1188, 200.0), (1189, 200.0), (1190, 200.0), (1191, 200.0), (1192, 200.0), (1193, 200.0), (1194, 200.0), (1195, 200.0), (1196, 200.0), (1197, 200.0), (1198, 200.0), (1199, 200.0), (1200, 200.0), (1201, 200.0), (1202, 200.0), (1203, 200.0), (1204, 200.0), (1205, 200.0), (1206, 200.0), (1207, 200.0), (1208, 200.0), (1209, 200.0), (1210, 200.0), (1211, 200.0), (1212, 200.0), (1213, 200.0), (1214, 200.0), (1215, 200.0), (1216, 200.0), (1217, 200.0), (1218, 200.0), (1219, 200.0), (1220, 200.0), (1221, 200.0), (1222, 200.0), (1223, 200.0), (1224, 200.0), (1225, 200.0), (1226, 200.0), (1227, 200.0), (1228, 200.0), (1229, 200.0), (1230, 200.0), (1231, 200.0), (1232, 200.0), (1233, 200.0), (1234, 200.0), (1235, 200.0), (1236, 200.0), (1237, 200.0), (1238, 200.0), (1239, 200.0), (1240, 200.0), (1241, 200.0), (1242, 200.0), (1243, 200.0), (1244, 200.0), (1245, 200.0), (1246, 200.0), (1247, 200.0), (1248, 200.0), (1249, 200.0), (1250, 200.0), (1251, 200.0), (1252, 200.0), (1253, 200.0), (1254, 200.0), (1255, 200.0), (1256, 200.0), (1257, 200.0), (1258, 200.0), (1259, 200.0), (1260, 200.0), (1261, 200.0), (1262, 200.0), (1263, 200.0), (1264, 200.0), (1265, 200.0), (1266, 200.0), (1267, 200.0), (1268, 200.0), (1269, 200.0), (1270, 200.0), (1271, 200.0), (1272, 200.0), (1273, 200.0), (1274, 200.0), (1275, 200.0), (1276, 200.0), (1277, 200.0), (1278, 200.0), (1279, 200.0), (1280, 200.0), (1281, 200.0), (1282, 200.0), (1283, 200.0), (1284, 200.0), (1285, 200.0), (1286, 200.0), (1287, 200.0), (1288, 200.0), (1289, 200.0), (1290, 200.0), (1291, 200.0), (1292, 200.0), (1293, 200.0), (1294, 200.0), (1295, 200.0), (1296, 200.0), (1297, 200.0), (1298, 200.0), (1299, 200.0), (1300, 200.0), (1301, 200.0), (1302, 200.0), (1303, 200.0), (1304, 200.0), (1305, 200.0), (1306, 200.0), (1307, 200.0), (1308, 200.0), (1309, 200.0), (1310, 200.0), (1311, 200.0), (1312, 200.0), (1313, 200.0), (1314, 200.0), (1315, 200.0), (1316, 200.0), (1317, 200.0), (1318, 200.0), (1319, 200.0), (1320, 200.0), (1321, 200.0), (1322, 200.0), (1323, 200.0), (1324, 200.0), (1325, 200.0), (1326, 200.0), (1327, 200.0), (1328, 200.0), (1329, 200.0), (1330, 200.0), (1331, 200.0), (1332, 200.0), (1333, 200.0), (1334, 200.0), (1335, 200.0), (1336, 200.0), (1337, 200.0), (1338, 200.0), (1339, 200.0), (1340, 200.0), (1341, 200.0), (1342, 200.0), (1343, 200.0), (1344, 200.0), (1345, 200.0), (1346, 200.0), (1347, 200.0), (1348, 200.0), (1349, 200.0), (1350, 200.0)]
