Iteration 0 avg reward 40.000000
Iteration 100 avg reward 71.979798
Iteration 200 avg reward 124.868687
Iteration 300 avg reward 186.181818
Iteration 400 avg reward 191.727273
Iteration 500 avg reward 198.202020
Iteration 600 avg reward 196.606061
Iteration 700 avg reward 197.282828
Iteration 800 avg reward 196.646465
Iteration 900 avg reward 199.595960
Iteration 1000 avg reward 199.747475
Iteration 1100 avg reward 200.000000
Iteration 1200 avg reward 200.000000
Iteration 1300 avg reward 199.797980
Iteration 1400 avg reward 200.000000
[(0, 40.0), (1, 50.0), (2, 42.666666666666664), (3, 41.0), (4, 38.2), (5, 44.666666666666664), (6, 44.42857142857143), (7, 49.625), (8, 48.55555555555556), (9, 48.3), (10, 47.0), (11, 47.0), (12, 47.92307692307692), (13, 46.142857142857146), (14, 45.46666666666667), (15, 44.5), (16, 49.35294117647059), (17, 50.388888888888886), (18, 49.421052631578945), (19, 48.55), (20, 49.38095238095238), (21, 48.59090909090909), (22, 48.91304347826087), (23, 47.791666666666664), (24, 48.4), (25, 47.38461538461539), (26, 46.925925925925924), (27, 46.5), (28, 48.793103448275865), (29, 48.333333333333336), (30, 48.25806451612903), (31, 49.75), (32, 51.81818181818182), (33, 51.088235294117645), (34, 51.42857142857143), (35, 51.333333333333336), (36, 53.45945945945946), (37, 52.8421052631579), (38, 52.56410256410256), (39, 56.225), (40, 55.8780487804878), (41, 55.976190476190474), (42, 57.325581395348834), (43, 57.79545454545455), (44, 58.17777777777778), (45, 57.43478260869565), (46, 57.5531914893617), (47, 57.4375), (48, 57.265306122448976), (49, 57.34), (50, 56.8235294117647), (51, 56.98076923076923), (52, 57.64150943396226), (53, 57.27777777777778), (54, 57.09090909090909), (55, 57.964285714285715), (56, 57.29824561403509), (57, 58.172413793103445), (58, 57.728813559322035), (59, 58.13333333333333), (60, 59.67213114754098), (61, 59.82258064516129), (62, 60.06349206349206), (63, 60.484375), (64, 60.261538461538464), (65, 61.22727272727273), (66, 60.73134328358209), (67, 60.60294117647059), (68, 60.11594202898551), (69, 60.47142857142857), (70, 60.140845070422536), (71, 60.43055555555556), (72, 60.10958904109589), (73, 60.391891891891895), (74, 60.04), (75, 60.30263157894737), (76, 59.87012987012987), (77, 59.94871794871795), (78, 61.164556962025316), (79, 61.925), (80, 61.7037037037037), (81, 62.292682926829265), (82, 62.855421686746986), (83, 62.904761904761905), (84, 62.88235294117647), (85, 63.383720930232556), (86, 64.6896551724138), (87, 65.47727272727273), (88, 66.2247191011236), (89, 66.36666666666666), (90, 67.23076923076923), (91, 66.8695652173913), (92, 66.97849462365592), (93, 67.02127659574468), (94, 67.49473684210527), (95, 68.05208333333333), (96, 68.18556701030928), (97, 68.3061224489796), (98, 69.15151515151516), (99, 70.53535353535354), (100, 71.97979797979798), (101, 73.42424242424242), (102, 74.05050505050505), (103, 74.05050505050505), (104, 74.78787878787878), (105, 75.15151515151516), (106, 75.98989898989899), (107, 77.02020202020202), (108, 77.75757575757575), (109, 77.95959595959596), (110, 79.41414141414141), (111, 79.53535353535354), (112, 80.55555555555556), (113, 82.21212121212122), (114, 82.83838383838383), (115, 83.35353535353535), (116, 84.68686868686869), (117, 84.78787878787878), (118, 85.52525252525253), (119, 86.87878787878788), (120, 87.79797979797979), (121, 89.25252525252525), (122, 90.5050505050505), (123, 91.88888888888889), (124, 93.68686868686869), (125, 94.75757575757575), (126, 96.42424242424242), (127, 97.3030303030303), (128, 98.88888888888889), (129, 98.98989898989899), (130, 99.77777777777777), (131, 100.07070707070707), (132, 101.81818181818181), (133, 102.92929292929293), (134, 103.73737373737374), (135, 103.9090909090909), (136, 104.20202020202021), (137, 104.55555555555556), (138, 103.37373737373737), (139, 103.75757575757575), (140, 103.71717171717172), (141, 103.43434343434343), (142, 103.54545454545455), (143, 103.45454545454545), (144, 104.31313131313131), (145, 104.35353535353535), (146, 104.28282828282828), (147, 104.35353535353535), (148, 105.0), (149, 105.29292929292929), (150, 105.16161616161617), (151, 105.22222222222223), (152, 105.45454545454545), (153, 105.41414141414141), (154, 105.07070707070707), (155, 105.48484848484848), (156, 105.64646464646465), (157, 106.01010101010101), (158, 105.95959595959596), (159, 105.0), (160, 105.21212121212122), (161, 106.01010101010101), (162, 105.77777777777777), (163, 106.66666666666667), (164, 106.37373737373737), (165, 106.74747474747475), (166, 106.93939393939394), (167, 107.15151515151516), (168, 108.1010101010101), (169, 109.20202020202021), (170, 109.04040404040404), (171, 110.39393939393939), (172, 111.42424242424242), (173, 112.28282828282828), (174, 113.4949494949495), (175, 115.16161616161617), (176, 116.39393939393939), (177, 116.83838383838383), (178, 116.85858585858585), (179, 118.28282828282828), (180, 118.73737373737374), (181, 119.58585858585859), (182, 119.62626262626263), (183, 120.03030303030303), (184, 120.97979797979798), (185, 120.08080808080808), (186, 119.4040404040404), (187, 120.0909090909091), (188, 120.3030303030303), (189, 120.85858585858585), (190, 121.63636363636364), (191, 122.87878787878788), (192, 123.68686868686869), (193, 124.57575757575758), (194, 124.81818181818181), (195, 124.91919191919192), (196, 125.36363636363636), (197, 124.96969696969697), (198, 125.16161616161617), (199, 124.62626262626263), (200, 124.86868686868686), (201, 125.74747474747475), (202, 127.48484848484848), (203, 129.24242424242425), (204, 131.04040404040404), (205, 132.45454545454547), (206, 133.40404040404042), (207, 134.86868686868686), (208, 135.45454545454547), (209, 137.1818181818182), (210, 137.75757575757575), (211, 137.3939393939394), (212, 137.62626262626262), (213, 139.1010101010101), (214, 139.91919191919192), (215, 141.78787878787878), (216, 142.93939393939394), (217, 143.25252525252526), (218, 144.07070707070707), (219, 145.6969696969697), (220, 146.4949494949495), (221, 147.66666666666666), (222, 148.45454545454547), (223, 149.02020202020202), (224, 150.40404040404042), (225, 150.6161616161616), (226, 152.05050505050505), (227, 153.02020202020202), (228, 153.27272727272728), (229, 153.8080808080808), (230, 154.32323232323233), (231, 155.64646464646464), (232, 155.8181818181818), (233, 156.65656565656565), (234, 156.65656565656565), (235, 156.4949494949495), (236, 157.58585858585857), (237, 157.58585858585857), (238, 157.83838383838383), (239, 158.3838383838384), (240, 158.55555555555554), (241, 158.55555555555554), (242, 158.55555555555554), (243, 158.55555555555554), (244, 158.56565656565655), (245, 158.67676767676767), (246, 158.67676767676767), (247, 159.95959595959596), (248, 160.76767676767676), (249, 160.94949494949495), (250, 160.94949494949495), (251, 160.66666666666666), (252, 160.66666666666666), (253, 161.72727272727272), (254, 162.25252525252526), (255, 163.64646464646464), (256, 163.64646464646464), (257, 164.15151515151516), (258, 164.59595959595958), (259, 165.05050505050505), (260, 166.010101010101), (261, 166.010101010101), (262, 166.010101010101), (263, 166.010101010101), (264, 167.17171717171718), (265, 167.55555555555554), (266, 168.15151515151516), (267, 169.24242424242425), (268, 168.6161616161616), (269, 169.15151515151516), (270, 170.02020202020202), (271, 170.78787878787878), (272, 171.2020202020202), (273, 172.02020202020202), (274, 172.989898989899), (275, 174.2929292929293), (276, 175.46464646464648), (277, 176.97979797979798), (278, 177.989898989899), (279, 177.989898989899), (280, 178.4747474747475), (281, 179.24242424242425), (282, 179.42424242424244), (283, 180.010101010101), (284, 180.24242424242425), (285, 180.5151515151515), (286, 180.83838383838383), (287, 180.15151515151516), (288, 181.15151515151516), (289, 182.2020202020202), (290, 181.84848484848484), (291, 182.92929292929293), (292, 183.35353535353536), (293, 184.94949494949495), (294, 185.21212121212122), (295, 185.67676767676767), (296, 185.46464646464648), (297, 185.57575757575756), (298, 185.57575757575756), (299, 185.57575757575756), (300, 186.1818181818182), (301, 186.1818181818182), (302, 186.1818181818182), (303, 187.1818181818182), (304, 188.05050505050505), (305, 188.53535353535352), (306, 189.02020202020202), (307, 189.05050505050505), (308, 189.7979797979798), (309, 190.2020202020202), (310, 190.37373737373738), (311, 190.37373737373738), (312, 190.37373737373738), (313, 190.77777777777777), (314, 190.86868686868686), (315, 190.44444444444446), (316, 190.7171717171717), (317, 190.7171717171717), (318, 190.7171717171717), (319, 190.6060606060606), (320, 190.55555555555554), (321, 190.53535353535352), (322, 190.21212121212122), (323, 190.21212121212122), (324, 190.07070707070707), (325, 190.07070707070707), (326, 190.74747474747474), (327, 190.74747474747474), (328, 191.4848484848485), (329, 191.83838383838383), (330, 191.83838383838383), (331, 192.23232323232324), (332, 192.23232323232324), (333, 191.65656565656565), (334, 191.78787878787878), (335, 191.6161616161616), (336, 191.6161616161616), (337, 191.1010101010101), (338, 191.05050505050505), (339, 191.05050505050505), (340, 191.05050505050505), (341, 191.05050505050505), (342, 190.67676767676767), (343, 191.08080808080808), (344, 191.08080808080808), (345, 191.08080808080808), (346, 190.22222222222223), (347, 190.22222222222223), (348, 189.7070707070707), (349, 189.44444444444446), (350, 190.62626262626262), (351, 190.0), (352, 189.6969696969697), (353, 189.6969696969697), (354, 189.6969696969697), (355, 189.6969696969697), (356, 189.3030303030303), (357, 189.0909090909091), (358, 189.0), (359, 189.0), (360, 188.87878787878788), (361, 188.87878787878788), (362, 188.87878787878788), (363, 188.87878787878788), (364, 188.95959595959596), (365, 188.95959595959596), (366, 188.95959595959596), (367, 189.58585858585857), (368, 189.33333333333334), (369, 189.33333333333334), (370, 189.27272727272728), (371, 189.40404040404042), (372, 189.40404040404042), (373, 189.73737373737373), (374, 189.73737373737373), (375, 189.7171717171717), (376, 189.7171717171717), (377, 189.7171717171717), (378, 189.7171717171717), (379, 189.7171717171717), (380, 189.7171717171717), (381, 189.7171717171717), (382, 189.7171717171717), (383, 189.7171717171717), (384, 189.7171717171717), (385, 189.7171717171717), (386, 190.6161616161616), (387, 190.6161616161616), (388, 190.6161616161616), (389, 190.74747474747474), (390, 190.74747474747474), (391, 190.74747474747474), (392, 190.74747474747474), (393, 190.74747474747474), (394, 190.74747474747474), (395, 191.72727272727272), (396, 191.72727272727272), (397, 191.72727272727272), (398, 191.72727272727272), (399, 191.72727272727272), (400, 191.72727272727272), (401, 191.72727272727272), (402, 191.72727272727272), (403, 191.72727272727272), (404, 191.72727272727272), (405, 191.72727272727272), (406, 191.72727272727272), (407, 191.72727272727272), (408, 191.72727272727272), (409, 191.72727272727272), (410, 191.72727272727272), (411, 191.72727272727272), (412, 191.72727272727272), (413, 191.72727272727272), (414, 192.15151515151516), (415, 192.15151515151516), (416, 192.15151515151516), (417, 192.15151515151516), (418, 192.26262626262627), (419, 192.44444444444446), (420, 192.46464646464648), (421, 192.78787878787878), (422, 192.78787878787878), (423, 192.92929292929293), (424, 192.92929292929293), (425, 192.92929292929293), (426, 192.92929292929293), (427, 192.92929292929293), (428, 193.1919191919192), (429, 193.1919191919192), (430, 193.15151515151516), (431, 193.15151515151516), (432, 193.72727272727272), (433, 194.1919191919192), (434, 194.36363636363637), (435, 194.36363636363637), (436, 194.87878787878788), (437, 194.92929292929293), (438, 194.92929292929293), (439, 194.92929292929293), (440, 194.92929292929293), (441, 195.3030303030303), (442, 195.3030303030303), (443, 195.3030303030303), (444, 195.3030303030303), (445, 196.16161616161617), (446, 196.16161616161617), (447, 196.67676767676767), (448, 196.93939393939394), (449, 196.93939393939394), (450, 197.31313131313132), (451, 197.6161616161616), (452, 197.6161616161616), (453, 197.6161616161616), (454, 197.6161616161616), (455, 198.010101010101), (456, 198.22222222222223), (457, 198.31313131313132), (458, 197.59595959595958), (459, 197.7171717171717), (460, 197.7171717171717), (461, 197.7171717171717), (462, 197.7171717171717), (463, 197.82828282828282), (464, 197.82828282828282), (465, 197.54545454545453), (466, 197.54545454545453), (467, 197.85858585858585), (468, 197.85858585858585), (469, 197.91919191919192), (470, 197.91919191919192), (471, 197.91919191919192), (472, 197.91919191919192), (473, 197.91919191919192), (474, 197.93939393939394), (475, 197.93939393939394), (476, 197.5252525252525), (477, 197.5252525252525), (478, 197.5252525252525), (479, 197.5252525252525), (480, 197.5252525252525), (481, 197.5252525252525), (482, 197.5252525252525), (483, 197.5252525252525), (484, 197.5252525252525), (485, 197.5252525252525), (486, 197.5252525252525), (487, 197.5252525252525), (488, 198.2020202020202), (489, 198.2020202020202), (490, 198.2020202020202), (491, 198.2020202020202), (492, 198.2020202020202), (493, 198.2020202020202), (494, 198.2020202020202), (495, 198.2020202020202), (496, 198.2020202020202), (497, 198.2020202020202), (498, 198.2020202020202), (499, 198.2020202020202), (500, 198.2020202020202), (501, 198.2020202020202), (502, 198.2020202020202), (503, 197.83838383838383), (504, 197.83838383838383), (505, 197.83838383838383), (506, 197.83838383838383), (507, 197.83838383838383), (508, 197.83838383838383), (509, 197.83838383838383), (510, 197.83838383838383), (511, 197.56565656565655), (512, 197.56565656565655), (513, 197.56565656565655), (514, 197.56565656565655), (515, 197.56565656565655), (516, 197.56565656565655), (517, 197.56565656565655), (518, 197.37373737373738), (519, 197.37373737373738), (520, 197.37373737373738), (521, 197.37373737373738), (522, 197.37373737373738), (523, 197.37373737373738), (524, 197.37373737373738), (525, 197.37373737373738), (526, 196.7979797979798), (527, 196.7979797979798), (528, 196.7979797979798), (529, 196.92929292929293), (530, 196.42424242424244), (531, 196.42424242424244), (532, 196.42424242424244), (533, 196.42424242424244), (534, 196.42424242424244), (535, 196.42424242424244), (536, 196.05050505050505), (537, 196.05050505050505), (538, 195.8181818181818), (539, 195.8181818181818), (540, 195.8181818181818), (541, 195.26262626262627), (542, 195.26262626262627), (543, 195.26262626262627), (544, 195.26262626262627), (545, 195.26262626262627), (546, 194.8181818181818), (547, 195.03030303030303), (548, 195.03030303030303), (549, 195.03030303030303), (550, 195.03030303030303), (551, 196.42424242424244), (552, 196.42424242424244), (553, 196.42424242424244), (554, 196.42424242424244), (555, 196.42424242424244), (556, 196.42424242424244), (557, 197.34343434343435), (558, 197.34343434343435), (559, 197.34343434343435), (560, 197.34343434343435), (561, 197.34343434343435), (562, 197.24242424242425), (563, 197.24242424242425), (564, 197.15151515151516), (565, 197.15151515151516), (566, 197.15151515151516), (567, 197.15151515151516), (568, 197.15151515151516), (569, 197.15151515151516), (570, 196.76767676767676), (571, 196.72727272727272), (572, 195.95959595959596), (573, 195.95959595959596), (574, 195.95959595959596), (575, 195.45454545454547), (576, 195.45454545454547), (577, 195.45454545454547), (578, 195.45454545454547), (579, 195.26262626262627), (580, 195.05050505050505), (581, 195.05050505050505), (582, 195.05050505050505), (583, 195.05050505050505), (584, 195.05050505050505), (585, 195.05050505050505), (586, 195.05050505050505), (587, 195.02020202020202), (588, 195.02020202020202), (589, 195.02020202020202), (590, 195.02020202020202), (591, 195.02020202020202), (592, 196.55555555555554), (593, 196.55555555555554), (594, 196.55555555555554), (595, 196.55555555555554), (596, 196.55555555555554), (597, 196.55555555555554), (598, 196.55555555555554), (599, 196.55555555555554), (600, 196.6060606060606), (601, 196.6060606060606), (602, 196.45454545454547), (603, 196.45454545454547), (604, 196.45454545454547), (605, 196.45454545454547), (606, 196.45454545454547), (607, 196.45454545454547), (608, 196.02020202020202), (609, 196.02020202020202), (610, 195.5050505050505), (611, 195.35353535353536), (612, 195.35353535353536), (613, 195.35353535353536), (614, 195.35353535353536), (615, 195.35353535353536), (616, 195.35353535353536), (617, 195.35353535353536), (618, 195.2020202020202), (619, 195.2020202020202), (620, 195.2020202020202), (621, 195.2020202020202), (622, 195.2020202020202), (623, 194.64646464646464), (624, 194.16161616161617), (625, 194.16161616161617), (626, 195.23232323232324), (627, 195.23232323232324), (628, 195.23232323232324), (629, 195.23232323232324), (630, 195.23232323232324), (631, 195.23232323232324), (632, 195.23232323232324), (633, 195.23232323232324), (634, 194.8989898989899), (635, 194.8989898989899), (636, 194.8989898989899), (637, 194.63636363636363), (638, 194.63636363636363), (639, 194.63636363636363), (640, 194.82828282828282), (641, 195.43434343434345), (642, 194.65656565656565), (643, 194.63636363636363), (644, 194.63636363636363), (645, 194.36363636363637), (646, 194.36363636363637), (647, 194.36363636363637), (648, 194.2929292929293), (649, 194.2929292929293), (650, 194.2929292929293), (651, 194.2020202020202), (652, 194.2020202020202), (653, 193.6161616161616), (654, 193.4949494949495), (655, 193.3939393939394), (656, 193.3939393939394), (657, 193.3939393939394), (658, 193.1919191919192), (659, 193.1919191919192), (660, 193.1919191919192), (661, 193.2929292929293), (662, 193.2929292929293), (663, 193.3838383838384), (664, 193.3838383838384), (665, 193.17171717171718), (666, 193.17171717171718), (667, 193.11111111111111), (668, 194.989898989899), (669, 195.5252525252525), (670, 194.87878787878788), (671, 195.37373737373738), (672, 195.37373737373738), (673, 195.6161616161616), (674, 196.05050505050505), (675, 196.22222222222223), (676, 196.22222222222223), (677, 196.22222222222223), (678, 196.22222222222223), (679, 196.22222222222223), (680, 196.22222222222223), (681, 196.22222222222223), (682, 196.22222222222223), (683, 196.22222222222223), (684, 196.22222222222223), (685, 196.22222222222223), (686, 196.22222222222223), (687, 196.23232323232324), (688, 196.53535353535352), (689, 196.53535353535352), (690, 196.53535353535352), (691, 197.2828282828283), (692, 197.2828282828283), (693, 197.2828282828283), (694, 197.2828282828283), (695, 197.2828282828283), (696, 197.2828282828283), (697, 197.2828282828283), (698, 197.2828282828283), (699, 197.2828282828283), (700, 197.2828282828283), (701, 197.2828282828283), (702, 197.2828282828283), (703, 197.2828282828283), (704, 197.2828282828283), (705, 197.2828282828283), (706, 197.2828282828283), (707, 197.23232323232324), (708, 197.23232323232324), (709, 197.23232323232324), (710, 197.23232323232324), (711, 197.23232323232324), (712, 197.23232323232324), (713, 197.23232323232324), (714, 197.23232323232324), (715, 197.23232323232324), (716, 197.55555555555554), (717, 197.55555555555554), (718, 197.55555555555554), (719, 197.55555555555554), (720, 197.55555555555554), (721, 197.55555555555554), (722, 197.55555555555554), (723, 197.55555555555554), (724, 197.55555555555554), (725, 197.55555555555554), (726, 196.94949494949495), (727, 196.94949494949495), (728, 196.94949494949495), (729, 197.010101010101), (730, 197.010101010101), (731, 197.010101010101), (732, 197.010101010101), (733, 196.0), (734, 196.0), (735, 196.0), (736, 196.11111111111111), (737, 196.4949494949495), (738, 196.4949494949495), (739, 196.4949494949495), (740, 196.4949494949495), (741, 196.8181818181818), (742, 196.8181818181818), (743, 196.8181818181818), (744, 197.2020202020202), (745, 197.2020202020202), (746, 197.2020202020202), (747, 197.2020202020202), (748, 197.2020202020202), (749, 197.2020202020202), (750, 197.2020202020202), (751, 197.2020202020202), (752, 197.2020202020202), (753, 197.2020202020202), (754, 197.2020202020202), (755, 197.2020202020202), (756, 197.2020202020202), (757, 197.2020202020202), (758, 197.2020202020202), (759, 197.2020202020202), (760, 197.2020202020202), (761, 197.2020202020202), (762, 197.2020202020202), (763, 197.2020202020202), (764, 197.2020202020202), (765, 197.2020202020202), (766, 197.2020202020202), (767, 197.2020202020202), (768, 197.2020202020202), (769, 197.84848484848484), (770, 197.84848484848484), (771, 197.84848484848484), (772, 197.84848484848484), (773, 197.84848484848484), (774, 197.84848484848484), (775, 197.84848484848484), (776, 197.84848484848484), (777, 197.4747474747475), (778, 197.4747474747475), (779, 197.4747474747475), (780, 197.4747474747475), (781, 197.4747474747475), (782, 197.4747474747475), (783, 197.4747474747475), (784, 197.04040404040404), (785, 196.4848484848485), (786, 196.2020202020202), (787, 196.2020202020202), (788, 196.2020202020202), (789, 196.64646464646464), (790, 196.64646464646464), (791, 196.88888888888889), (792, 196.88888888888889), (793, 196.88888888888889), (794, 196.88888888888889), (795, 196.91919191919192), (796, 197.2828282828283), (797, 196.63636363636363), (798, 196.63636363636363), (799, 196.64646464646464), (800, 196.64646464646464), (801, 196.64646464646464), (802, 196.64646464646464), (803, 196.64646464646464), (804, 196.64646464646464), (805, 196.74747474747474), (806, 196.97979797979798), (807, 197.34343434343435), (808, 197.34343434343435), (809, 197.54545454545453), (810, 197.65656565656565), (811, 197.65656565656565), (812, 197.65656565656565), (813, 197.65656565656565), (814, 197.65656565656565), (815, 197.65656565656565), (816, 197.65656565656565), (817, 197.65656565656565), (818, 197.65656565656565), (819, 197.65656565656565), (820, 197.65656565656565), (821, 197.37373737373738), (822, 197.37373737373738), (823, 197.37373737373738), (824, 197.65656565656565), (825, 197.65656565656565), (826, 197.65656565656565), (827, 197.65656565656565), (828, 197.65656565656565), (829, 197.65656565656565), (830, 197.65656565656565), (831, 197.65656565656565), (832, 197.65656565656565), (833, 197.65656565656565), (834, 197.65656565656565), (835, 197.65656565656565), (836, 197.65656565656565), (837, 197.65656565656565), (838, 197.65656565656565), (839, 197.65656565656565), (840, 197.86868686868686), (841, 197.86868686868686), (842, 197.86868686868686), (843, 197.86868686868686), (844, 197.86868686868686), (845, 197.86868686868686), (846, 197.86868686868686), (847, 197.86868686868686), (848, 197.86868686868686), (849, 197.86868686868686), (850, 197.86868686868686), (851, 197.86868686868686), (852, 198.23232323232324), (853, 198.23232323232324), (854, 198.23232323232324), (855, 198.37373737373738), (856, 198.42424242424244), (857, 198.86868686868686), (858, 198.86868686868686), (859, 198.86868686868686), (860, 198.86868686868686), (861, 198.86868686868686), (862, 198.86868686868686), (863, 198.86868686868686), (864, 198.86868686868686), (865, 198.86868686868686), (866, 198.86868686868686), (867, 198.86868686868686), (868, 198.86868686868686), (869, 198.86868686868686), (870, 198.86868686868686), (871, 198.86868686868686), (872, 198.86868686868686), (873, 198.86868686868686), (874, 198.86868686868686), (875, 198.86868686868686), (876, 198.86868686868686), (877, 198.86868686868686), (878, 198.86868686868686), (879, 198.86868686868686), (880, 198.86868686868686), (881, 198.86868686868686), (882, 198.86868686868686), (883, 198.86868686868686), (884, 198.86868686868686), (885, 198.86868686868686), (886, 198.9090909090909), (887, 198.9090909090909), (888, 198.9090909090909), (889, 198.9090909090909), (890, 198.9090909090909), (891, 198.9090909090909), (892, 198.9090909090909), (893, 198.9090909090909), (894, 198.9090909090909), (895, 198.93939393939394), (896, 199.59595959595958), (897, 199.59595959595958), (898, 199.59595959595958), (899, 199.59595959595958), (900, 199.59595959595958), (901, 199.59595959595958), (902, 199.59595959595958), (903, 199.59595959595958), (904, 199.59595959595958), (905, 199.77777777777777), (906, 199.77777777777777), (907, 199.77777777777777), (908, 199.77777777777777), (909, 199.83838383838383), (910, 199.83838383838383), (911, 199.83838383838383), (912, 199.72727272727272), (913, 199.72727272727272), (914, 199.72727272727272), (915, 199.72727272727272), (916, 199.72727272727272), (917, 199.72727272727272), (918, 199.88888888888889), (919, 199.88888888888889), (920, 199.88888888888889), (921, 199.88888888888889), (922, 199.88888888888889), (923, 199.88888888888889), (924, 199.88888888888889), (925, 199.88888888888889), (926, 199.72727272727272), (927, 199.72727272727272), (928, 199.72727272727272), (929, 199.72727272727272), (930, 199.72727272727272), (931, 199.72727272727272), (932, 199.74747474747474), (933, 199.74747474747474), (934, 199.74747474747474), (935, 199.74747474747474), (936, 199.74747474747474), (937, 199.74747474747474), (938, 199.83838383838383), (939, 199.83838383838383), (940, 199.83838383838383), (941, 199.83838383838383), (942, 199.83838383838383), (943, 199.83838383838383), (944, 199.83838383838383), (945, 199.83838383838383), (946, 199.83838383838383), (947, 199.83838383838383), (948, 199.83838383838383), (949, 199.83838383838383), (950, 199.83838383838383), (951, 199.83838383838383), (952, 199.83838383838383), (953, 199.83838383838383), (954, 199.83838383838383), (955, 199.83838383838383), (956, 199.83838383838383), (957, 199.83838383838383), (958, 199.83838383838383), (959, 199.83838383838383), (960, 199.83838383838383), (961, 199.83838383838383), (962, 199.83838383838383), (963, 199.83838383838383), (964, 199.83838383838383), (965, 199.83838383838383), (966, 199.83838383838383), (967, 199.83838383838383), (968, 199.83838383838383), (969, 199.83838383838383), (970, 199.83838383838383), (971, 199.83838383838383), (972, 199.83838383838383), (973, 199.83838383838383), (974, 199.83838383838383), (975, 199.83838383838383), (976, 199.83838383838383), (977, 199.74747474747474), (978, 199.74747474747474), (979, 199.74747474747474), (980, 199.74747474747474), (981, 199.74747474747474), (982, 199.74747474747474), (983, 199.74747474747474), (984, 199.74747474747474), (985, 199.74747474747474), (986, 199.74747474747474), (987, 199.74747474747474), (988, 199.74747474747474), (989, 199.74747474747474), (990, 199.74747474747474), (991, 199.74747474747474), (992, 199.74747474747474), (993, 199.74747474747474), (994, 199.74747474747474), (995, 199.74747474747474), (996, 199.74747474747474), (997, 199.74747474747474), (998, 199.74747474747474), (999, 199.74747474747474), (1000, 199.74747474747474), (1001, 199.74747474747474), (1002, 199.74747474747474), (1003, 199.17171717171718), (1004, 199.17171717171718), (1005, 199.17171717171718), (1006, 199.17171717171718), (1007, 199.17171717171718), (1008, 199.17171717171718), (1009, 199.17171717171718), (1010, 199.17171717171718), (1011, 199.17171717171718), (1012, 199.17171717171718), (1013, 199.17171717171718), (1014, 199.17171717171718), (1015, 199.17171717171718), (1016, 199.17171717171718), (1017, 199.17171717171718), (1018, 199.17171717171718), (1019, 199.17171717171718), (1020, 199.17171717171718), (1021, 199.17171717171718), (1022, 199.17171717171718), (1023, 199.33333333333334), (1024, 199.33333333333334), (1025, 199.33333333333334), (1026, 199.33333333333334), (1027, 199.33333333333334), (1028, 199.41414141414143), (1029, 199.41414141414143), (1030, 199.41414141414143), (1031, 199.41414141414143), (1032, 199.41414141414143), (1033, 199.41414141414143), (1034, 199.41414141414143), (1035, 199.41414141414143), (1036, 199.41414141414143), (1037, 199.41414141414143), (1038, 199.41414141414143), (1039, 199.41414141414143), (1040, 199.41414141414143), (1041, 199.41414141414143), (1042, 199.41414141414143), (1043, 199.41414141414143), (1044, 199.41414141414143), (1045, 199.41414141414143), (1046, 199.41414141414143), (1047, 199.41414141414143), (1048, 199.41414141414143), (1049, 199.41414141414143), (1050, 199.5050505050505), (1051, 199.5050505050505), (1052, 199.5050505050505), (1053, 199.5050505050505), (1054, 199.56565656565655), (1055, 199.56565656565655), (1056, 199.56565656565655), (1057, 199.56565656565655), (1058, 199.56565656565655), (1059, 199.56565656565655), (1060, 199.56565656565655), (1061, 199.56565656565655), (1062, 199.56565656565655), (1063, 199.56565656565655), (1064, 199.66666666666666), (1065, 199.66666666666666), (1066, 199.66666666666666), (1067, 199.66666666666666), (1068, 199.66666666666666), (1069, 199.66666666666666), (1070, 200.0), (1071, 200.0), (1072, 200.0), (1073, 200.0), (1074, 200.0), (1075, 200.0), (1076, 200.0), (1077, 200.0), (1078, 200.0), (1079, 200.0), (1080, 200.0), (1081, 200.0), (1082, 200.0), (1083, 200.0), (1084, 200.0), (1085, 200.0), (1086, 200.0), (1087, 200.0), (1088, 200.0), (1089, 200.0), (1090, 200.0), (1091, 200.0), (1092, 200.0), (1093, 200.0), (1094, 200.0), (1095, 200.0), (1096, 200.0), (1097, 200.0), (1098, 200.0), (1099, 200.0), (1100, 200.0), (1101, 200.0), (1102, 200.0), (1103, 200.0), (1104, 200.0), (1105, 200.0), (1106, 200.0), (1107, 200.0), (1108, 200.0), (1109, 200.0), (1110, 200.0), (1111, 200.0), (1112, 200.0), (1113, 200.0), (1114, 200.0), (1115, 200.0), (1116, 200.0), (1117, 200.0), (1118, 200.0), (1119, 200.0), (1120, 200.0), (1121, 200.0), (1122, 200.0), (1123, 200.0), (1124, 200.0), (1125, 200.0), (1126, 200.0), (1127, 200.0), (1128, 200.0), (1129, 200.0), (1130, 200.0), (1131, 200.0), (1132, 200.0), (1133, 200.0), (1134, 200.0), (1135, 200.0), (1136, 200.0), (1137, 200.0), (1138, 200.0), (1139, 200.0), (1140, 200.0), (1141, 200.0), (1142, 200.0), (1143, 200.0), (1144, 200.0), (1145, 200.0), (1146, 200.0), (1147, 200.0), (1148, 200.0), (1149, 200.0), (1150, 200.0), (1151, 200.0), (1152, 200.0), (1153, 200.0), (1154, 200.0), (1155, 200.0), (1156, 200.0), (1157, 200.0), (1158, 200.0), (1159, 200.0), (1160, 200.0), (1161, 200.0), (1162, 200.0), (1163, 200.0), (1164, 200.0), (1165, 200.0), (1166, 200.0), (1167, 200.0), (1168, 200.0), (1169, 200.0), (1170, 200.0), (1171, 200.0), (1172, 200.0), (1173, 200.0), (1174, 200.0), (1175, 200.0), (1176, 200.0), (1177, 200.0), (1178, 200.0), (1179, 200.0), (1180, 200.0), (1181, 200.0), (1182, 200.0), (1183, 200.0), (1184, 200.0), (1185, 200.0), (1186, 200.0), (1187, 200.0), (1188, 200.0), (1189, 200.0), (1190, 200.0), (1191, 200.0), (1192, 200.0), (1193, 200.0), (1194, 200.0), (1195, 200.0), (1196, 200.0), (1197, 200.0), (1198, 200.0), (1199, 200.0), (1200, 200.0), (1201, 200.0), (1202, 200.0), (1203, 200.0), (1204, 200.0), (1205, 200.0), (1206, 200.0), (1207, 200.0), (1208, 200.0), (1209, 200.0), (1210, 200.0), (1211, 200.0), (1212, 200.0), (1213, 200.0), (1214, 200.0), (1215, 200.0), (1216, 200.0), (1217, 200.0), (1218, 200.0), (1219, 200.0), (1220, 200.0), (1221, 200.0), (1222, 200.0), (1223, 200.0), (1224, 200.0), (1225, 200.0), (1226, 200.0), (1227, 200.0), (1228, 200.0), (1229, 200.0), (1230, 200.0), (1231, 200.0), (1232, 200.0), (1233, 200.0), (1234, 200.0), (1235, 200.0), (1236, 200.0), (1237, 200.0), (1238, 200.0), (1239, 200.0), (1240, 200.0), (1241, 200.0), (1242, 200.0), (1243, 200.0), (1244, 200.0), (1245, 200.0), (1246, 200.0), (1247, 200.0), (1248, 200.0), (1249, 200.0), (1250, 200.0), (1251, 200.0), (1252, 200.0), (1253, 200.0), (1254, 200.0), (1255, 200.0), (1256, 200.0), (1257, 200.0), (1258, 200.0), (1259, 200.0), (1260, 200.0), (1261, 200.0), (1262, 200.0), (1263, 200.0), (1264, 200.0), (1265, 200.0), (1266, 200.0), (1267, 200.0), (1268, 200.0), (1269, 200.0), (1270, 200.0), (1271, 200.0), (1272, 200.0), (1273, 200.0), (1274, 200.0), (1275, 200.0), (1276, 200.0), (1277, 200.0), (1278, 200.0), (1279, 200.0), (1280, 200.0), (1281, 200.0), (1282, 200.0), (1283, 199.7979797979798), (1284, 199.7979797979798), (1285, 199.7979797979798), (1286, 199.7979797979798), (1287, 199.7979797979798), (1288, 199.7979797979798), (1289, 199.7979797979798), (1290, 199.7979797979798), (1291, 199.7979797979798), (1292, 199.7979797979798), (1293, 199.7979797979798), (1294, 199.7979797979798), (1295, 199.7979797979798), (1296, 199.7979797979798), (1297, 199.7979797979798), (1298, 199.7979797979798), (1299, 199.7979797979798), (1300, 199.7979797979798), (1301, 199.7979797979798), (1302, 199.7979797979798), (1303, 199.7979797979798), (1304, 199.7979797979798), (1305, 199.7979797979798), (1306, 199.7979797979798), (1307, 199.7979797979798), (1308, 199.7979797979798), (1309, 199.7979797979798), (1310, 199.7979797979798), (1311, 199.7979797979798), (1312, 199.7979797979798), (1313, 199.7979797979798), (1314, 199.7979797979798), (1315, 200.0), (1316, 200.0), (1317, 200.0), (1318, 200.0), (1319, 200.0), (1320, 200.0), (1321, 200.0), (1322, 200.0), (1323, 200.0), (1324, 200.0), (1325, 200.0), (1326, 200.0), (1327, 200.0), (1328, 200.0), (1329, 200.0), (1330, 200.0), (1331, 200.0), (1332, 200.0), (1333, 200.0), (1334, 200.0), (1335, 200.0), (1336, 200.0), (1337, 200.0), (1338, 200.0), (1339, 200.0), (1340, 200.0), (1341, 200.0), (1342, 200.0), (1343, 200.0), (1344, 200.0), (1345, 200.0), (1346, 200.0), (1347, 200.0), (1348, 200.0), (1349, 200.0), (1350, 200.0), (1351, 200.0), (1352, 200.0), (1353, 200.0), (1354, 200.0), (1355, 200.0), (1356, 200.0), (1357, 200.0), (1358, 200.0), (1359, 200.0), (1360, 200.0), (1361, 200.0), (1362, 200.0), (1363, 200.0), (1364, 199.82828282828282), (1365, 199.82828282828282), (1366, 199.82828282828282), (1367, 199.82828282828282), (1368, 199.82828282828282), (1369, 199.82828282828282), (1370, 199.82828282828282), (1371, 199.82828282828282), (1372, 199.82828282828282), (1373, 199.82828282828282), (1374, 199.82828282828282), (1375, 199.82828282828282), (1376, 199.82828282828282), (1377, 199.82828282828282), (1378, 199.82828282828282), (1379, 199.82828282828282), (1380, 199.82828282828282), (1381, 199.82828282828282), (1382, 200.0), (1383, 200.0), (1384, 200.0), (1385, 200.0), (1386, 200.0), (1387, 200.0), (1388, 200.0), (1389, 200.0), (1390, 200.0), (1391, 200.0), (1392, 200.0), (1393, 200.0), (1394, 200.0), (1395, 200.0), (1396, 200.0), (1397, 200.0), (1398, 200.0), (1399, 200.0), (1400, 200.0), (1401, 200.0), (1402, 200.0), (1403, 200.0), (1404, 200.0), (1405, 200.0), (1406, 200.0), (1407, 200.0), (1408, 200.0), (1409, 200.0), (1410, 200.0), (1411, 200.0), (1412, 200.0), (1413, 200.0), (1414, 200.0), (1415, 200.0), (1416, 200.0), (1417, 200.0), (1418, 200.0), (1419, 200.0), (1420, 200.0), (1421, 200.0), (1422, 200.0), (1423, 200.0), (1424, 200.0), (1425, 200.0), (1426, 200.0), (1427, 200.0), (1428, 200.0), (1429, 200.0), (1430, 200.0), (1431, 200.0), (1432, 200.0), (1433, 200.0), (1434, 200.0), (1435, 200.0), (1436, 200.0), (1437, 200.0), (1438, 200.0), (1439, 200.0), (1440, 200.0)]
