<class 'gym.envs.classic_control.cartpole.CartPoleEnv'>
Iteration 0 avg reward 69.000000
Iteration 100 avg reward 68.777778
Iteration 200 avg reward 169.060606
Iteration 300 avg reward 181.252525
Iteration 400 avg reward 190.525253
Iteration 500 avg reward 195.515152
Iteration 600 avg reward 200.000000
Iteration 700 avg reward 199.808081
Iteration 800 avg reward 199.787879
Iteration 900 avg reward 199.989899
Iteration 1000 avg reward 200.000000
Iteration 1100 avg reward 200.000000
Iteration 1200 avg reward 200.000000
Iteration 1300 avg reward 200.000000
Iteration 1400 avg reward 200.000000
[(0, 69.0), (1, 49.5), (2, 41.0), (3, 38.75), (4, 34.8), (5, 37.666666666666664), (6, 35.714285714285715), (7, 33.5), (8, 35.22222222222222), (9, 33.8), (10, 32.09090909090909), (11, 33.666666666666664), (12, 32.38461538461539), (13, 32.57142857142857), (14, 31.933333333333334), (15, 33.3125), (16, 34.529411764705884), (17, 35.22222222222222), (18, 34.0), (19, 36.25), (20, 36.476190476190474), (21, 35.77272727272727), (22, 34.869565217391305), (23, 34.125), (24, 34.56), (25, 34.42307692307692), (26, 33.77777777777778), (27, 33.857142857142854), (28, 33.206896551724135), (29, 34.2), (30, 34.45161290322581), (31, 34.5), (32, 34.60606060606061), (33, 34.088235294117645), (34, 34.05714285714286), (35, 33.75), (36, 33.432432432432435), (37, 34.421052631578945), (38, 34.02564102564103), (39, 33.9), (40, 33.97560975609756), (41, 33.76190476190476), (42, 33.41860465116279), (43, 33.20454545454545), (44, 34.111111111111114), (45, 34.84782608695652), (46, 35.361702127659576), (47, 37.145833333333336), (48, 37.38775510204081), (49, 38.58), (50, 39.470588235294116), (51, 39.44230769230769), (52, 39.43396226415094), (53, 39.03703703703704), (54, 39.69090909090909), (55, 40.017857142857146), (56, 40.6140350877193), (57, 41.43103448275862), (58, 42.932203389830505), (59, 43.7), (60, 43.90163934426229), (61, 43.54838709677419), (62, 43.04761904761905), (63, 44.0), (64, 44.69230769230769), (65, 46.121212121212125), (66, 45.940298507462686), (67, 46.63235294117647), (68, 48.85507246376812), (69, 51.01428571428571), (70, 52.59154929577465), (71, 52.97222222222222), (72, 53.56164383561644), (73, 53.04054054054054), (74, 54.693333333333335), (75, 55.36842105263158), (76, 57.246753246753244), (77, 57.91025641025641), (78, 58.25316455696203), (79, 58.6375), (80, 58.851851851851855), (81, 59.30487804878049), (82, 60.78313253012048), (83, 61.273809523809526), (84, 62.90588235294118), (85, 63.44186046511628), (86, 63.93103448275862), (87, 63.61363636363637), (88, 64.35955056179775), (89, 64.88888888888889), (90, 65.0989010989011), (91, 65.51086956521739), (92, 65.34408602150538), (93, 65.09574468085107), (94, 65.63157894736842), (95, 65.61458333333333), (96, 66.62886597938144), (97, 67.29591836734694), (98, 67.95959595959596), (99, 68.70707070707071), (100, 68.77777777777777), (101, 69.31313131313131), (102, 69.43434343434343), (103, 69.48484848484848), (104, 70.83838383838383), (105, 72.25252525252525), (106, 73.08080808080808), (107, 74.73737373737374), (108, 75.6969696969697), (109, 77.28282828282828), (110, 78.73737373737374), (111, 80.26262626262626), (112, 81.4949494949495), (113, 82.5050505050505), (114, 83.4949494949495), (115, 84.03030303030303), (116, 85.33333333333333), (117, 87.23232323232324), (118, 89.02020202020202), (119, 90.08080808080808), (120, 91.37373737373737), (121, 93.01010101010101), (122, 94.71717171717172), (123, 96.56565656565657), (124, 98.44444444444444), (125, 99.77777777777777), (126, 101.54545454545455), (127, 103.41414141414141), (128, 104.81818181818181), (129, 106.26262626262626), (130, 107.65656565656566), (131, 108.02020202020202), (132, 109.88888888888889), (133, 110.8989898989899), (134, 112.79797979797979), (135, 114.23232323232324), (136, 115.56565656565657), (137, 115.78787878787878), (138, 115.96969696969697), (139, 117.85858585858585), (140, 118.38383838383838), (141, 119.4040404040404), (142, 120.1919191919192), (143, 119.45454545454545), (144, 120.9090909090909), (145, 122.58585858585859), (146, 124.0909090909091), (147, 124.86868686868686), (148, 125.82828282828282), (149, 126.46464646464646), (150, 128.02020202020202), (151, 129.0909090909091), (152, 130.03030303030303), (153, 131.68686868686868), (154, 133.17171717171718), (155, 133.1818181818182), (156, 134.31313131313132), (157, 135.02020202020202), (158, 136.14141414141415), (159, 137.59595959595958), (160, 138.68686868686868), (161, 140.58585858585857), (162, 141.55555555555554), (163, 142.67676767676767), (164, 143.2929292929293), (165, 144.96969696969697), (166, 146.05050505050505), (167, 146.05050505050505), (168, 146.05050505050505), (169, 146.42424242424244), (170, 147.46464646464648), (171, 148.5151515151515), (172, 150.26262626262627), (173, 150.4949494949495), (174, 151.44444444444446), (175, 151.44444444444446), (176, 152.35353535353536), (177, 153.17171717171718), (178, 153.5050505050505), (179, 154.3939393939394), (180, 155.43434343434345), (181, 155.22222222222223), (182, 156.07070707070707), (183, 155.35353535353536), (184, 156.27272727272728), (185, 157.13131313131314), (186, 157.76767676767676), (187, 158.4747474747475), (188, 159.1818181818182), (189, 160.04040404040404), (190, 161.02020202020202), (191, 162.53535353535352), (192, 163.6161616161616), (193, 164.46464646464648), (194, 165.54545454545453), (195, 165.1818181818182), (196, 165.86868686868686), (197, 165.08080808080808), (198, 166.22222222222223), (199, 167.43434343434345), (200, 169.06060606060606), (201, 170.78787878787878), (202, 171.06060606060606), (203, 170.45454545454547), (204, 170.08080808080808), (205, 171.1010101010101), (206, 170.5050505050505), (207, 171.0), (208, 171.2828282828283), (209, 171.33333333333334), (210, 171.65656565656565), (211, 170.54545454545453), (212, 171.3838383838384), (213, 172.21212121212122), (214, 173.5252525252525), (215, 173.54545454545453), (216, 172.989898989899), (217, 172.46464646464648), (218, 173.24242424242425), (219, 173.85858585858585), (220, 173.989898989899), (221, 173.85858585858585), (222, 173.85858585858585), (223, 173.85858585858585), (224, 174.37373737373738), (225, 174.37373737373738), (226, 174.37373737373738), (227, 174.07070707070707), (228, 174.21212121212122), (229, 174.21212121212122), (230, 175.0909090909091), (231, 175.0909090909091), (232, 173.92929292929293), (233, 173.92929292929293), (234, 173.92929292929293), (235, 173.8181818181818), (236, 175.27272727272728), (237, 176.76767676767676), (238, 176.76767676767676), (239, 176.7171717171717), (240, 177.57575757575756), (241, 178.53535353535352), (242, 180.04040404040404), (243, 180.04040404040404), (244, 180.15151515151516), (245, 179.91919191919192), (246, 179.2828282828283), (247, 180.03030303030303), (248, 180.03030303030303), (249, 179.03030303030303), (250, 178.84848484848484), (251, 179.14141414141415), (252, 179.010101010101), (253, 178.92929292929293), (254, 179.64646464646464), (255, 179.64646464646464), (256, 179.64646464646464), (257, 179.64646464646464), (258, 179.64646464646464), (259, 180.35353535353536), (260, 180.35353535353536), (261, 179.85858585858585), (262, 179.85858585858585), (263, 179.85858585858585), (264, 179.85858585858585), (265, 179.85858585858585), (266, 179.63636363636363), (267, 179.63636363636363), (268, 179.5050505050505), (269, 179.4949494949495), (270, 179.4949494949495), (271, 179.4848484848485), (272, 178.42424242424244), (273, 178.07070707070707), (274, 178.07070707070707), (275, 178.08080808080808), (276, 178.24242424242425), (277, 179.03030303030303), (278, 179.34343434343435), (279, 179.35353535353536), (280, 179.74747474747474), (281, 179.88888888888889), (282, 178.82828282828282), (283, 178.82828282828282), (284, 178.3030303030303), (285, 179.32323232323233), (286, 178.4747474747475), (287, 178.6060606060606), (288, 178.91919191919192), (289, 178.91919191919192), (290, 178.91919191919192), (291, 178.5252525252525), (292, 178.5252525252525), (293, 178.8181818181818), (294, 179.54545454545453), (295, 179.54545454545453), (296, 181.010101010101), (297, 181.27272727272728), (298, 181.46464646464648), (299, 181.55555555555554), (300, 181.25252525252526), (301, 181.25252525252526), (302, 181.85858585858585), (303, 182.68686868686868), (304, 182.68686868686868), (305, 183.40404040404042), (306, 183.40404040404042), (307, 183.40404040404042), (308, 183.40404040404042), (309, 183.40404040404042), (310, 185.16161616161617), (311, 185.16161616161617), (312, 185.24242424242425), (313, 185.24242424242425), (314, 185.5050505050505), (315, 185.94949494949495), (316, 186.4747474747475), (317, 185.0909090909091), (318, 184.62626262626262), (319, 184.05050505050505), (320, 184.1818181818182), (321, 184.1818181818182), (322, 184.1818181818182), (323, 183.62626262626262), (324, 183.37373737373738), (325, 183.72727272727272), (326, 184.0909090909091), (327, 183.989898989899), (328, 184.8080808080808), (329, 185.05050505050505), (330, 185.67676767676767), (331, 185.83838383838383), (332, 186.7070707070707), (333, 187.43434343434345), (334, 187.45454545454547), (335, 187.92929292929293), (336, 187.92929292929293), (337, 187.75757575757575), (338, 188.58585858585857), (339, 189.46464646464648), (340, 189.62626262626262), (341, 189.1919191919192), (342, 189.66666666666666), (343, 190.010101010101), (344, 190.73737373737373), (345, 190.73737373737373), (346, 190.73737373737373), (347, 190.73737373737373), (348, 190.78787878787878), (349, 191.41414141414143), (350, 191.74747474747474), (351, 191.74747474747474), (352, 191.74747474747474), (353, 192.21212121212122), (354, 192.54545454545453), (355, 192.54545454545453), (356, 192.54545454545453), (357, 192.54545454545453), (358, 192.54545454545453), (359, 191.88888888888889), (360, 191.56565656565655), (361, 191.56565656565655), (362, 191.56565656565655), (363, 191.56565656565655), (364, 191.7171717171717), (365, 191.7171717171717), (366, 191.7171717171717), (367, 191.6969696969697), (368, 192.25252525252526), (369, 192.25252525252526), (370, 193.06060606060606), (371, 193.06060606060606), (372, 193.06060606060606), (373, 193.06060606060606), (374, 193.06060606060606), (375, 192.95959595959596), (376, 192.95959595959596), (377, 192.95959595959596), (378, 191.27272727272728), (379, 191.27272727272728), (380, 191.27272727272728), (381, 191.27272727272728), (382, 191.27272727272728), (383, 191.27272727272728), (384, 191.27272727272728), (385, 191.27272727272728), (386, 191.32323232323233), (387, 192.0), (388, 192.0), (389, 191.5151515151515), (390, 191.5151515151515), (391, 191.2020202020202), (392, 190.8181818181818), (393, 190.8080808080808), (394, 190.62626262626262), (395, 190.12121212121212), (396, 191.88888888888889), (397, 191.63636363636363), (398, 191.5050505050505), (399, 191.04040404040404), (400, 190.5252525252525), (401, 190.5252525252525), (402, 191.06060606060606), (403, 191.06060606060606), (404, 191.06060606060606), (405, 190.5050505050505), (406, 189.87878787878788), (407, 189.55555555555554), (408, 189.23232323232324), (409, 188.93939393939394), (410, 188.93939393939394), (411, 188.73737373737373), (412, 188.55555555555554), (413, 188.55555555555554), (414, 188.55555555555554), (415, 188.55555555555554), (416, 188.55555555555554), (417, 188.55555555555554), (418, 188.07070707070707), (419, 188.07070707070707), (420, 187.64646464646464), (421, 187.34343434343435), (422, 187.4949494949495), (423, 187.4949494949495), (424, 188.06060606060606), (425, 189.0), (426, 189.7171717171717), (427, 190.2020202020202), (428, 190.72727272727272), (429, 191.12121212121212), (430, 191.12121212121212), (431, 191.12121212121212), (432, 191.12121212121212), (433, 191.26262626262627), (434, 191.26262626262627), (435, 191.26262626262627), (436, 191.84848484848484), (437, 191.92929292929293), (438, 192.26262626262627), (439, 191.94949494949495), (440, 191.94949494949495), (441, 192.25252525252526), (442, 192.33333333333334), (443, 192.33333333333334), (444, 192.33333333333334), (445, 192.0909090909091), (446, 192.0909090909091), (447, 192.34343434343435), (448, 193.14141414141415), (449, 193.62626262626262), (450, 193.62626262626262), (451, 193.62626262626262), (452, 194.25252525252526), (453, 194.25252525252526), (454, 194.54545454545453), (455, 194.54545454545453), (456, 194.54545454545453), (457, 194.54545454545453), (458, 195.22222222222223), (459, 195.22222222222223), (460, 194.6969696969697), (461, 194.6969696969697), (462, 194.6969696969697), (463, 194.6969696969697), (464, 194.6969696969697), (465, 195.26262626262627), (466, 195.0), (467, 195.0), (468, 195.0), (469, 195.0), (470, 195.0), (471, 194.12121212121212), (472, 194.12121212121212), (473, 194.12121212121212), (474, 194.6161616161616), (475, 194.6161616161616), (476, 194.6161616161616), (477, 195.02020202020202), (478, 195.02020202020202), (479, 195.02020202020202), (480, 195.02020202020202), (481, 195.02020202020202), (482, 195.02020202020202), (483, 195.02020202020202), (484, 195.02020202020202), (485, 195.02020202020202), (486, 195.02020202020202), (487, 195.02020202020202), (488, 195.02020202020202), (489, 195.02020202020202), (490, 195.02020202020202), (491, 195.02020202020202), (492, 195.02020202020202), (493, 195.02020202020202), (494, 195.02020202020202), (495, 195.02020202020202), (496, 195.02020202020202), (497, 195.17171717171718), (498, 195.5151515151515), (499, 195.5151515151515), (500, 195.5151515151515), (501, 195.5151515151515), (502, 195.5151515151515), (503, 195.5151515151515), (504, 195.5151515151515), (505, 195.5151515151515), (506, 195.5151515151515), (507, 195.64646464646464), (508, 196.06060606060606), (509, 196.31313131313132), (510, 196.06060606060606), (511, 196.06060606060606), (512, 196.06060606060606), (513, 196.06060606060606), (514, 196.06060606060606), (515, 196.06060606060606), (516, 196.2929292929293), (517, 196.2929292929293), (518, 196.2929292929293), (519, 196.2929292929293), (520, 196.2929292929293), (521, 196.2929292929293), (522, 196.2929292929293), (523, 196.2929292929293), (524, 196.37373737373738), (525, 196.37373737373738), (526, 196.37373737373738), (527, 196.37373737373738), (528, 196.37373737373738), (529, 196.37373737373738), (530, 196.37373737373738), (531, 196.37373737373738), (532, 196.7979797979798), (533, 196.7979797979798), (534, 196.8181818181818), (535, 197.04040404040404), (536, 197.2020202020202), (537, 197.2020202020202), (538, 197.45454545454547), (539, 197.45454545454547), (540, 197.59595959595958), (541, 197.59595959595958), (542, 198.08080808080808), (543, 198.08080808080808), (544, 198.32323232323233), (545, 198.32323232323233), (546, 198.32323232323233), (547, 198.32323232323233), (548, 198.33333333333334), (549, 198.33333333333334), (550, 198.33333333333334), (551, 198.33333333333334), (552, 198.33333333333334), (553, 198.33333333333334), (554, 198.33333333333334), (555, 198.33333333333334), (556, 198.33333333333334), (557, 198.33333333333334), (558, 198.33333333333334), (559, 198.85858585858585), (560, 198.85858585858585), (561, 198.85858585858585), (562, 198.85858585858585), (563, 198.85858585858585), (564, 198.85858585858585), (565, 199.12121212121212), (566, 199.12121212121212), (567, 199.12121212121212), (568, 199.12121212121212), (569, 199.12121212121212), (570, 200.0), (571, 200.0), (572, 200.0), (573, 200.0), (574, 200.0), (575, 200.0), (576, 200.0), (577, 200.0), (578, 200.0), (579, 200.0), (580, 200.0), (581, 200.0), (582, 200.0), (583, 200.0), (584, 200.0), (585, 200.0), (586, 200.0), (587, 200.0), (588, 200.0), (589, 200.0), (590, 200.0), (591, 200.0), (592, 200.0), (593, 200.0), (594, 200.0), (595, 200.0), (596, 200.0), (597, 200.0), (598, 200.0), (599, 200.0), (600, 200.0), (601, 200.0), (602, 200.0), (603, 200.0), (604, 200.0), (605, 200.0), (606, 200.0), (607, 200.0), (608, 200.0), (609, 200.0), (610, 200.0), (611, 200.0), (612, 200.0), (613, 200.0), (614, 200.0), (615, 200.0), (616, 200.0), (617, 200.0), (618, 200.0), (619, 200.0), (620, 200.0), (621, 200.0), (622, 200.0), (623, 200.0), (624, 200.0), (625, 200.0), (626, 200.0), (627, 200.0), (628, 200.0), (629, 200.0), (630, 200.0), (631, 200.0), (632, 200.0), (633, 200.0), (634, 200.0), (635, 200.0), (636, 200.0), (637, 200.0), (638, 200.0), (639, 200.0), (640, 200.0), (641, 200.0), (642, 200.0), (643, 200.0), (644, 200.0), (645, 200.0), (646, 200.0), (647, 200.0), (648, 200.0), (649, 200.0), (650, 200.0), (651, 200.0), (652, 200.0), (653, 200.0), (654, 200.0), (655, 200.0), (656, 200.0), (657, 200.0), (658, 200.0), (659, 200.0), (660, 200.0), (661, 200.0), (662, 200.0), (663, 200.0), (664, 200.0), (665, 200.0), (666, 200.0), (667, 200.0), (668, 200.0), (669, 200.0), (670, 200.0), (671, 200.0), (672, 200.0), (673, 200.0), (674, 200.0), (675, 200.0), (676, 200.0), (677, 200.0), (678, 200.0), (679, 200.0), (680, 200.0), (681, 200.0), (682, 200.0), (683, 200.0), (684, 200.0), (685, 200.0), (686, 200.0), (687, 200.0), (688, 200.0), (689, 200.0), (690, 200.0), (691, 200.0), (692, 200.0), (693, 200.0), (694, 200.0), (695, 200.0), (696, 200.0), (697, 200.0), (698, 199.8080808080808), (699, 199.8080808080808), (700, 199.8080808080808), (701, 199.8080808080808), (702, 199.8080808080808), (703, 199.8080808080808), (704, 199.8080808080808), (705, 199.8080808080808), (706, 199.8080808080808), (707, 199.8080808080808), (708, 199.8080808080808), (709, 199.8080808080808), (710, 199.8080808080808), (711, 199.8080808080808), (712, 199.8080808080808), (713, 199.8080808080808), (714, 199.8080808080808), (715, 199.8080808080808), (716, 199.8080808080808), (717, 199.8080808080808), (718, 199.8080808080808), (719, 199.8080808080808), (720, 199.6060606060606), (721, 199.6060606060606), (722, 199.6060606060606), (723, 199.6060606060606), (724, 199.6060606060606), (725, 199.8181818181818), (726, 199.8181818181818), (727, 199.26262626262627), (728, 199.26262626262627), (729, 199.26262626262627), (730, 199.26262626262627), (731, 199.26262626262627), (732, 199.26262626262627), (733, 199.40404040404042), (734, 199.40404040404042), (735, 199.40404040404042), (736, 199.40404040404042), (737, 199.40404040404042), (738, 199.40404040404042), (739, 199.75757575757575), (740, 199.75757575757575), (741, 199.75757575757575), (742, 199.75757575757575), (743, 199.75757575757575), (744, 199.75757575757575), (745, 199.75757575757575), (746, 199.75757575757575), (747, 199.78787878787878), (748, 199.78787878787878), (749, 199.78787878787878), (750, 199.78787878787878), (751, 199.78787878787878), (752, 199.78787878787878), (753, 199.78787878787878), (754, 199.78787878787878), (755, 199.78787878787878), (756, 199.78787878787878), (757, 199.78787878787878), (758, 199.78787878787878), (759, 199.78787878787878), (760, 199.78787878787878), (761, 199.78787878787878), (762, 199.78787878787878), (763, 199.78787878787878), (764, 199.78787878787878), (765, 199.78787878787878), (766, 199.78787878787878), (767, 199.78787878787878), (768, 199.78787878787878), (769, 199.78787878787878), (770, 199.78787878787878), (771, 199.78787878787878), (772, 199.78787878787878), (773, 199.78787878787878), (774, 199.78787878787878), (775, 199.78787878787878), (776, 199.78787878787878), (777, 199.78787878787878), (778, 199.78787878787878), (779, 199.78787878787878), (780, 199.78787878787878), (781, 199.78787878787878), (782, 199.78787878787878), (783, 199.78787878787878), (784, 199.78787878787878), (785, 199.78787878787878), (786, 199.78787878787878), (787, 199.78787878787878), (788, 199.78787878787878), (789, 199.78787878787878), (790, 199.78787878787878), (791, 199.78787878787878), (792, 199.78787878787878), (793, 199.78787878787878), (794, 199.78787878787878), (795, 199.78787878787878), (796, 199.78787878787878), (797, 199.78787878787878), (798, 199.78787878787878), (799, 199.78787878787878), (800, 199.78787878787878), (801, 199.78787878787878), (802, 199.78787878787878), (803, 199.78787878787878), (804, 199.78787878787878), (805, 199.78787878787878), (806, 199.78787878787878), (807, 199.78787878787878), (808, 200.0), (809, 200.0), (810, 200.0), (811, 200.0), (812, 200.0), (813, 200.0), (814, 200.0), (815, 200.0), (816, 200.0), (817, 200.0), (818, 200.0), (819, 200.0), (820, 200.0), (821, 200.0), (822, 200.0), (823, 200.0), (824, 200.0), (825, 200.0), (826, 200.0), (827, 200.0), (828, 200.0), (829, 200.0), (830, 200.0), (831, 200.0), (832, 200.0), (833, 199.989898989899), (834, 199.989898989899), (835, 199.989898989899), (836, 199.989898989899), (837, 199.989898989899), (838, 199.989898989899), (839, 199.989898989899), (840, 199.989898989899), (841, 199.989898989899), (842, 199.989898989899), (843, 199.989898989899), (844, 199.989898989899), (845, 199.989898989899), (846, 199.989898989899), (847, 199.989898989899), (848, 199.989898989899), (849, 199.989898989899), (850, 199.989898989899), (851, 199.989898989899), (852, 199.989898989899), (853, 199.989898989899), (854, 199.989898989899), (855, 199.989898989899), (856, 199.989898989899), (857, 199.989898989899), (858, 199.989898989899), (859, 199.989898989899), (860, 199.989898989899), (861, 199.989898989899), (862, 199.989898989899), (863, 199.989898989899), (864, 199.989898989899), (865, 199.989898989899), (866, 199.989898989899), (867, 199.989898989899), (868, 199.989898989899), (869, 199.989898989899), (870, 200.0), (871, 200.0), (872, 200.0), (873, 200.0), (874, 200.0), (875, 200.0), (876, 200.0), (877, 200.0), (878, 200.0), (879, 200.0), (880, 200.0), (881, 200.0), (882, 200.0), (883, 200.0), (884, 199.989898989899), (885, 199.989898989899), (886, 199.989898989899), (887, 199.989898989899), (888, 199.989898989899), (889, 199.989898989899), (890, 199.989898989899), (891, 199.989898989899), (892, 199.989898989899), (893, 199.989898989899), (894, 199.989898989899), (895, 199.989898989899), (896, 199.989898989899), (897, 199.989898989899), (898, 199.989898989899), (899, 199.989898989899), (900, 199.989898989899), (901, 199.989898989899), (902, 199.989898989899), (903, 199.989898989899), (904, 199.989898989899), (905, 199.989898989899), (906, 199.989898989899), (907, 199.989898989899), (908, 199.989898989899), (909, 199.989898989899), (910, 199.989898989899), (911, 199.989898989899), (912, 199.989898989899), (913, 199.989898989899), (914, 199.989898989899), (915, 199.989898989899), (916, 199.989898989899), (917, 199.989898989899), (918, 199.989898989899), (919, 199.989898989899), (920, 199.989898989899), (921, 199.989898989899), (922, 199.989898989899), (923, 199.989898989899), (924, 199.989898989899), (925, 199.989898989899), (926, 199.989898989899), (927, 199.989898989899), (928, 199.989898989899), (929, 199.989898989899), (930, 199.989898989899), (931, 199.989898989899), (932, 200.0), (933, 198.72727272727272), (934, 198.72727272727272), (935, 198.72727272727272), (936, 198.72727272727272), (937, 198.72727272727272), (938, 198.72727272727272), (939, 198.72727272727272), (940, 197.8181818181818), (941, 197.8181818181818), (942, 197.8181818181818), (943, 197.8181818181818), (944, 196.37373737373738), (945, 196.37373737373738), (946, 195.56565656565655), (947, 195.56565656565655), (948, 195.56565656565655), (949, 196.3939393939394), (950, 197.42424242424244), (951, 197.42424242424244), (952, 197.42424242424244), (953, 197.42424242424244), (954, 197.42424242424244), (955, 197.42424242424244), (956, 197.42424242424244), (957, 197.42424242424244), (958, 197.42424242424244), (959, 197.42424242424244), (960, 197.53535353535352), (961, 197.53535353535352), (962, 197.53535353535352), (963, 197.53535353535352), (964, 197.53535353535352), (965, 197.63636363636363), (966, 198.0), (967, 197.82828282828282), (968, 197.82828282828282), (969, 197.82828282828282), (970, 197.82828282828282), (971, 197.82828282828282), (972, 197.82828282828282), (973, 197.82828282828282), (974, 197.82828282828282), (975, 197.82828282828282), (976, 197.82828282828282), (977, 197.82828282828282), (978, 197.82828282828282), (979, 197.82828282828282), (980, 197.82828282828282), (981, 197.82828282828282), (982, 197.82828282828282), (983, 197.82828282828282), (984, 197.82828282828282), (985, 197.82828282828282), (986, 197.82828282828282), (987, 198.33333333333334), (988, 198.33333333333334), (989, 198.33333333333334), (990, 198.33333333333334), (991, 198.33333333333334), (992, 198.33333333333334), (993, 199.3838383838384), (994, 199.3838383838384), (995, 199.3838383838384), (996, 199.3838383838384), (997, 199.3838383838384), (998, 200.0), (999, 200.0), (1000, 200.0), (1001, 200.0), (1002, 200.0), (1003, 200.0), (1004, 200.0), (1005, 200.0), (1006, 200.0), (1007, 200.0), (1008, 200.0), (1009, 200.0), (1010, 200.0), (1011, 200.0), (1012, 200.0), (1013, 200.0), (1014, 200.0), (1015, 200.0), (1016, 200.0), (1017, 200.0), (1018, 200.0), (1019, 200.0), (1020, 200.0), (1021, 200.0), (1022, 200.0), (1023, 200.0), (1024, 200.0), (1025, 200.0), (1026, 200.0), (1027, 200.0), (1028, 200.0), (1029, 200.0), (1030, 200.0), (1031, 200.0), (1032, 200.0), (1033, 200.0), (1034, 200.0), (1035, 200.0), (1036, 200.0), (1037, 200.0), (1038, 200.0), (1039, 200.0), (1040, 200.0), (1041, 200.0), (1042, 200.0), (1043, 200.0), (1044, 200.0), (1045, 200.0), (1046, 200.0), (1047, 200.0), (1048, 200.0), (1049, 200.0), (1050, 200.0), (1051, 200.0), (1052, 200.0), (1053, 200.0), (1054, 200.0), (1055, 200.0), (1056, 200.0), (1057, 200.0), (1058, 200.0), (1059, 200.0), (1060, 200.0), (1061, 200.0), (1062, 200.0), (1063, 200.0), (1064, 200.0), (1065, 200.0), (1066, 200.0), (1067, 200.0), (1068, 200.0), (1069, 200.0), (1070, 200.0), (1071, 200.0), (1072, 200.0), (1073, 200.0), (1074, 200.0), (1075, 200.0), (1076, 200.0), (1077, 200.0), (1078, 200.0), (1079, 200.0), (1080, 200.0), (1081, 200.0), (1082, 200.0), (1083, 200.0), (1084, 200.0), (1085, 200.0), (1086, 200.0), (1087, 200.0), (1088, 200.0), (1089, 200.0), (1090, 200.0), (1091, 200.0), (1092, 200.0), (1093, 200.0), (1094, 200.0), (1095, 200.0), (1096, 200.0), (1097, 200.0), (1098, 200.0), (1099, 200.0), (1100, 200.0), (1101, 200.0), (1102, 200.0), (1103, 200.0), (1104, 200.0), (1105, 200.0), (1106, 200.0), (1107, 200.0), (1108, 200.0), (1109, 200.0), (1110, 200.0), (1111, 200.0), (1112, 200.0), (1113, 200.0), (1114, 200.0), (1115, 200.0), (1116, 200.0), (1117, 200.0), (1118, 200.0), (1119, 200.0), (1120, 200.0), (1121, 200.0), (1122, 200.0), (1123, 200.0), (1124, 200.0), (1125, 200.0), (1126, 200.0), (1127, 200.0), (1128, 200.0), (1129, 200.0), (1130, 200.0), (1131, 200.0), (1132, 200.0), (1133, 200.0), (1134, 200.0), (1135, 200.0), (1136, 200.0), (1137, 200.0), (1138, 200.0), (1139, 200.0), (1140, 200.0), (1141, 200.0), (1142, 200.0), (1143, 200.0), (1144, 200.0), (1145, 200.0), (1146, 200.0), (1147, 200.0), (1148, 200.0), (1149, 200.0), (1150, 200.0), (1151, 200.0), (1152, 200.0), (1153, 200.0), (1154, 200.0), (1155, 200.0), (1156, 200.0), (1157, 200.0), (1158, 200.0), (1159, 200.0), (1160, 200.0), (1161, 200.0), (1162, 200.0), (1163, 200.0), (1164, 200.0), (1165, 200.0), (1166, 200.0), (1167, 200.0), (1168, 200.0), (1169, 200.0), (1170, 200.0), (1171, 200.0), (1172, 200.0), (1173, 200.0), (1174, 200.0), (1175, 200.0), (1176, 200.0), (1177, 200.0), (1178, 200.0), (1179, 200.0), (1180, 200.0), (1181, 200.0), (1182, 200.0), (1183, 200.0), (1184, 200.0), (1185, 200.0), (1186, 200.0), (1187, 200.0), (1188, 200.0), (1189, 200.0), (1190, 200.0), (1191, 200.0), (1192, 200.0), (1193, 200.0), (1194, 200.0), (1195, 200.0), (1196, 200.0), (1197, 200.0), (1198, 200.0), (1199, 200.0), (1200, 200.0), (1201, 200.0), (1202, 200.0), (1203, 200.0), (1204, 200.0), (1205, 200.0), (1206, 200.0), (1207, 200.0), (1208, 200.0), (1209, 200.0), (1210, 200.0), (1211, 200.0), (1212, 200.0), (1213, 200.0), (1214, 200.0), (1215, 200.0), (1216, 200.0), (1217, 200.0), (1218, 200.0), (1219, 200.0), (1220, 200.0), (1221, 200.0), (1222, 200.0), (1223, 200.0), (1224, 200.0), (1225, 200.0), (1226, 200.0), (1227, 200.0), (1228, 200.0), (1229, 200.0), (1230, 200.0), (1231, 200.0), (1232, 200.0), (1233, 200.0), (1234, 200.0), (1235, 200.0), (1236, 200.0), (1237, 200.0), (1238, 200.0), (1239, 200.0), (1240, 200.0), (1241, 200.0), (1242, 200.0), (1243, 200.0), (1244, 200.0), (1245, 200.0), (1246, 200.0), (1247, 200.0), (1248, 200.0), (1249, 200.0), (1250, 200.0), (1251, 200.0), (1252, 200.0), (1253, 200.0), (1254, 200.0), (1255, 200.0), (1256, 200.0), (1257, 200.0), (1258, 200.0), (1259, 200.0), (1260, 200.0), (1261, 200.0), (1262, 200.0), (1263, 200.0), (1264, 200.0), (1265, 200.0), (1266, 200.0), (1267, 200.0), (1268, 200.0), (1269, 200.0), (1270, 200.0), (1271, 200.0), (1272, 200.0), (1273, 200.0), (1274, 200.0), (1275, 200.0), (1276, 200.0), (1277, 200.0), (1278, 200.0), (1279, 200.0), (1280, 200.0), (1281, 200.0), (1282, 200.0), (1283, 200.0), (1284, 200.0), (1285, 200.0), (1286, 200.0), (1287, 200.0), (1288, 200.0), (1289, 200.0), (1290, 200.0), (1291, 200.0), (1292, 200.0), (1293, 200.0), (1294, 200.0), (1295, 200.0), (1296, 200.0), (1297, 200.0), (1298, 200.0), (1299, 200.0), (1300, 200.0), (1301, 200.0), (1302, 200.0), (1303, 200.0), (1304, 200.0), (1305, 200.0), (1306, 200.0), (1307, 200.0), (1308, 200.0), (1309, 200.0), (1310, 200.0), (1311, 200.0), (1312, 200.0), (1313, 200.0), (1314, 200.0), (1315, 200.0), (1316, 200.0), (1317, 200.0), (1318, 200.0), (1319, 200.0), (1320, 200.0), (1321, 200.0), (1322, 200.0), (1323, 200.0), (1324, 200.0), (1325, 200.0), (1326, 200.0), (1327, 200.0), (1328, 200.0), (1329, 200.0), (1330, 200.0), (1331, 200.0), (1332, 200.0), (1333, 200.0), (1334, 199.989898989899), (1335, 199.989898989899), (1336, 199.989898989899), (1337, 199.989898989899), (1338, 199.989898989899), (1339, 199.989898989899), (1340, 199.989898989899), (1341, 199.96969696969697), (1342, 199.9090909090909), (1343, 199.9090909090909), (1344, 199.6969696969697), (1345, 199.6969696969697), (1346, 199.4949494949495), (1347, 199.4949494949495), (1348, 199.4949494949495), (1349, 199.4949494949495), (1350, 199.6969696969697), (1351, 199.6969696969697), (1352, 199.6969696969697), (1353, 199.6969696969697), (1354, 199.6969696969697), (1355, 199.6969696969697), (1356, 199.6969696969697), (1357, 199.6969696969697), (1358, 199.6969696969697), (1359, 199.6969696969697), (1360, 199.6969696969697), (1361, 199.6969696969697), (1362, 199.37373737373738), (1363, 199.37373737373738), (1364, 199.37373737373738), (1365, 199.37373737373738), (1366, 199.37373737373738), (1367, 199.37373737373738), (1368, 199.37373737373738), (1369, 199.37373737373738), (1370, 199.37373737373738), (1371, 199.37373737373738), (1372, 199.37373737373738), (1373, 199.37373737373738), (1374, 199.37373737373738), (1375, 199.37373737373738), (1376, 198.85858585858585), (1377, 198.85858585858585), (1378, 198.85858585858585), (1379, 198.85858585858585), (1380, 198.85858585858585), (1381, 198.85858585858585), (1382, 199.15151515151516), (1383, 199.15151515151516), (1384, 199.45454545454547), (1385, 199.66666666666666), (1386, 199.86868686868686), (1387, 199.86868686868686), (1388, 199.86868686868686), (1389, 199.86868686868686), (1390, 200.0), (1391, 200.0), (1392, 200.0), (1393, 200.0), (1394, 200.0), (1395, 200.0), (1396, 200.0), (1397, 200.0), (1398, 200.0), (1399, 200.0), (1400, 200.0), (1401, 200.0), (1402, 200.0), (1403, 200.0), (1404, 200.0), (1405, 200.0), (1406, 200.0), (1407, 200.0), (1408, 200.0), (1409, 200.0), (1410, 200.0), (1411, 200.0), (1412, 200.0), (1413, 200.0), (1414, 200.0), (1415, 200.0), (1416, 200.0), (1417, 200.0), (1418, 200.0), (1419, 200.0), (1420, 200.0), (1421, 200.0), (1422, 200.0), (1423, 200.0), (1424, 200.0), (1425, 200.0), (1426, 200.0), (1427, 200.0), (1428, 200.0), (1429, 200.0), (1430, 200.0), (1431, 200.0), (1432, 200.0), (1433, 200.0), (1434, 200.0), (1435, 200.0), (1436, 200.0), (1437, 200.0), (1438, 200.0), (1439, 200.0), (1440, 200.0), (1441, 200.0), (1442, 200.0), (1443, 200.0), (1444, 200.0), (1445, 200.0), (1446, 200.0), (1447, 200.0), (1448, 200.0), (1449, 200.0), (1450, 200.0), (1451, 200.0), (1452, 200.0), (1453, 200.0), (1454, 200.0), (1455, 200.0), (1456, 200.0), (1457, 200.0)]
