Iteration 0 avg reward 37.000000
Iteration 100 avg reward 56.848485
Iteration 200 avg reward 144.323232
Iteration 300 avg reward 197.707071
Iteration 400 avg reward 193.181818
Iteration 500 avg reward 199.424242
Iteration 600 avg reward 200.000000
Iteration 700 avg reward 199.757576
Iteration 800 avg reward 200.000000
Iteration 900 avg reward 200.000000
Iteration 1000 avg reward 200.000000
Iteration 1100 avg reward 200.000000
Iteration 1200 avg reward 200.000000
[(0, 37.0), (1, 65.5), (2, 49.333333333333336), (3, 45.5), (4, 38.6), (5, 34.666666666666664), (6, 33.285714285714285), (7, 36.0), (8, 34.0), (9, 32.3), (10, 31.272727272727273), (11, 31.833333333333332), (12, 30.53846153846154), (13, 30.642857142857142), (14, 30.133333333333333), (15, 29.0625), (16, 28.529411764705884), (17, 29.444444444444443), (18, 29.526315789473685), (19, 28.75), (20, 28.285714285714285), (21, 28.454545454545453), (22, 29.17391304347826), (23, 30.333333333333332), (24, 30.04), (25, 29.73076923076923), (26, 30.59259259259259), (27, 31.071428571428573), (28, 32.793103448275865), (29, 32.43333333333333), (30, 33.41935483870968), (31, 33.6875), (32, 33.15151515151515), (33, 32.588235294117645), (34, 33.0), (35, 35.44444444444444), (36, 36.37837837837838), (37, 36.71052631578947), (38, 37.56410256410256), (39, 39.375), (40, 40.09756097560975), (41, 40.166666666666664), (42, 40.06976744186046), (43, 39.63636363636363), (44, 39.6), (45, 40.130434782608695), (46, 39.93617021276596), (47, 40.208333333333336), (48, 40.16326530612245), (49, 39.96), (50, 40.490196078431374), (51, 41.78846153846154), (52, 42.660377358490564), (53, 43.44444444444444), (54, 43.054545454545455), (55, 43.44642857142857), (56, 43.36842105263158), (57, 43.5), (58, 44.08474576271186), (59, 44.28333333333333), (60, 45.14754098360656), (61, 45.62903225806452), (62, 45.41269841269841), (63, 46.109375), (64, 46.86153846153846), (65, 46.86363636363637), (66, 46.82089552238806), (67, 46.69117647058823), (68, 46.56521739130435), (69, 46.84285714285714), (70, 47.028169014084504), (71, 47.041666666666664), (72, 47.0958904109589), (73, 47.04054054054054), (74, 48.10666666666667), (75, 48.21052631578947), (76, 48.90909090909091), (77, 48.88461538461539), (78, 49.050632911392405), (79, 49.05), (80, 49.18518518518518), (81, 48.98780487804878), (82, 49.65060240963855), (83, 49.666666666666664), (84, 49.917647058823526), (85, 50.53488372093023), (86, 51.2183908045977), (87, 51.35227272727273), (88, 51.146067415730336), (89, 51.4), (90, 51.604395604395606), (91, 51.90217391304348), (92, 53.01075268817204), (93, 52.702127659574465), (94, 53.09473684210526), (95, 53.208333333333336), (96, 53.71134020618557), (97, 54.775510204081634), (98, 55.18181818181818), (99, 55.83838383838384), (100, 56.84848484848485), (101, 57.38383838383838), (102, 57.84848484848485), (103, 58.39393939393939), (104, 58.72727272727273), (105, 60.13131313131313), (106, 61.22222222222222), (107, 61.97979797979798), (108, 63.0), (109, 63.696969696969695), (110, 64.20202020202021), (111, 64.91919191919192), (112, 65.8989898989899), (113, 67.0), (114, 67.65656565656566), (115, 68.15151515151516), (116, 68.72727272727273), (117, 69.54545454545455), (118, 70.5050505050505), (119, 70.77777777777777), (120, 71.54545454545455), (121, 71.8989898989899), (122, 73.15151515151516), (123, 73.9090909090909), (124, 73.74747474747475), (125, 73.8080808080808), (126, 74.95959595959596), (127, 75.74747474747475), (128, 76.72727272727273), (129, 77.60606060606061), (130, 78.33333333333333), (131, 78.9090909090909), (132, 79.61616161616162), (133, 80.54545454545455), (134, 80.92929292929293), (135, 82.03030303030303), (136, 83.14141414141415), (137, 83.68686868686869), (138, 84.28282828282828), (139, 84.32323232323232), (140, 85.6969696969697), (141, 86.76767676767676), (142, 87.93939393939394), (143, 88.33333333333333), (144, 88.91919191919192), (145, 89.26262626262626), (146, 91.16161616161617), (147, 92.8989898989899), (148, 92.70707070707071), (149, 93.8080808080808), (150, 93.93939393939394), (151, 94.21212121212122), (152, 95.68686868686869), (153, 96.9090909090909), (154, 98.32323232323232), (155, 100.05050505050505), (156, 100.91919191919192), (157, 101.87878787878788), (158, 102.03030303030303), (159, 102.8080808080808), (160, 103.66666666666667), (161, 104.37373737373737), (162, 106.12121212121212), (163, 107.15151515151516), (164, 107.1010101010101), (165, 108.57575757575758), (166, 109.95959595959596), (167, 111.5959595959596), (168, 112.82828282828282), (169, 114.4949494949495), (170, 114.68686868686869), (171, 115.61616161616162), (172, 115.78787878787878), (173, 117.14141414141415), (174, 119.01010101010101), (175, 120.36363636363636), (176, 122.04040404040404), (177, 122.8989898989899), (178, 124.33333333333333), (179, 124.45454545454545), (180, 125.01010101010101), (181, 125.70707070707071), (182, 126.64646464646465), (183, 127.45454545454545), (184, 127.67676767676768), (185, 128.58585858585857), (186, 129.96969696969697), (187, 131.65656565656565), (188, 132.13131313131314), (189, 133.44444444444446), (190, 134.66666666666666), (191, 134.3838383838384), (192, 136.16161616161617), (193, 137.27272727272728), (194, 138.64646464646464), (195, 139.63636363636363), (196, 140.06060606060606), (197, 141.12121212121212), (198, 142.31313131313132), (199, 143.06060606060606), (200, 144.32323232323233), (201, 145.73737373737373), (202, 147.12121212121212), (203, 148.6060606060606), (204, 149.02020202020202), (205, 149.57575757575756), (206, 150.59595959595958), (207, 151.44444444444446), (208, 152.65656565656565), (209, 153.63636363636363), (210, 154.4848484848485), (211, 155.11111111111111), (212, 155.7171717171717), (213, 156.66666666666666), (214, 158.03030303030303), (215, 159.23232323232324), (216, 160.24242424242425), (217, 160.93939393939394), (218, 162.25252525252526), (219, 163.21212121212122), (220, 164.56565656565655), (221, 165.010101010101), (222, 166.03030303030303), (223, 167.72727272727272), (224, 169.3030303030303), (225, 169.85858585858585), (226, 170.7979797979798), (227, 171.55555555555554), (228, 172.5151515151515), (229, 173.4747474747475), (230, 174.4949494949495), (231, 175.6969696969697), (232, 176.4848484848485), (233, 177.6969696969697), (234, 178.26262626262627), (235, 178.78787878787878), (236, 179.67676767676767), (237, 180.84848484848484), (238, 182.03030303030303), (239, 182.4848484848485), (240, 183.23232323232324), (241, 183.6969696969697), (242, 184.3030303030303), (243, 185.2929292929293), (244, 186.16161616161617), (245, 186.16161616161617), (246, 186.16161616161617), (247, 187.2828282828283), (248, 187.2828282828283), (249, 188.54545454545453), (250, 189.32323232323233), (251, 189.32323232323233), (252, 189.32323232323233), (253, 189.32323232323233), (254, 189.32323232323233), (255, 189.32323232323233), (256, 189.74747474747474), (257, 190.59595959595958), (258, 191.14141414141415), (259, 191.6969696969697), (260, 192.55555555555554), (261, 192.55555555555554), (262, 193.06060606060606), (263, 194.0909090909091), (264, 194.0909090909091), (265, 194.0909090909091), (266, 194.0909090909091), (267, 193.5050505050505), (268, 193.5050505050505), (269, 194.25252525252526), (270, 194.25252525252526), (271, 195.25252525252526), (272, 195.25252525252526), (273, 194.8181818181818), (274, 194.8181818181818), (275, 194.8181818181818), (276, 194.8181818181818), (277, 194.8181818181818), (278, 195.43434343434345), (279, 196.010101010101), (280, 196.010101010101), (281, 196.010101010101), (282, 196.7070707070707), (283, 197.26262626262627), (284, 197.26262626262627), (285, 197.0909090909091), (286, 197.0909090909091), (287, 197.88888888888889), (288, 197.88888888888889), (289, 197.88888888888889), (290, 198.62626262626262), (291, 198.62626262626262), (292, 198.62626262626262), (293, 198.62626262626262), (294, 198.62626262626262), (295, 198.58585858585857), (296, 197.97979797979798), (297, 197.97979797979798), (298, 197.94949494949495), (299, 197.7070707070707), (300, 197.7070707070707), (301, 197.7070707070707), (302, 197.7070707070707), (303, 197.7070707070707), (304, 197.7070707070707), (305, 197.7070707070707), (306, 197.7070707070707), (307, 197.7070707070707), (308, 197.7070707070707), (309, 197.64646464646464), (310, 197.40404040404042), (311, 197.40404040404042), (312, 197.40404040404042), (313, 197.40404040404042), (314, 197.1919191919192), (315, 197.1919191919192), (316, 196.8181818181818), (317, 196.8181818181818), (318, 196.41414141414143), (319, 196.11111111111111), (320, 196.11111111111111), (321, 196.11111111111111), (322, 196.11111111111111), (323, 196.11111111111111), (324, 196.11111111111111), (325, 195.93939393939394), (326, 195.93939393939394), (327, 195.93939393939394), (328, 195.43434343434345), (329, 195.43434343434345), (330, 195.43434343434345), (331, 195.43434343434345), (332, 195.43434343434345), (333, 195.2020202020202), (334, 194.4747474747475), (335, 194.4747474747475), (336, 193.94949494949495), (337, 193.94949494949495), (338, 193.94949494949495), (339, 193.94949494949495), (340, 193.7070707070707), (341, 193.7070707070707), (342, 193.7070707070707), (343, 193.7070707070707), (344, 193.7070707070707), (345, 193.14141414141415), (346, 193.14141414141415), (347, 192.74747474747474), (348, 192.74747474747474), (349, 192.3939393939394), (350, 192.3939393939394), (351, 192.3939393939394), (352, 192.3939393939394), (353, 192.3939393939394), (354, 192.3939393939394), (355, 192.3939393939394), (356, 192.3939393939394), (357, 192.3939393939394), (358, 192.32323232323233), (359, 192.32323232323233), (360, 192.32323232323233), (361, 192.32323232323233), (362, 192.32323232323233), (363, 192.32323232323233), (364, 192.32323232323233), (365, 192.32323232323233), (366, 192.3030303030303), (367, 192.13131313131314), (368, 192.13131313131314), (369, 192.13131313131314), (370, 192.13131313131314), (371, 192.13131313131314), (372, 192.55555555555554), (373, 192.43434343434345), (374, 192.43434343434345), (375, 192.43434343434345), (376, 192.43434343434345), (377, 192.43434343434345), (378, 192.05050505050505), (379, 192.05050505050505), (380, 192.05050505050505), (381, 192.05050505050505), (382, 192.05050505050505), (383, 192.05050505050505), (384, 192.22222222222223), (385, 192.22222222222223), (386, 192.22222222222223), (387, 192.22222222222223), (388, 192.22222222222223), (389, 192.22222222222223), (390, 192.22222222222223), (391, 192.22222222222223), (392, 192.22222222222223), (393, 192.22222222222223), (394, 192.26262626262627), (395, 192.86868686868686), (396, 192.86868686868686), (397, 192.93939393939394), (398, 193.1818181818182), (399, 193.1818181818182), (400, 193.1818181818182), (401, 193.11111111111111), (402, 193.11111111111111), (403, 193.11111111111111), (404, 193.11111111111111), (405, 193.11111111111111), (406, 193.11111111111111), (407, 193.11111111111111), (408, 193.24242424242425), (409, 193.4848484848485), (410, 193.4848484848485), (411, 193.4848484848485), (412, 193.4848484848485), (413, 193.6969696969697), (414, 193.46464646464648), (415, 193.83838383838383), (416, 193.83838383838383), (417, 194.24242424242425), (418, 194.54545454545453), (419, 194.54545454545453), (420, 194.54545454545453), (421, 194.54545454545453), (422, 194.54545454545453), (423, 194.54545454545453), (424, 194.7171717171717), (425, 194.7171717171717), (426, 194.7171717171717), (427, 195.22222222222223), (428, 195.22222222222223), (429, 195.22222222222223), (430, 195.22222222222223), (431, 195.22222222222223), (432, 195.45454545454547), (433, 196.1818181818182), (434, 196.1818181818182), (435, 196.7070707070707), (436, 196.7070707070707), (437, 196.7070707070707), (438, 196.7070707070707), (439, 196.94949494949495), (440, 196.94949494949495), (441, 196.94949494949495), (442, 196.94949494949495), (443, 196.94949494949495), (444, 197.5151515151515), (445, 197.5151515151515), (446, 197.9090909090909), (447, 197.9090909090909), (448, 198.26262626262627), (449, 198.26262626262627), (450, 198.26262626262627), (451, 198.26262626262627), (452, 198.26262626262627), (453, 198.26262626262627), (454, 198.26262626262627), (455, 198.26262626262627), (456, 198.26262626262627), (457, 198.33333333333334), (458, 198.33333333333334), (459, 198.33333333333334), (460, 198.33333333333334), (461, 198.33333333333334), (462, 198.33333333333334), (463, 198.33333333333334), (464, 198.33333333333334), (465, 198.93939393939394), (466, 199.11111111111111), (467, 199.11111111111111), (468, 199.11111111111111), (469, 199.11111111111111), (470, 199.11111111111111), (471, 199.12121212121212), (472, 199.24242424242425), (473, 199.24242424242425), (474, 199.24242424242425), (475, 199.24242424242425), (476, 199.24242424242425), (477, 199.62626262626262), (478, 199.62626262626262), (479, 199.62626262626262), (480, 199.62626262626262), (481, 199.62626262626262), (482, 199.62626262626262), (483, 199.62626262626262), (484, 199.62626262626262), (485, 199.62626262626262), (486, 199.62626262626262), (487, 199.62626262626262), (488, 199.62626262626262), (489, 199.62626262626262), (490, 199.62626262626262), (491, 199.62626262626262), (492, 199.62626262626262), (493, 199.62626262626262), (494, 199.5252525252525), (495, 199.35353535353536), (496, 199.35353535353536), (497, 199.35353535353536), (498, 199.35353535353536), (499, 199.35353535353536), (500, 199.42424242424244), (501, 199.42424242424244), (502, 199.42424242424244), (503, 199.42424242424244), (504, 199.42424242424244), (505, 199.42424242424244), (506, 199.42424242424244), (507, 199.4949494949495), (508, 199.4949494949495), (509, 199.4949494949495), (510, 199.4949494949495), (511, 199.4949494949495), (512, 199.4949494949495), (513, 199.72727272727272), (514, 199.72727272727272), (515, 199.72727272727272), (516, 199.72727272727272), (517, 199.72727272727272), (518, 199.72727272727272), (519, 199.72727272727272), (520, 199.72727272727272), (521, 199.72727272727272), (522, 199.72727272727272), (523, 199.72727272727272), (524, 199.72727272727272), (525, 199.72727272727272), (526, 199.72727272727272), (527, 199.72727272727272), (528, 199.72727272727272), (529, 199.72727272727272), (530, 199.72727272727272), (531, 199.72727272727272), (532, 199.72727272727272), (533, 199.72727272727272), (534, 199.72727272727272), (535, 199.72727272727272), (536, 199.72727272727272), (537, 199.72727272727272), (538, 199.72727272727272), (539, 199.72727272727272), (540, 199.72727272727272), (541, 199.72727272727272), (542, 199.72727272727272), (543, 199.72727272727272), (544, 199.72727272727272), (545, 199.72727272727272), (546, 199.72727272727272), (547, 199.72727272727272), (548, 199.72727272727272), (549, 199.72727272727272), (550, 199.72727272727272), (551, 199.72727272727272), (552, 199.72727272727272), (553, 199.72727272727272), (554, 199.72727272727272), (555, 199.72727272727272), (556, 199.72727272727272), (557, 199.72727272727272), (558, 199.72727272727272), (559, 199.72727272727272), (560, 199.72727272727272), (561, 199.72727272727272), (562, 199.72727272727272), (563, 199.72727272727272), (564, 199.72727272727272), (565, 199.72727272727272), (566, 199.72727272727272), (567, 199.72727272727272), (568, 199.72727272727272), (569, 199.72727272727272), (570, 199.72727272727272), (571, 199.72727272727272), (572, 199.72727272727272), (573, 199.72727272727272), (574, 199.72727272727272), (575, 199.72727272727272), (576, 199.72727272727272), (577, 199.72727272727272), (578, 199.72727272727272), (579, 199.72727272727272), (580, 199.72727272727272), (581, 199.72727272727272), (582, 199.72727272727272), (583, 199.72727272727272), (584, 199.72727272727272), (585, 199.72727272727272), (586, 199.72727272727272), (587, 199.72727272727272), (588, 199.72727272727272), (589, 199.72727272727272), (590, 199.72727272727272), (591, 199.72727272727272), (592, 199.72727272727272), (593, 199.82828282828282), (594, 200.0), (595, 200.0), (596, 200.0), (597, 200.0), (598, 200.0), (599, 200.0), (600, 200.0), (601, 200.0), (602, 200.0), (603, 200.0), (604, 200.0), (605, 200.0), (606, 200.0), (607, 200.0), (608, 200.0), (609, 200.0), (610, 200.0), (611, 200.0), (612, 200.0), (613, 200.0), (614, 200.0), (615, 200.0), (616, 200.0), (617, 200.0), (618, 200.0), (619, 200.0), (620, 200.0), (621, 200.0), (622, 200.0), (623, 200.0), (624, 200.0), (625, 200.0), (626, 200.0), (627, 200.0), (628, 200.0), (629, 200.0), (630, 200.0), (631, 200.0), (632, 200.0), (633, 200.0), (634, 200.0), (635, 200.0), (636, 200.0), (637, 200.0), (638, 200.0), (639, 200.0), (640, 200.0), (641, 200.0), (642, 200.0), (643, 200.0), (644, 200.0), (645, 200.0), (646, 200.0), (647, 200.0), (648, 200.0), (649, 200.0), (650, 200.0), (651, 200.0), (652, 200.0), (653, 200.0), (654, 200.0), (655, 200.0), (656, 200.0), (657, 200.0), (658, 200.0), (659, 200.0), (660, 200.0), (661, 200.0), (662, 200.0), (663, 200.0), (664, 200.0), (665, 200.0), (666, 200.0), (667, 200.0), (668, 200.0), (669, 200.0), (670, 200.0), (671, 200.0), (672, 199.87878787878788), (673, 199.87878787878788), (674, 199.87878787878788), (675, 199.87878787878788), (676, 199.87878787878788), (677, 199.87878787878788), (678, 199.87878787878788), (679, 199.87878787878788), (680, 199.87878787878788), (681, 199.87878787878788), (682, 199.87878787878788), (683, 199.87878787878788), (684, 199.87878787878788), (685, 199.87878787878788), (686, 199.87878787878788), (687, 199.87878787878788), (688, 199.87878787878788), (689, 199.87878787878788), (690, 199.87878787878788), (691, 199.87878787878788), (692, 199.87878787878788), (693, 199.75757575757575), (694, 199.75757575757575), (695, 199.75757575757575), (696, 199.75757575757575), (697, 199.75757575757575), (698, 199.75757575757575), (699, 199.75757575757575), (700, 199.75757575757575), (701, 199.75757575757575), (702, 199.75757575757575), (703, 199.75757575757575), (704, 199.75757575757575), (705, 199.75757575757575), (706, 199.75757575757575), (707, 199.75757575757575), (708, 199.75757575757575), (709, 199.75757575757575), (710, 199.75757575757575), (711, 199.75757575757575), (712, 199.75757575757575), (713, 199.75757575757575), (714, 199.75757575757575), (715, 199.75757575757575), (716, 199.75757575757575), (717, 199.75757575757575), (718, 199.75757575757575), (719, 199.75757575757575), (720, 199.75757575757575), (721, 199.75757575757575), (722, 199.75757575757575), (723, 199.75757575757575), (724, 199.75757575757575), (725, 199.75757575757575), (726, 199.75757575757575), (727, 199.75757575757575), (728, 199.75757575757575), (729, 199.75757575757575), (730, 199.75757575757575), (731, 199.75757575757575), (732, 199.75757575757575), (733, 199.75757575757575), (734, 199.75757575757575), (735, 199.75757575757575), (736, 199.75757575757575), (737, 199.75757575757575), (738, 199.75757575757575), (739, 199.75757575757575), (740, 199.75757575757575), (741, 199.75757575757575), (742, 199.75757575757575), (743, 199.75757575757575), (744, 199.75757575757575), (745, 199.75757575757575), (746, 199.75757575757575), (747, 199.75757575757575), (748, 199.75757575757575), (749, 199.75757575757575), (750, 199.75757575757575), (751, 199.75757575757575), (752, 199.75757575757575), (753, 199.75757575757575), (754, 199.75757575757575), (755, 199.75757575757575), (756, 199.75757575757575), (757, 199.75757575757575), (758, 199.75757575757575), (759, 199.7979797979798), (760, 199.7979797979798), (761, 199.7979797979798), (762, 199.7979797979798), (763, 199.7979797979798), (764, 199.7979797979798), (765, 199.7979797979798), (766, 199.7979797979798), (767, 199.7979797979798), (768, 199.7979797979798), (769, 199.7979797979798), (770, 199.96969696969697), (771, 200.0), (772, 200.0), (773, 200.0), (774, 200.0), (775, 200.0), (776, 200.0), (777, 200.0), (778, 200.0), (779, 200.0), (780, 200.0), (781, 200.0), (782, 200.0), (783, 200.0), (784, 200.0), (785, 200.0), (786, 200.0), (787, 200.0), (788, 200.0), (789, 200.0), (790, 200.0), (791, 200.0), (792, 200.0), (793, 200.0), (794, 200.0), (795, 200.0), (796, 200.0), (797, 200.0), (798, 200.0), (799, 200.0), (800, 200.0), (801, 200.0), (802, 200.0), (803, 200.0), (804, 200.0), (805, 200.0), (806, 200.0), (807, 200.0), (808, 200.0), (809, 200.0), (810, 200.0), (811, 200.0), (812, 200.0), (813, 200.0), (814, 200.0), (815, 200.0), (816, 200.0), (817, 200.0), (818, 200.0), (819, 200.0), (820, 200.0), (821, 200.0), (822, 200.0), (823, 200.0), (824, 200.0), (825, 200.0), (826, 200.0), (827, 200.0), (828, 200.0), (829, 200.0), (830, 200.0), (831, 200.0), (832, 200.0), (833, 200.0), (834, 200.0), (835, 200.0), (836, 200.0), (837, 200.0), (838, 200.0), (839, 200.0), (840, 200.0), (841, 200.0), (842, 200.0), (843, 200.0), (844, 200.0), (845, 200.0), (846, 200.0), (847, 200.0), (848, 200.0), (849, 200.0), (850, 200.0), (851, 200.0), (852, 200.0), (853, 200.0), (854, 200.0), (855, 200.0), (856, 200.0), (857, 200.0), (858, 200.0), (859, 200.0), (860, 200.0), (861, 200.0), (862, 200.0), (863, 200.0), (864, 200.0), (865, 200.0), (866, 200.0), (867, 200.0), (868, 200.0), (869, 200.0), (870, 200.0), (871, 200.0), (872, 200.0), (873, 200.0), (874, 200.0), (875, 200.0), (876, 200.0), (877, 200.0), (878, 200.0), (879, 200.0), (880, 200.0), (881, 200.0), (882, 200.0), (883, 200.0), (884, 200.0), (885, 200.0), (886, 200.0), (887, 200.0), (888, 200.0), (889, 200.0), (890, 200.0), (891, 200.0), (892, 200.0), (893, 200.0), (894, 200.0), (895, 200.0), (896, 200.0), (897, 200.0), (898, 200.0), (899, 200.0), (900, 200.0), (901, 200.0), (902, 200.0), (903, 200.0), (904, 200.0), (905, 200.0), (906, 200.0), (907, 200.0), (908, 200.0), (909, 200.0), (910, 200.0), (911, 200.0), (912, 200.0), (913, 200.0), (914, 200.0), (915, 200.0), (916, 200.0), (917, 200.0), (918, 200.0), (919, 200.0), (920, 200.0), (921, 200.0), (922, 200.0), (923, 200.0), (924, 200.0), (925, 200.0), (926, 200.0), (927, 200.0), (928, 200.0), (929, 200.0), (930, 200.0), (931, 200.0), (932, 200.0), (933, 200.0), (934, 200.0), (935, 200.0), (936, 200.0), (937, 200.0), (938, 200.0), (939, 200.0), (940, 200.0), (941, 200.0), (942, 200.0), (943, 200.0), (944, 200.0), (945, 200.0), (946, 200.0), (947, 200.0), (948, 200.0), (949, 200.0), (950, 200.0), (951, 200.0), (952, 200.0), (953, 200.0), (954, 200.0), (955, 200.0), (956, 200.0), (957, 200.0), (958, 200.0), (959, 200.0), (960, 200.0), (961, 200.0), (962, 200.0), (963, 200.0), (964, 200.0), (965, 200.0), (966, 200.0), (967, 200.0), (968, 200.0), (969, 200.0), (970, 200.0), (971, 200.0), (972, 200.0), (973, 200.0), (974, 200.0), (975, 200.0), (976, 200.0), (977, 200.0), (978, 200.0), (979, 200.0), (980, 200.0), (981, 200.0), (982, 200.0), (983, 200.0), (984, 200.0), (985, 200.0), (986, 200.0), (987, 200.0), (988, 200.0), (989, 200.0), (990, 200.0), (991, 200.0), (992, 200.0), (993, 200.0), (994, 200.0), (995, 200.0), (996, 200.0), (997, 200.0), (998, 200.0), (999, 200.0), (1000, 200.0), (1001, 200.0), (1002, 200.0), (1003, 200.0), (1004, 200.0), (1005, 200.0), (1006, 200.0), (1007, 200.0), (1008, 200.0), (1009, 200.0), (1010, 200.0), (1011, 200.0), (1012, 200.0), (1013, 200.0), (1014, 200.0), (1015, 200.0), (1016, 200.0), (1017, 200.0), (1018, 200.0), (1019, 200.0), (1020, 200.0), (1021, 200.0), (1022, 200.0), (1023, 200.0), (1024, 200.0), (1025, 200.0), (1026, 200.0), (1027, 200.0), (1028, 200.0), (1029, 200.0), (1030, 200.0), (1031, 200.0), (1032, 200.0), (1033, 200.0), (1034, 200.0), (1035, 200.0), (1036, 200.0), (1037, 200.0), (1038, 200.0), (1039, 200.0), (1040, 200.0), (1041, 200.0), (1042, 200.0), (1043, 200.0), (1044, 200.0), (1045, 200.0), (1046, 200.0), (1047, 200.0), (1048, 200.0), (1049, 200.0), (1050, 200.0), (1051, 200.0), (1052, 200.0), (1053, 200.0), (1054, 200.0), (1055, 200.0), (1056, 200.0), (1057, 200.0), (1058, 200.0), (1059, 200.0), (1060, 200.0), (1061, 200.0), (1062, 200.0), (1063, 200.0), (1064, 200.0), (1065, 200.0), (1066, 200.0), (1067, 200.0), (1068, 200.0), (1069, 200.0), (1070, 200.0), (1071, 200.0), (1072, 200.0), (1073, 200.0), (1074, 200.0), (1075, 200.0), (1076, 200.0), (1077, 200.0), (1078, 200.0), (1079, 200.0), (1080, 200.0), (1081, 200.0), (1082, 200.0), (1083, 200.0), (1084, 200.0), (1085, 200.0), (1086, 200.0), (1087, 200.0), (1088, 200.0), (1089, 200.0), (1090, 200.0), (1091, 200.0), (1092, 200.0), (1093, 200.0), (1094, 200.0), (1095, 200.0), (1096, 200.0), (1097, 200.0), (1098, 200.0), (1099, 200.0), (1100, 200.0), (1101, 200.0), (1102, 200.0), (1103, 200.0), (1104, 200.0), (1105, 200.0), (1106, 200.0), (1107, 200.0), (1108, 200.0), (1109, 200.0), (1110, 200.0), (1111, 200.0), (1112, 200.0), (1113, 200.0), (1114, 200.0), (1115, 200.0), (1116, 200.0), (1117, 200.0), (1118, 200.0), (1119, 200.0), (1120, 200.0), (1121, 200.0), (1122, 200.0), (1123, 200.0), (1124, 200.0), (1125, 200.0), (1126, 200.0), (1127, 200.0), (1128, 200.0), (1129, 200.0), (1130, 200.0), (1131, 200.0), (1132, 200.0), (1133, 200.0), (1134, 200.0), (1135, 200.0), (1136, 200.0), (1137, 200.0), (1138, 200.0), (1139, 200.0), (1140, 200.0), (1141, 200.0), (1142, 200.0), (1143, 200.0), (1144, 200.0), (1145, 200.0), (1146, 200.0), (1147, 200.0), (1148, 200.0), (1149, 200.0), (1150, 200.0), (1151, 200.0), (1152, 200.0), (1153, 200.0), (1154, 200.0), (1155, 200.0), (1156, 200.0), (1157, 200.0), (1158, 200.0), (1159, 200.0), (1160, 200.0), (1161, 200.0), (1162, 200.0), (1163, 200.0), (1164, 200.0), (1165, 200.0), (1166, 200.0), (1167, 200.0), (1168, 200.0), (1169, 200.0), (1170, 200.0), (1171, 200.0), (1172, 200.0), (1173, 200.0), (1174, 200.0), (1175, 200.0), (1176, 200.0), (1177, 200.0), (1178, 200.0), (1179, 200.0), (1180, 200.0), (1181, 200.0), (1182, 200.0), (1183, 200.0), (1184, 200.0), (1185, 200.0), (1186, 200.0), (1187, 200.0), (1188, 200.0), (1189, 200.0), (1190, 200.0), (1191, 200.0), (1192, 200.0), (1193, 200.0), (1194, 200.0), (1195, 200.0), (1196, 200.0), (1197, 200.0), (1198, 200.0), (1199, 200.0), (1200, 200.0), (1201, 200.0), (1202, 200.0), (1203, 200.0), (1204, 200.0), (1205, 200.0), (1206, 200.0), (1207, 200.0), (1208, 200.0), (1209, 200.0), (1210, 200.0), (1211, 200.0), (1212, 200.0), (1213, 200.0), (1214, 200.0), (1215, 200.0), (1216, 200.0), (1217, 200.0), (1218, 200.0), (1219, 200.0), (1220, 200.0), (1221, 200.0), (1222, 200.0), (1223, 200.0), (1224, 200.0), (1225, 200.0), (1226, 200.0), (1227, 200.0), (1228, 200.0), (1229, 200.0), (1230, 200.0), (1231, 200.0), (1232, 200.0), (1233, 200.0), (1234, 200.0), (1235, 200.0), (1236, 200.0), (1237, 200.0), (1238, 200.0), (1239, 200.0), (1240, 200.0), (1241, 200.0), (1242, 200.0), (1243, 200.0), (1244, 200.0), (1245, 200.0), (1246, 200.0), (1247, 200.0), (1248, 200.0), (1249, 200.0), (1250, 200.0), (1251, 200.0), (1252, 200.0), (1253, 200.0), (1254, 200.0), (1255, 200.0), (1256, 200.0), (1257, 200.0), (1258, 200.0), (1259, 200.0), (1260, 200.0), (1261, 200.0), (1262, 200.0), (1263, 200.0), (1264, 200.0), (1265, 200.0), (1266, 200.0), (1267, 200.0), (1268, 200.0), (1269, 200.0), (1270, 200.0)]
