Iteration 0 avg reward 70.000000
Iteration 100 avg reward 65.070707
Iteration 200 avg reward 152.797980
Iteration 300 avg reward 173.676768
Iteration 400 avg reward 198.080808
Iteration 500 avg reward 193.747475
Iteration 600 avg reward 198.787879
Iteration 700 avg reward 200.000000
Iteration 800 avg reward 199.777778
Iteration 900 avg reward 200.000000
Iteration 1000 avg reward 200.000000
Iteration 1100 avg reward 200.000000
Iteration 1200 avg reward 199.868687
Iteration 1300 avg reward 200.000000
[(0, 70.0), (1, 76.5), (2, 68.0), (3, 60.5), (4, 54.8), (5, 49.833333333333336), (6, 50.0), (7, 46.25), (8, 44.666666666666664), (9, 44.4), (10, 42.27272727272727), (11, 41.583333333333336), (12, 42.53846153846154), (13, 41.92857142857143), (14, 45.06666666666667), (15, 44.25), (16, 43.88235294117647), (17, 43.0), (18, 44.473684210526315), (19, 45.8), (20, 47.857142857142854), (21, 46.59090909090909), (22, 46.65217391304348), (23, 45.708333333333336), (24, 45.32), (25, 45.42307692307692), (26, 45.51851851851852), (27, 44.82142857142857), (28, 44.724137931034484), (29, 45.233333333333334), (30, 44.96774193548387), (31, 44.34375), (32, 45.09090909090909), (33, 44.588235294117645), (34, 44.6), (35, 44.05555555555556), (36, 43.54054054054054), (37, 44.8421052631579), (38, 44.38461538461539), (39, 44.3), (40, 43.926829268292686), (41, 44.333333333333336), (42, 44.18604651162791), (43, 43.59090909090909), (44, 43.68888888888889), (45, 43.08695652173913), (46, 43.787234042553195), (47, 44.520833333333336), (48, 44.61224489795919), (49, 44.88), (50, 44.627450980392155), (51, 44.23076923076923), (52, 44.528301886792455), (53, 45.46296296296296), (54, 45.36363636363637), (55, 45.625), (56, 46.31578947368421), (57, 45.96551724137931), (58, 45.66101694915254), (59, 47.083333333333336), (60, 46.704918032786885), (61, 46.45161290322581), (62, 46.285714285714285), (63, 47.25), (64, 47.52307692307692), (65, 47.24242424242424), (66, 47.55223880597015), (67, 48.0), (68, 49.289855072463766), (69, 49.84285714285714), (70, 50.61971830985915), (71, 51.111111111111114), (72, 50.76712328767123), (73, 51.189189189189186), (74, 51.78666666666667), (75, 52.723684210526315), (76, 52.883116883116884), (77, 53.666666666666664), (78, 54.08860759493671), (79, 54.95), (80, 55.666666666666664), (81, 55.75609756097561), (82, 56.265060240963855), (83, 56.5), (84, 56.89411764705882), (85, 57.36046511627907), (86, 57.62068965517241), (87, 57.39772727272727), (88, 58.49438202247191), (89, 59.044444444444444), (90, 59.637362637362635), (91, 60.98913043478261), (92, 60.67741935483871), (93, 60.648936170212764), (94, 61.136842105263156), (95, 62.385416666666664), (96, 62.97938144329897), (97, 63.19387755102041), (98, 63.81818181818182), (99, 64.83838383838383), (100, 65.07070707070707), (101, 65.81818181818181), (102, 65.94949494949495), (103, 67.68686868686869), (104, 67.9090909090909), (105, 69.05050505050505), (106, 69.35353535353535), (107, 69.81818181818181), (108, 69.60606060606061), (109, 70.68686868686869), (110, 71.07070707070707), (111, 70.56565656565657), (112, 71.06060606060606), (113, 72.65656565656566), (114, 74.54545454545455), (115, 74.26262626262626), (116, 76.0), (117, 76.98989898989899), (118, 76.91919191919192), (119, 77.61616161616162), (120, 78.26262626262626), (121, 79.41414141414141), (122, 79.81818181818181), (123, 80.5959595959596), (124, 82.21212121212122), (125, 82.27272727272727), (126, 83.34343434343434), (127, 83.5959595959596), (128, 85.14141414141415), (129, 86.02020202020202), (130, 87.55555555555556), (131, 89.17171717171718), (132, 90.43434343434343), (133, 91.97979797979798), (134, 92.60606060606061), (135, 93.54545454545455), (136, 94.78787878787878), (137, 95.45454545454545), (138, 97.28282828282828), (139, 98.93939393939394), (140, 99.45454545454545), (141, 101.02020202020202), (142, 101.81818181818181), (143, 102.1919191919192), (144, 103.28282828282828), (145, 104.71717171717172), (146, 105.55555555555556), (147, 106.91919191919192), (148, 107.81818181818181), (149, 108.96969696969697), (150, 109.96969696969697), (151, 110.79797979797979), (152, 111.73737373737374), (153, 113.26262626262626), (154, 114.57575757575758), (155, 114.75757575757575), (156, 115.17171717171718), (157, 115.60606060606061), (158, 115.28282828282828), (159, 117.06060606060606), (160, 117.71717171717172), (161, 118.46464646464646), (162, 119.26262626262626), (163, 120.18181818181819), (164, 121.9090909090909), (165, 123.24242424242425), (166, 124.47474747474747), (167, 125.11111111111111), (168, 126.24242424242425), (169, 126.37373737373737), (170, 127.52525252525253), (171, 129.2828282828283), (172, 130.4747474747475), (173, 131.5252525252525), (174, 131.97979797979798), (175, 133.34343434343435), (176, 134.21212121212122), (177, 135.35353535353536), (178, 136.13131313131314), (179, 137.010101010101), (180, 138.3939393939394), (181, 138.6060606060606), (182, 139.85858585858585), (183, 140.76767676767676), (184, 141.8080808080808), (185, 143.02020202020202), (186, 144.65656565656565), (187, 144.13131313131314), (188, 144.23232323232324), (189, 145.11111111111111), (190, 145.27272727272728), (191, 145.2020202020202), (192, 146.63636363636363), (193, 147.57575757575756), (194, 147.76767676767676), (195, 148.57575757575756), (196, 149.74747474747474), (197, 150.5050505050505), (198, 151.26262626262627), (199, 151.7979797979798), (200, 152.7979797979798), (201, 153.87878787878788), (202, 153.87878787878788), (203, 155.07070707070707), (204, 154.75757575757575), (205, 155.57575757575756), (206, 156.8181818181818), (207, 158.21212121212122), (208, 158.8181818181818), (209, 159.16161616161617), (210, 160.82828282828282), (211, 161.93939393939394), (212, 161.93939393939394), (213, 161.93939393939394), (214, 163.25252525252526), (215, 162.84848484848484), (216, 163.73737373737373), (217, 164.84848484848484), (218, 166.03030303030303), (219, 167.08080808080808), (220, 167.08080808080808), (221, 168.0909090909091), (222, 168.97979797979798), (223, 168.97979797979798), (224, 170.06060606060606), (225, 170.66666666666666), (226, 171.27272727272728), (227, 170.44444444444446), (228, 171.41414141414143), (229, 171.17171717171718), (230, 171.17171717171718), (231, 170.4848484848485), (232, 169.2828282828283), (233, 169.05050505050505), (234, 169.4949494949495), (235, 170.04040404040404), (236, 169.43434343434345), (237, 168.86868686868686), (238, 167.58585858585857), (239, 168.64646464646464), (240, 168.88888888888889), (241, 169.02020202020202), (242, 170.13131313131314), (243, 169.3838383838384), (244, 169.3838383838384), (245, 170.05050505050505), (246, 168.94949494949495), (247, 169.72727272727272), (248, 170.2828282828283), (249, 170.54545454545453), (250, 170.91919191919192), (251, 170.7070707070707), (252, 170.7070707070707), (253, 170.7070707070707), (254, 170.44444444444446), (255, 171.14141414141415), (256, 172.37373737373738), (257, 172.989898989899), (258, 172.8080808080808), (259, 173.32323232323233), (260, 173.88888888888889), (261, 173.88888888888889), (262, 174.33333333333334), (263, 174.33333333333334), (264, 173.56565656565655), (265, 173.36363636363637), (266, 173.36363636363637), (267, 173.36363636363637), (268, 174.1010101010101), (269, 174.1010101010101), (270, 174.1010101010101), (271, 174.1010101010101), (272, 174.1010101010101), (273, 174.22222222222223), (274, 174.12121212121212), (275, 174.12121212121212), (276, 174.12121212121212), (277, 174.12121212121212), (278, 174.06060606060606), (279, 172.75757575757575), (280, 173.06060606060606), (281, 172.63636363636363), (282, 172.1010101010101), (283, 172.1010101010101), (284, 170.72727272727272), (285, 170.72727272727272), (286, 171.7070707070707), (287, 172.53535353535352), (288, 172.53535353535352), (289, 171.75757575757575), (290, 173.5252525252525), (291, 173.5252525252525), (292, 173.5252525252525), (293, 172.16161616161617), (294, 172.16161616161617), (295, 172.16161616161617), (296, 172.16161616161617), (297, 172.16161616161617), (298, 173.22222222222223), (299, 173.22222222222223), (300, 173.67676767676767), (301, 173.4848484848485), (302, 173.4848484848485), (303, 174.37373737373738), (304, 175.04040404040404), (305, 174.27272727272728), (306, 174.27272727272728), (307, 174.32323232323233), (308, 175.1010101010101), (309, 175.16161616161617), (310, 175.46464646464648), (311, 176.3939393939394), (312, 177.2929292929293), (313, 177.2929292929293), (314, 177.83838383838383), (315, 177.83838383838383), (316, 177.83838383838383), (317, 177.17171717171718), (318, 178.27272727272728), (319, 179.13131313131314), (320, 179.13131313131314), (321, 180.85858585858585), (322, 180.84848484848484), (323, 180.15151515151516), (324, 180.15151515151516), (325, 181.24242424242425), (326, 180.1919191919192), (327, 181.14141414141415), (328, 180.02020202020202), (329, 180.8181818181818), (330, 180.27272727272728), (331, 180.27272727272728), (332, 181.4848484848485), (333, 181.15151515151516), (334, 181.15151515151516), (335, 181.82828282828282), (336, 182.08080808080808), (337, 183.24242424242425), (338, 183.24242424242425), (339, 183.24242424242425), (340, 183.97979797979798), (341, 183.97979797979798), (342, 185.34343434343435), (343, 185.34343434343435), (344, 185.34343434343435), (345, 186.44444444444446), (346, 186.44444444444446), (347, 186.44444444444446), (348, 186.96969696969697), (349, 186.96969696969697), (350, 187.78787878787878), (351, 187.78787878787878), (352, 187.78787878787878), (353, 188.58585858585857), (354, 188.77777777777777), (355, 188.77777777777777), (356, 188.77777777777777), (357, 188.95959595959596), (358, 189.4949494949495), (359, 189.96969696969697), (360, 189.96969696969697), (361, 189.96969696969697), (362, 189.96969696969697), (363, 190.73737373737373), (364, 190.93939393939394), (365, 190.93939393939394), (366, 190.93939393939394), (367, 191.03030303030303), (368, 191.03030303030303), (369, 191.03030303030303), (370, 191.03030303030303), (371, 191.03030303030303), (372, 191.23232323232324), (373, 191.33333333333334), (374, 191.33333333333334), (375, 191.33333333333334), (376, 191.33333333333334), (377, 191.3939393939394), (378, 192.6969696969697), (379, 193.21212121212122), (380, 193.63636363636363), (381, 194.37373737373738), (382, 194.37373737373738), (383, 195.74747474747474), (384, 195.74747474747474), (385, 195.74747474747474), (386, 195.74747474747474), (387, 195.74747474747474), (388, 196.5252525252525), (389, 196.5252525252525), (390, 196.5252525252525), (391, 196.5252525252525), (392, 197.88888888888889), (393, 197.88888888888889), (394, 197.88888888888889), (395, 197.88888888888889), (396, 197.88888888888889), (397, 197.88888888888889), (398, 197.88888888888889), (399, 197.88888888888889), (400, 198.08080808080808), (401, 198.08080808080808), (402, 198.08080808080808), (403, 198.08080808080808), (404, 198.78787878787878), (405, 198.78787878787878), (406, 198.989898989899), (407, 199.04040404040404), (408, 199.04040404040404), (409, 199.04040404040404), (410, 199.04040404040404), (411, 199.04040404040404), (412, 199.04040404040404), (413, 199.04040404040404), (414, 199.04040404040404), (415, 199.04040404040404), (416, 198.9090909090909), (417, 198.9090909090909), (418, 198.96969696969697), (419, 198.96969696969697), (420, 199.40404040404042), (421, 199.40404040404042), (422, 199.40404040404042), (423, 199.40404040404042), (424, 199.40404040404042), (425, 199.17171717171718), (426, 199.17171717171718), (427, 199.17171717171718), (428, 199.17171717171718), (429, 199.17171717171718), (430, 199.17171717171718), (431, 199.17171717171718), (432, 199.17171717171718), (433, 199.31313131313132), (434, 199.31313131313132), (435, 199.31313131313132), (436, 199.31313131313132), (437, 199.31313131313132), (438, 199.31313131313132), (439, 198.91919191919192), (440, 198.5050505050505), (441, 198.2020202020202), (442, 198.2020202020202), (443, 198.08080808080808), (444, 197.84848484848484), (445, 197.84848484848484), (446, 197.8181818181818), (447, 197.37373737373738), (448, 197.37373737373738), (449, 197.37373737373738), (450, 197.37373737373738), (451, 197.37373737373738), (452, 197.26262626262627), (453, 197.26262626262627), (454, 197.05050505050505), (455, 196.6969696969697), (456, 196.6969696969697), (457, 196.6969696969697), (458, 196.6969696969697), (459, 196.6969696969697), (460, 196.6969696969697), (461, 196.26262626262627), (462, 196.26262626262627), (463, 196.0909090909091), (464, 196.0909090909091), (465, 196.0909090909091), (466, 196.0909090909091), (467, 196.0909090909091), (468, 196.0909090909091), (469, 196.0909090909091), (470, 196.05050505050505), (471, 196.05050505050505), (472, 196.05050505050505), (473, 195.66666666666666), (474, 195.66666666666666), (475, 194.95959595959596), (476, 194.82828282828282), (477, 194.82828282828282), (478, 194.05050505050505), (479, 193.66666666666666), (480, 193.66666666666666), (481, 193.66666666666666), (482, 193.06060606060606), (483, 193.06060606060606), (484, 193.06060606060606), (485, 193.22222222222223), (486, 193.22222222222223), (487, 192.15151515151516), (488, 192.15151515151516), (489, 192.15151515151516), (490, 192.65656565656565), (491, 192.95959595959596), (492, 192.95959595959596), (493, 192.95959595959596), (494, 192.92929292929293), (495, 193.0), (496, 193.0), (497, 193.74747474747474), (498, 193.74747474747474), (499, 193.74747474747474), (500, 193.74747474747474), (501, 193.74747474747474), (502, 193.74747474747474), (503, 193.74747474747474), (504, 193.34343434343435), (505, 193.34343434343435), (506, 192.82828282828282), (507, 192.82828282828282), (508, 192.82828282828282), (509, 192.82828282828282), (510, 193.32323232323233), (511, 193.32323232323233), (512, 193.32323232323233), (513, 193.8080808080808), (514, 193.8080808080808), (515, 193.8080808080808), (516, 193.8080808080808), (517, 193.8080808080808), (518, 193.8080808080808), (519, 193.8080808080808), (520, 193.6161616161616), (521, 193.6161616161616), (522, 193.6161616161616), (523, 193.6161616161616), (524, 193.6161616161616), (525, 193.54545454545453), (526, 193.54545454545453), (527, 193.54545454545453), (528, 193.40404040404042), (529, 193.32323232323233), (530, 192.5050505050505), (531, 192.41414141414143), (532, 192.8181818181818), (533, 192.05050505050505), (534, 192.1919191919192), (535, 191.92929292929293), (536, 191.59595959595958), (537, 191.59595959595958), (538, 190.86868686868686), (539, 190.64646464646464), (540, 191.08080808080808), (541, 191.08080808080808), (542, 191.08080808080808), (543, 191.08080808080808), (544, 191.08080808080808), (545, 191.08080808080808), (546, 191.08080808080808), (547, 191.08080808080808), (548, 189.989898989899), (549, 189.989898989899), (550, 189.989898989899), (551, 189.84848484848484), (552, 189.84848484848484), (553, 190.06060606060606), (554, 190.41414141414143), (555, 190.41414141414143), (556, 190.41414141414143), (557, 190.41414141414143), (558, 190.41414141414143), (559, 190.41414141414143), (560, 190.84848484848484), (561, 190.84848484848484), (562, 191.02020202020202), (563, 191.02020202020202), (564, 191.02020202020202), (565, 191.02020202020202), (566, 191.02020202020202), (567, 191.02020202020202), (568, 191.02020202020202), (569, 191.06060606060606), (570, 191.06060606060606), (571, 191.06060606060606), (572, 191.44444444444446), (573, 191.44444444444446), (574, 192.15151515151516), (575, 192.7979797979798), (576, 192.92929292929293), (577, 193.06060606060606), (578, 193.66666666666666), (579, 194.07070707070707), (580, 194.07070707070707), (581, 194.07070707070707), (582, 194.07070707070707), (583, 194.35353535353536), (584, 194.6060606060606), (585, 194.6060606060606), (586, 195.45454545454547), (587, 195.63636363636363), (588, 195.78787878787878), (589, 195.88888888888889), (590, 195.88888888888889), (591, 196.44444444444446), (592, 196.62626262626262), (593, 197.46464646464648), (594, 197.46464646464648), (595, 197.46464646464648), (596, 198.010101010101), (597, 198.05050505050505), (598, 198.37373737373738), (599, 198.37373737373738), (600, 198.78787878787878), (601, 198.87878787878788), (602, 198.87878787878788), (603, 199.25252525252526), (604, 199.25252525252526), (605, 199.25252525252526), (606, 199.25252525252526), (607, 199.25252525252526), (608, 199.67676767676767), (609, 199.67676767676767), (610, 199.67676767676767), (611, 200.0), (612, 200.0), (613, 200.0), (614, 200.0), (615, 200.0), (616, 200.0), (617, 200.0), (618, 200.0), (619, 200.0), (620, 200.0), (621, 200.0), (622, 200.0), (623, 200.0), (624, 200.0), (625, 200.0), (626, 200.0), (627, 200.0), (628, 200.0), (629, 200.0), (630, 200.0), (631, 200.0), (632, 200.0), (633, 200.0), (634, 200.0), (635, 200.0), (636, 200.0), (637, 200.0), (638, 200.0), (639, 200.0), (640, 200.0), (641, 200.0), (642, 200.0), (643, 200.0), (644, 200.0), (645, 200.0), (646, 200.0), (647, 200.0), (648, 200.0), (649, 200.0), (650, 200.0), (651, 200.0), (652, 200.0), (653, 200.0), (654, 200.0), (655, 200.0), (656, 200.0), (657, 200.0), (658, 200.0), (659, 200.0), (660, 200.0), (661, 200.0), (662, 200.0), (663, 200.0), (664, 200.0), (665, 200.0), (666, 200.0), (667, 200.0), (668, 200.0), (669, 200.0), (670, 200.0), (671, 200.0), (672, 200.0), (673, 200.0), (674, 200.0), (675, 200.0), (676, 200.0), (677, 200.0), (678, 200.0), (679, 200.0), (680, 200.0), (681, 200.0), (682, 200.0), (683, 200.0), (684, 200.0), (685, 200.0), (686, 200.0), (687, 200.0), (688, 200.0), (689, 200.0), (690, 200.0), (691, 200.0), (692, 200.0), (693, 200.0), (694, 200.0), (695, 200.0), (696, 200.0), (697, 200.0), (698, 200.0), (699, 200.0), (700, 200.0), (701, 200.0), (702, 200.0), (703, 200.0), (704, 200.0), (705, 200.0), (706, 200.0), (707, 200.0), (708, 200.0), (709, 200.0), (710, 200.0), (711, 200.0), (712, 200.0), (713, 200.0), (714, 200.0), (715, 200.0), (716, 200.0), (717, 200.0), (718, 200.0), (719, 200.0), (720, 200.0), (721, 200.0), (722, 200.0), (723, 200.0), (724, 200.0), (725, 198.45454545454547), (726, 198.45454545454547), (727, 198.45454545454547), (728, 198.45454545454547), (729, 198.45454545454547), (730, 198.45454545454547), (731, 198.45454545454547), (732, 198.45454545454547), (733, 198.45454545454547), (734, 198.45454545454547), (735, 198.45454545454547), (736, 198.45454545454547), (737, 198.45454545454547), (738, 198.45454545454547), (739, 198.45454545454547), (740, 198.45454545454547), (741, 198.45454545454547), (742, 198.45454545454547), (743, 198.45454545454547), (744, 198.45454545454547), (745, 198.45454545454547), (746, 198.45454545454547), (747, 198.45454545454547), (748, 198.45454545454547), (749, 198.45454545454547), (750, 198.45454545454547), (751, 198.45454545454547), (752, 198.45454545454547), (753, 198.45454545454547), (754, 198.45454545454547), (755, 198.45454545454547), (756, 198.45454545454547), (757, 198.45454545454547), (758, 198.45454545454547), (759, 198.45454545454547), (760, 198.45454545454547), (761, 198.45454545454547), (762, 198.45454545454547), (763, 198.45454545454547), (764, 198.21212121212122), (765, 198.21212121212122), (766, 198.21212121212122), (767, 198.21212121212122), (768, 198.34343434343435), (769, 198.34343434343435), (770, 198.34343434343435), (771, 198.34343434343435), (772, 198.34343434343435), (773, 198.34343434343435), (774, 198.34343434343435), (775, 198.34343434343435), (776, 198.34343434343435), (777, 198.34343434343435), (778, 198.34343434343435), (779, 198.34343434343435), (780, 198.34343434343435), (781, 198.84848484848484), (782, 198.84848484848484), (783, 198.84848484848484), (784, 198.84848484848484), (785, 198.84848484848484), (786, 198.84848484848484), (787, 198.84848484848484), (788, 198.84848484848484), (789, 198.84848484848484), (790, 198.84848484848484), (791, 198.84848484848484), (792, 198.84848484848484), (793, 198.84848484848484), (794, 199.07070707070707), (795, 199.07070707070707), (796, 199.07070707070707), (797, 199.3838383838384), (798, 199.3838383838384), (799, 199.77777777777777), (800, 199.77777777777777), (801, 199.77777777777777), (802, 199.77777777777777), (803, 199.88888888888889), (804, 199.88888888888889), (805, 199.88888888888889), (806, 199.88888888888889), (807, 199.88888888888889), (808, 199.88888888888889), (809, 199.88888888888889), (810, 199.88888888888889), (811, 200.0), (812, 200.0), (813, 200.0), (814, 200.0), (815, 200.0), (816, 200.0), (817, 200.0), (818, 200.0), (819, 200.0), (820, 200.0), (821, 200.0), (822, 200.0), (823, 200.0), (824, 200.0), (825, 200.0), (826, 200.0), (827, 200.0), (828, 200.0), (829, 200.0), (830, 200.0), (831, 200.0), (832, 200.0), (833, 200.0), (834, 200.0), (835, 200.0), (836, 200.0), (837, 200.0), (838, 200.0), (839, 200.0), (840, 200.0), (841, 200.0), (842, 200.0), (843, 200.0), (844, 200.0), (845, 200.0), (846, 200.0), (847, 200.0), (848, 200.0), (849, 200.0), (850, 200.0), (851, 200.0), (852, 200.0), (853, 200.0), (854, 200.0), (855, 200.0), (856, 200.0), (857, 200.0), (858, 200.0), (859, 200.0), (860, 200.0), (861, 200.0), (862, 200.0), (863, 200.0), (864, 200.0), (865, 200.0), (866, 200.0), (867, 200.0), (868, 200.0), (869, 200.0), (870, 200.0), (871, 200.0), (872, 200.0), (873, 200.0), (874, 200.0), (875, 200.0), (876, 200.0), (877, 200.0), (878, 200.0), (879, 200.0), (880, 200.0), (881, 200.0), (882, 200.0), (883, 200.0), (884, 200.0), (885, 200.0), (886, 200.0), (887, 200.0), (888, 200.0), (889, 200.0), (890, 200.0), (891, 200.0), (892, 200.0), (893, 200.0), (894, 200.0), (895, 200.0), (896, 200.0), (897, 200.0), (898, 200.0), (899, 200.0), (900, 200.0), (901, 200.0), (902, 200.0), (903, 200.0), (904, 200.0), (905, 200.0), (906, 200.0), (907, 200.0), (908, 200.0), (909, 200.0), (910, 200.0), (911, 200.0), (912, 200.0), (913, 200.0), (914, 200.0), (915, 200.0), (916, 200.0), (917, 200.0), (918, 200.0), (919, 200.0), (920, 200.0), (921, 200.0), (922, 200.0), (923, 200.0), (924, 200.0), (925, 200.0), (926, 200.0), (927, 200.0), (928, 200.0), (929, 200.0), (930, 200.0), (931, 200.0), (932, 200.0), (933, 200.0), (934, 200.0), (935, 200.0), (936, 200.0), (937, 200.0), (938, 200.0), (939, 200.0), (940, 200.0), (941, 200.0), (942, 200.0), (943, 200.0), (944, 200.0), (945, 200.0), (946, 200.0), (947, 200.0), (948, 200.0), (949, 200.0), (950, 200.0), (951, 200.0), (952, 200.0), (953, 200.0), (954, 200.0), (955, 200.0), (956, 200.0), (957, 200.0), (958, 200.0), (959, 200.0), (960, 200.0), (961, 200.0), (962, 200.0), (963, 200.0), (964, 200.0), (965, 200.0), (966, 200.0), (967, 200.0), (968, 200.0), (969, 200.0), (970, 200.0), (971, 200.0), (972, 200.0), (973, 200.0), (974, 200.0), (975, 200.0), (976, 200.0), (977, 200.0), (978, 200.0), (979, 200.0), (980, 200.0), (981, 200.0), (982, 200.0), (983, 200.0), (984, 200.0), (985, 200.0), (986, 200.0), (987, 200.0), (988, 200.0), (989, 200.0), (990, 200.0), (991, 200.0), (992, 200.0), (993, 200.0), (994, 200.0), (995, 200.0), (996, 200.0), (997, 200.0), (998, 200.0), (999, 200.0), (1000, 200.0), (1001, 200.0), (1002, 200.0), (1003, 200.0), (1004, 200.0), (1005, 200.0), (1006, 200.0), (1007, 200.0), (1008, 200.0), (1009, 200.0), (1010, 200.0), (1011, 200.0), (1012, 200.0), (1013, 200.0), (1014, 200.0), (1015, 200.0), (1016, 200.0), (1017, 200.0), (1018, 200.0), (1019, 200.0), (1020, 200.0), (1021, 200.0), (1022, 200.0), (1023, 200.0), (1024, 200.0), (1025, 200.0), (1026, 200.0), (1027, 200.0), (1028, 200.0), (1029, 200.0), (1030, 200.0), (1031, 200.0), (1032, 200.0), (1033, 200.0), (1034, 200.0), (1035, 200.0), (1036, 200.0), (1037, 200.0), (1038, 200.0), (1039, 200.0), (1040, 200.0), (1041, 200.0), (1042, 200.0), (1043, 200.0), (1044, 200.0), (1045, 200.0), (1046, 200.0), (1047, 200.0), (1048, 200.0), (1049, 200.0), (1050, 200.0), (1051, 200.0), (1052, 200.0), (1053, 200.0), (1054, 200.0), (1055, 200.0), (1056, 200.0), (1057, 200.0), (1058, 200.0), (1059, 200.0), (1060, 200.0), (1061, 200.0), (1062, 200.0), (1063, 200.0), (1064, 200.0), (1065, 200.0), (1066, 200.0), (1067, 200.0), (1068, 200.0), (1069, 200.0), (1070, 200.0), (1071, 200.0), (1072, 200.0), (1073, 200.0), (1074, 200.0), (1075, 200.0), (1076, 200.0), (1077, 200.0), (1078, 200.0), (1079, 200.0), (1080, 200.0), (1081, 200.0), (1082, 200.0), (1083, 200.0), (1084, 200.0), (1085, 200.0), (1086, 200.0), (1087, 200.0), (1088, 200.0), (1089, 200.0), (1090, 200.0), (1091, 200.0), (1092, 200.0), (1093, 200.0), (1094, 200.0), (1095, 200.0), (1096, 200.0), (1097, 200.0), (1098, 200.0), (1099, 200.0), (1100, 200.0), (1101, 200.0), (1102, 200.0), (1103, 200.0), (1104, 200.0), (1105, 200.0), (1106, 200.0), (1107, 199.87878787878788), (1108, 199.87878787878788), (1109, 199.87878787878788), (1110, 199.87878787878788), (1111, 199.87878787878788), (1112, 199.87878787878788), (1113, 199.87878787878788), (1114, 199.87878787878788), (1115, 199.74747474747474), (1116, 199.74747474747474), (1117, 199.74747474747474), (1118, 199.74747474747474), (1119, 199.74747474747474), (1120, 199.74747474747474), (1121, 199.74747474747474), (1122, 199.74747474747474), (1123, 199.74747474747474), (1124, 199.74747474747474), (1125, 199.74747474747474), (1126, 199.74747474747474), (1127, 199.74747474747474), (1128, 199.74747474747474), (1129, 199.74747474747474), (1130, 199.74747474747474), (1131, 199.74747474747474), (1132, 199.74747474747474), (1133, 199.74747474747474), (1134, 199.74747474747474), (1135, 199.74747474747474), (1136, 199.74747474747474), (1137, 199.74747474747474), (1138, 199.74747474747474), (1139, 199.74747474747474), (1140, 199.74747474747474), (1141, 199.74747474747474), (1142, 199.74747474747474), (1143, 199.74747474747474), (1144, 199.74747474747474), (1145, 199.74747474747474), (1146, 199.74747474747474), (1147, 199.74747474747474), (1148, 200.0), (1149, 200.0), (1150, 200.0), (1151, 200.0), (1152, 200.0), (1153, 200.0), (1154, 200.0), (1155, 200.0), (1156, 199.74747474747474), (1157, 199.74747474747474), (1158, 199.74747474747474), (1159, 199.74747474747474), (1160, 199.74747474747474), (1161, 199.74747474747474), (1162, 199.74747474747474), (1163, 199.74747474747474), (1164, 199.74747474747474), (1165, 199.74747474747474), (1166, 199.74747474747474), (1167, 199.74747474747474), (1168, 199.74747474747474), (1169, 199.74747474747474), (1170, 199.74747474747474), (1171, 199.74747474747474), (1172, 199.74747474747474), (1173, 199.76767676767676), (1174, 199.76767676767676), (1175, 199.76767676767676), (1176, 199.76767676767676), (1177, 199.76767676767676), (1178, 199.76767676767676), (1179, 199.76767676767676), (1180, 199.76767676767676), (1181, 199.76767676767676), (1182, 199.76767676767676), (1183, 199.76767676767676), (1184, 199.76767676767676), (1185, 199.86868686868686), (1186, 199.86868686868686), (1187, 199.86868686868686), (1188, 199.86868686868686), (1189, 199.86868686868686), (1190, 199.86868686868686), (1191, 199.86868686868686), (1192, 199.86868686868686), (1193, 199.86868686868686), (1194, 199.86868686868686), (1195, 199.86868686868686), (1196, 199.86868686868686), (1197, 199.86868686868686), (1198, 199.86868686868686), (1199, 199.86868686868686), (1200, 199.86868686868686), (1201, 199.86868686868686), (1202, 199.86868686868686), (1203, 199.86868686868686), (1204, 199.86868686868686), (1205, 199.86868686868686), (1206, 199.86868686868686), (1207, 199.86868686868686), (1208, 199.86868686868686), (1209, 199.86868686868686), (1210, 199.86868686868686), (1211, 199.86868686868686), (1212, 199.86868686868686), (1213, 199.7979797979798), (1214, 199.7979797979798), (1215, 199.7979797979798), (1216, 199.7979797979798), (1217, 199.7979797979798), (1218, 199.7979797979798), (1219, 199.7979797979798), (1220, 200.0), (1221, 200.0), (1222, 200.0), (1223, 200.0), (1224, 200.0), (1225, 200.0), (1226, 199.96969696969697), (1227, 199.96969696969697), (1228, 199.96969696969697), (1229, 199.96969696969697), (1230, 199.96969696969697), (1231, 199.96969696969697), (1232, 199.96969696969697), (1233, 199.96969696969697), (1234, 199.96969696969697), (1235, 199.96969696969697), (1236, 199.96969696969697), (1237, 199.96969696969697), (1238, 199.96969696969697), (1239, 199.96969696969697), (1240, 199.72727272727272), (1241, 199.72727272727272), (1242, 199.72727272727272), (1243, 199.72727272727272), (1244, 199.72727272727272), (1245, 199.72727272727272), (1246, 199.72727272727272), (1247, 199.72727272727272), (1248, 199.72727272727272), (1249, 199.72727272727272), (1250, 199.7979797979798), (1251, 200.0), (1252, 200.0), (1253, 200.0), (1254, 200.0), (1255, 200.0), (1256, 200.0), (1257, 200.0), (1258, 200.0), (1259, 200.0), (1260, 200.0), (1261, 200.0), (1262, 200.0), (1263, 200.0), (1264, 200.0), (1265, 200.0), (1266, 200.0), (1267, 200.0), (1268, 200.0), (1269, 200.0), (1270, 200.0), (1271, 200.0), (1272, 200.0), (1273, 200.0), (1274, 200.0), (1275, 200.0), (1276, 200.0), (1277, 200.0), (1278, 200.0), (1279, 200.0), (1280, 200.0), (1281, 200.0), (1282, 200.0), (1283, 200.0), (1284, 200.0), (1285, 200.0), (1286, 200.0), (1287, 200.0), (1288, 200.0), (1289, 200.0), (1290, 200.0), (1291, 200.0), (1292, 200.0), (1293, 200.0), (1294, 200.0), (1295, 200.0), (1296, 200.0), (1297, 200.0), (1298, 200.0), (1299, 200.0), (1300, 200.0), (1301, 200.0), (1302, 200.0), (1303, 200.0), (1304, 200.0), (1305, 200.0), (1306, 200.0), (1307, 200.0), (1308, 200.0), (1309, 200.0), (1310, 200.0), (1311, 200.0), (1312, 200.0), (1313, 200.0), (1314, 200.0), (1315, 200.0), (1316, 200.0), (1317, 200.0), (1318, 200.0), (1319, 200.0), (1320, 200.0), (1321, 200.0), (1322, 200.0), (1323, 200.0), (1324, 200.0), (1325, 200.0), (1326, 200.0), (1327, 200.0), (1328, 200.0), (1329, 200.0), (1330, 200.0), (1331, 200.0), (1332, 200.0), (1333, 200.0), (1334, 200.0), (1335, 200.0), (1336, 200.0), (1337, 200.0), (1338, 200.0), (1339, 200.0), (1340, 200.0), (1341, 200.0), (1342, 200.0), (1343, 200.0), (1344, 200.0), (1345, 200.0), (1346, 200.0), (1347, 200.0), (1348, 200.0), (1349, 200.0), (1350, 200.0), (1351, 200.0), (1352, 200.0), (1353, 200.0), (1354, 200.0), (1355, 200.0), (1356, 200.0), (1357, 200.0), (1358, 200.0), (1359, 200.0), (1360, 200.0), (1361, 200.0), (1362, 200.0), (1363, 200.0), (1364, 200.0), (1365, 200.0), (1366, 200.0), (1367, 200.0), (1368, 200.0), (1369, 200.0), (1370, 200.0), (1371, 200.0), (1372, 200.0), (1373, 200.0), (1374, 200.0), (1375, 200.0), (1376, 200.0), (1377, 200.0), (1378, 200.0), (1379, 200.0), (1380, 200.0), (1381, 200.0), (1382, 200.0)]
