Iteration 0 avg reward 72.000000
Iteration 100 avg reward 59.797980
Iteration 200 avg reward 150.262626
Iteration 300 avg reward 185.060606
Iteration 400 avg reward 196.909091
Iteration 500 avg reward 200.000000
Iteration 600 avg reward 200.000000
Iteration 700 avg reward 200.000000
Iteration 800 avg reward 200.000000
Iteration 900 avg reward 200.000000
Iteration 1000 avg reward 200.000000
Iteration 1100 avg reward 200.000000
Iteration 1200 avg reward 200.000000
Iteration 1300 avg reward 200.000000
[(0, 72.0), (1, 45.5), (2, 34.333333333333336), (3, 33.0), (4, 33.6), (5, 35.0), (6, 39.285714285714285), (7, 39.875), (8, 44.666666666666664), (9, 43.0), (10, 45.90909090909091), (11, 44.833333333333336), (12, 44.76923076923077), (13, 46.214285714285715), (14, 49.266666666666666), (15, 47.9375), (16, 46.705882352941174), (17, 45.388888888888886), (18, 43.89473684210526), (19, 42.8), (20, 41.61904761904762), (21, 42.0), (22, 42.04347826086956), (23, 41.458333333333336), (24, 41.28), (25, 42.03846153846154), (26, 41.7037037037037), (27, 41.92857142857143), (28, 41.62068965517241), (29, 42.46666666666667), (30, 43.54838709677419), (31, 44.21875), (32, 44.42424242424242), (33, 44.6764705882353), (34, 44.17142857142857), (35, 43.77777777777778), (36, 44.86486486486486), (37, 45.63157894736842), (38, 44.94871794871795), (39, 45.35), (40, 45.09756097560975), (41, 45.476190476190474), (42, 45.97674418604651), (43, 46.15909090909091), (44, 45.6), (45, 45.78260869565217), (46, 46.08510638297872), (47, 45.625), (48, 45.224489795918366), (49, 45.86), (50, 45.333333333333336), (51, 46.40384615384615), (52, 47.283018867924525), (53, 47.24074074074074), (54, 47.32727272727273), (55, 47.92857142857143), (56, 48.12280701754386), (57, 48.03448275862069), (58, 48.220338983050844), (59, 48.016666666666666), (60, 48.114754098360656), (61, 47.87096774193548), (62, 47.46031746031746), (63, 47.03125), (64, 48.01538461538462), (65, 47.72727272727273), (66, 47.40298507462686), (67, 48.470588235294116), (68, 48.53623188405797), (69, 48.1), (70, 48.32394366197183), (71, 48.125), (72, 48.45205479452055), (73, 48.24324324324324), (74, 48.14666666666667), (75, 48.4078947368421), (76, 48.54545454545455), (77, 48.705128205128204), (78, 49.32911392405063), (79, 49.8125), (80, 50.77777777777778), (81, 50.573170731707314), (82, 50.433734939759034), (83, 50.73809523809524), (84, 50.811764705882354), (85, 52.03488372093023), (86, 51.94252873563219), (87, 51.94318181818182), (88, 52.235955056179776), (89, 52.25555555555555), (90, 53.62637362637363), (91, 53.57608695652174), (92, 54.053763440860216), (93, 54.96808510638298), (94, 56.49473684210526), (95, 57.260416666666664), (96, 58.31958762886598), (97, 57.92857142857143), (98, 58.77777777777778), (99, 59.525252525252526), (100, 59.7979797979798), (101, 61.13131313131313), (102, 62.57575757575758), (103, 62.57575757575758), (104, 64.36363636363636), (105, 65.04040404040404), (106, 65.61616161616162), (107, 67.4949494949495), (108, 69.1919191919192), (109, 70.92929292929293), (110, 71.15151515151516), (111, 72.57575757575758), (112, 73.53535353535354), (113, 74.68686868686869), (114, 75.4949494949495), (115, 76.54545454545455), (116, 77.08080808080808), (117, 77.68686868686869), (118, 78.55555555555556), (119, 79.4040404040404), (120, 80.15151515151516), (121, 80.8080808080808), (122, 82.5959595959596), (123, 83.02020202020202), (124, 84.73737373737374), (125, 85.44444444444444), (126, 86.39393939393939), (127, 87.31313131313131), (128, 88.78787878787878), (129, 89.39393939393939), (130, 90.22222222222223), (131, 91.43434343434343), (132, 93.33333333333333), (133, 94.45454545454545), (134, 96.06060606060606), (135, 97.81818181818181), (136, 99.17171717171718), (137, 98.98989898989899), (138, 99.93939393939394), (139, 101.73737373737374), (140, 102.4040404040404), (141, 103.83838383838383), (142, 105.72727272727273), (143, 107.29292929292929), (144, 107.24242424242425), (145, 107.11111111111111), (146, 107.56565656565657), (147, 108.60606060606061), (148, 109.42424242424242), (149, 110.26262626262626), (150, 112.13131313131314), (151, 112.8989898989899), (152, 114.42424242424242), (153, 115.63636363636364), (154, 116.44444444444444), (155, 117.5050505050505), (156, 118.28282828282828), (157, 119.96969696969697), (158, 120.5959595959596), (159, 121.92929292929293), (160, 122.74747474747475), (161, 123.23232323232324), (162, 124.27272727272727), (163, 125.72727272727273), (164, 126.46464646464646), (165, 128.08080808080808), (166, 127.58585858585859), (167, 128.21212121212122), (168, 128.78787878787878), (169, 130.54545454545453), (170, 131.43434343434345), (171, 132.26262626262627), (172, 133.23232323232324), (173, 132.77777777777777), (174, 134.56565656565655), (175, 136.25252525252526), (176, 137.54545454545453), (177, 137.9090909090909), (178, 139.010101010101), (179, 139.56565656565655), (180, 140.4747474747475), (181, 141.989898989899), (182, 143.1919191919192), (183, 142.74747474747474), (184, 142.15151515151516), (185, 143.31313131313132), (186, 142.77777777777777), (187, 143.8181818181818), (188, 145.24242424242425), (189, 144.07070707070707), (190, 145.04040404040404), (191, 145.5151515151515), (192, 146.12121212121212), (193, 145.76767676767676), (194, 146.21212121212122), (195, 146.55555555555554), (196, 147.2929292929293), (197, 147.87878787878788), (198, 148.97979797979798), (199, 150.4848484848485), (200, 150.26262626262627), (201, 150.68686868686868), (202, 152.26262626262627), (203, 152.26262626262627), (204, 153.25252525252526), (205, 154.44444444444446), (206, 153.8181818181818), (207, 153.24242424242425), (208, 153.32323232323233), (209, 155.010101010101), (210, 155.1818181818182), (211, 155.94949494949495), (212, 156.41414141414143), (213, 156.66666666666666), (214, 156.6060606060606), (215, 156.84848484848484), (216, 158.02020202020202), (217, 159.03030303030303), (218, 160.0), (219, 160.72727272727272), (220, 160.989898989899), (221, 160.989898989899), (222, 162.16161616161617), (223, 162.06060606060606), (224, 163.23232323232324), (225, 164.0909090909091), (226, 164.8181818181818), (227, 165.22222222222223), (228, 166.05050505050505), (229, 166.3030303030303), (230, 166.16161616161617), (231, 165.93939393939394), (232, 166.6060606060606), (233, 165.97979797979798), (234, 165.97979797979798), (235, 166.3939393939394), (236, 168.06060606060606), (237, 168.66666666666666), (238, 168.66666666666666), (239, 169.44444444444446), (240, 169.44444444444446), (241, 169.44444444444446), (242, 169.04040404040404), (243, 170.43434343434345), (244, 171.83838383838383), (245, 172.63636363636363), (246, 172.72727272727272), (247, 173.22222222222223), (248, 174.14141414141415), (249, 174.14141414141415), (250, 174.82828282828282), (251, 174.82828282828282), (252, 174.85858585858585), (253, 175.04040404040404), (254, 174.87878787878788), (255, 175.63636363636363), (256, 175.63636363636363), (257, 176.37373737373738), (258, 176.75757575757575), (259, 177.15151515151516), (260, 178.1010101010101), (261, 178.21212121212122), (262, 177.73737373737373), (263, 177.96969696969697), (264, 177.96969696969697), (265, 178.91919191919192), (266, 178.97979797979798), (267, 178.97979797979798), (268, 178.97979797979798), (269, 179.68686868686868), (270, 179.68686868686868), (271, 180.06060606060606), (272, 180.31313131313132), (273, 179.84848484848484), (274, 179.32323232323233), (275, 179.32323232323233), (276, 179.6161616161616), (277, 180.08080808080808), (278, 179.85858585858585), (279, 180.74747474747474), (280, 181.07070707070707), (281, 181.07070707070707), (282, 181.97979797979798), (283, 182.57575757575756), (284, 182.59595959595958), (285, 183.44444444444446), (286, 183.44444444444446), (287, 183.73737373737373), (288, 184.9090909090909), (289, 184.9090909090909), (290, 184.9090909090909), (291, 184.1818181818182), (292, 184.53535353535352), (293, 184.7979797979798), (294, 184.85858585858585), (295, 185.93939393939394), (296, 185.93939393939394), (297, 185.93939393939394), (298, 185.33333333333334), (299, 185.43434343434345), (300, 185.06060606060606), (301, 185.06060606060606), (302, 184.77777777777777), (303, 184.91919191919192), (304, 185.04040404040404), (305, 185.66666666666666), (306, 186.24242424242425), (307, 186.24242424242425), (308, 186.14141414141415), (309, 186.02020202020202), (310, 186.02020202020202), (311, 186.05050505050505), (312, 186.7171717171717), (313, 187.08080808080808), (314, 187.94949494949495), (315, 187.94949494949495), (316, 187.64646464646464), (317, 187.64646464646464), (318, 187.26262626262627), (319, 187.94949494949495), (320, 187.94949494949495), (321, 187.94949494949495), (322, 188.05050505050505), (323, 188.05050505050505), (324, 188.05050505050505), (325, 187.76767676767676), (326, 187.76767676767676), (327, 187.24242424242425), (328, 187.6060606060606), (329, 188.35353535353536), (330, 188.57575757575756), (331, 188.1010101010101), (332, 188.02020202020202), (333, 188.02020202020202), (334, 188.02020202020202), (335, 188.02020202020202), (336, 187.35353535353536), (337, 187.35353535353536), (338, 187.35353535353536), (339, 186.7070707070707), (340, 186.7070707070707), (341, 186.83838383838383), (342, 186.83838383838383), (343, 187.02020202020202), (344, 186.84848484848484), (345, 186.97979797979798), (346, 186.66666666666666), (347, 186.66666666666666), (348, 186.1919191919192), (349, 186.33333333333334), (350, 187.5252525252525), (351, 187.66666666666666), (352, 187.8181818181818), (353, 187.8181818181818), (354, 187.8181818181818), (355, 188.5252525252525), (356, 189.13131313131314), (357, 189.93939393939394), (358, 189.93939393939394), (359, 189.21212121212122), (360, 189.86868686868686), (361, 190.44444444444446), (362, 191.0909090909091), (363, 191.42424242424244), (364, 191.6060606060606), (365, 191.66666666666666), (366, 192.27272727272728), (367, 192.27272727272728), (368, 192.27272727272728), (369, 192.7979797979798), (370, 193.1919191919192), (371, 193.1919191919192), (372, 193.83838383838383), (373, 193.83838383838383), (374, 193.83838383838383), (375, 193.83838383838383), (376, 194.06060606060606), (377, 194.6161616161616), (378, 195.31313131313132), (379, 195.56565656565655), (380, 196.010101010101), (381, 196.010101010101), (382, 196.31313131313132), (383, 196.59595959595958), (384, 196.59595959595958), (385, 196.72727272727272), (386, 196.72727272727272), (387, 196.72727272727272), (388, 196.72727272727272), (389, 196.72727272727272), (390, 196.72727272727272), (391, 196.72727272727272), (392, 196.72727272727272), (393, 196.72727272727272), (394, 196.72727272727272), (395, 196.72727272727272), (396, 196.72727272727272), (397, 196.72727272727272), (398, 196.72727272727272), (399, 196.9090909090909), (400, 196.9090909090909), (401, 196.95959595959596), (402, 196.95959595959596), (403, 196.95959595959596), (404, 196.95959595959596), (405, 197.4848484848485), (406, 197.4848484848485), (407, 197.76767676767676), (408, 197.76767676767676), (409, 197.76767676767676), (410, 197.76767676767676), (411, 197.76767676767676), (412, 198.1010101010101), (413, 198.1010101010101), (414, 198.1010101010101), (415, 198.1010101010101), (416, 198.1010101010101), (417, 198.1010101010101), (418, 198.14141414141415), (419, 198.45454545454547), (420, 198.45454545454547), (421, 198.45454545454547), (422, 198.45454545454547), (423, 198.45454545454547), (424, 198.45454545454547), (425, 198.45454545454547), (426, 198.45454545454547), (427, 198.45454545454547), (428, 198.45454545454547), (429, 198.45454545454547), (430, 198.45454545454547), (431, 198.45454545454547), (432, 198.45454545454547), (433, 198.45454545454547), (434, 198.45454545454547), (435, 198.45454545454547), (436, 198.45454545454547), (437, 198.45454545454547), (438, 198.45454545454547), (439, 198.45454545454547), (440, 198.45454545454547), (441, 198.45454545454547), (442, 198.45454545454547), (443, 198.45454545454547), (444, 198.45454545454547), (445, 199.27272727272728), (446, 199.27272727272728), (447, 199.27272727272728), (448, 199.27272727272728), (449, 199.27272727272728), (450, 199.27272727272728), (451, 199.27272727272728), (452, 199.27272727272728), (453, 199.27272727272728), (454, 199.27272727272728), (455, 199.27272727272728), (456, 199.27272727272728), (457, 199.27272727272728), (458, 200.0), (459, 200.0), (460, 200.0), (461, 200.0), (462, 200.0), (463, 200.0), (464, 200.0), (465, 200.0), (466, 200.0), (467, 200.0), (468, 200.0), (469, 200.0), (470, 200.0), (471, 200.0), (472, 200.0), (473, 200.0), (474, 200.0), (475, 200.0), (476, 200.0), (477, 200.0), (478, 200.0), (479, 200.0), (480, 200.0), (481, 200.0), (482, 200.0), (483, 200.0), (484, 200.0), (485, 200.0), (486, 200.0), (487, 200.0), (488, 200.0), (489, 200.0), (490, 200.0), (491, 200.0), (492, 200.0), (493, 200.0), (494, 200.0), (495, 200.0), (496, 200.0), (497, 200.0), (498, 200.0), (499, 200.0), (500, 200.0), (501, 200.0), (502, 200.0), (503, 200.0), (504, 200.0), (505, 200.0), (506, 200.0), (507, 200.0), (508, 200.0), (509, 200.0), (510, 200.0), (511, 200.0), (512, 200.0), (513, 200.0), (514, 200.0), (515, 200.0), (516, 200.0), (517, 200.0), (518, 200.0), (519, 200.0), (520, 200.0), (521, 200.0), (522, 200.0), (523, 200.0), (524, 200.0), (525, 200.0), (526, 200.0), (527, 200.0), (528, 200.0), (529, 200.0), (530, 200.0), (531, 200.0), (532, 200.0), (533, 200.0), (534, 200.0), (535, 200.0), (536, 200.0), (537, 200.0), (538, 200.0), (539, 200.0), (540, 200.0), (541, 200.0), (542, 200.0), (543, 200.0), (544, 200.0), (545, 200.0), (546, 200.0), (547, 200.0), (548, 200.0), (549, 200.0), (550, 200.0), (551, 200.0), (552, 200.0), (553, 200.0), (554, 200.0), (555, 200.0), (556, 200.0), (557, 200.0), (558, 200.0), (559, 200.0), (560, 200.0), (561, 200.0), (562, 200.0), (563, 200.0), (564, 200.0), (565, 200.0), (566, 200.0), (567, 200.0), (568, 200.0), (569, 200.0), (570, 200.0), (571, 200.0), (572, 200.0), (573, 200.0), (574, 200.0), (575, 200.0), (576, 200.0), (577, 200.0), (578, 200.0), (579, 200.0), (580, 200.0), (581, 200.0), (582, 200.0), (583, 200.0), (584, 200.0), (585, 200.0), (586, 200.0), (587, 200.0), (588, 200.0), (589, 200.0), (590, 200.0), (591, 200.0), (592, 200.0), (593, 200.0), (594, 200.0), (595, 200.0), (596, 200.0), (597, 200.0), (598, 200.0), (599, 200.0), (600, 200.0), (601, 200.0), (602, 200.0), (603, 200.0), (604, 200.0), (605, 200.0), (606, 200.0), (607, 200.0), (608, 200.0), (609, 200.0), (610, 200.0), (611, 200.0), (612, 200.0), (613, 200.0), (614, 200.0), (615, 200.0), (616, 200.0), (617, 200.0), (618, 200.0), (619, 200.0), (620, 200.0), (621, 200.0), (622, 200.0), (623, 200.0), (624, 200.0), (625, 200.0), (626, 200.0), (627, 200.0), (628, 200.0), (629, 200.0), (630, 200.0), (631, 200.0), (632, 200.0), (633, 200.0), (634, 200.0), (635, 200.0), (636, 200.0), (637, 200.0), (638, 200.0), (639, 200.0), (640, 200.0), (641, 200.0), (642, 200.0), (643, 200.0), (644, 200.0), (645, 200.0), (646, 200.0), (647, 200.0), (648, 200.0), (649, 200.0), (650, 200.0), (651, 200.0), (652, 200.0), (653, 200.0), (654, 200.0), (655, 200.0), (656, 200.0), (657, 200.0), (658, 200.0), (659, 200.0), (660, 200.0), (661, 200.0), (662, 200.0), (663, 200.0), (664, 200.0), (665, 200.0), (666, 200.0), (667, 200.0), (668, 200.0), (669, 200.0), (670, 200.0), (671, 200.0), (672, 200.0), (673, 200.0), (674, 200.0), (675, 200.0), (676, 200.0), (677, 200.0), (678, 200.0), (679, 200.0), (680, 200.0), (681, 200.0), (682, 200.0), (683, 200.0), (684, 200.0), (685, 200.0), (686, 200.0), (687, 200.0), (688, 200.0), (689, 200.0), (690, 200.0), (691, 200.0), (692, 200.0), (693, 200.0), (694, 200.0), (695, 200.0), (696, 200.0), (697, 200.0), (698, 200.0), (699, 200.0), (700, 200.0), (701, 200.0), (702, 200.0), (703, 200.0), (704, 200.0), (705, 200.0), (706, 200.0), (707, 200.0), (708, 200.0), (709, 200.0), (710, 200.0), (711, 200.0), (712, 200.0), (713, 200.0), (714, 200.0), (715, 200.0), (716, 200.0), (717, 200.0), (718, 200.0), (719, 200.0), (720, 200.0), (721, 200.0), (722, 200.0), (723, 200.0), (724, 200.0), (725, 200.0), (726, 200.0), (727, 200.0), (728, 200.0), (729, 200.0), (730, 200.0), (731, 200.0), (732, 200.0), (733, 200.0), (734, 200.0), (735, 200.0), (736, 200.0), (737, 200.0), (738, 200.0), (739, 200.0), (740, 200.0), (741, 200.0), (742, 200.0), (743, 200.0), (744, 200.0), (745, 200.0), (746, 200.0), (747, 200.0), (748, 200.0), (749, 200.0), (750, 200.0), (751, 200.0), (752, 200.0), (753, 200.0), (754, 200.0), (755, 200.0), (756, 200.0), (757, 200.0), (758, 200.0), (759, 200.0), (760, 200.0), (761, 200.0), (762, 200.0), (763, 200.0), (764, 200.0), (765, 200.0), (766, 200.0), (767, 200.0), (768, 200.0), (769, 200.0), (770, 200.0), (771, 200.0), (772, 200.0), (773, 200.0), (774, 200.0), (775, 200.0), (776, 200.0), (777, 200.0), (778, 200.0), (779, 200.0), (780, 200.0), (781, 200.0), (782, 200.0), (783, 200.0), (784, 200.0), (785, 200.0), (786, 200.0), (787, 200.0), (788, 200.0), (789, 200.0), (790, 200.0), (791, 200.0), (792, 200.0), (793, 200.0), (794, 200.0), (795, 200.0), (796, 200.0), (797, 200.0), (798, 200.0), (799, 200.0), (800, 200.0), (801, 200.0), (802, 200.0), (803, 200.0), (804, 200.0), (805, 200.0), (806, 200.0), (807, 200.0), (808, 200.0), (809, 200.0), (810, 200.0), (811, 200.0), (812, 200.0), (813, 200.0), (814, 200.0), (815, 200.0), (816, 200.0), (817, 200.0), (818, 200.0), (819, 200.0), (820, 200.0), (821, 200.0), (822, 200.0), (823, 200.0), (824, 200.0), (825, 200.0), (826, 200.0), (827, 200.0), (828, 200.0), (829, 200.0), (830, 200.0), (831, 200.0), (832, 200.0), (833, 200.0), (834, 200.0), (835, 200.0), (836, 200.0), (837, 200.0), (838, 200.0), (839, 200.0), (840, 200.0), (841, 200.0), (842, 200.0), (843, 200.0), (844, 200.0), (845, 200.0), (846, 200.0), (847, 200.0), (848, 200.0), (849, 200.0), (850, 200.0), (851, 200.0), (852, 200.0), (853, 200.0), (854, 200.0), (855, 200.0), (856, 200.0), (857, 200.0), (858, 200.0), (859, 200.0), (860, 200.0), (861, 200.0), (862, 200.0), (863, 200.0), (864, 200.0), (865, 200.0), (866, 200.0), (867, 200.0), (868, 200.0), (869, 200.0), (870, 200.0), (871, 200.0), (872, 200.0), (873, 200.0), (874, 200.0), (875, 200.0), (876, 200.0), (877, 200.0), (878, 200.0), (879, 200.0), (880, 200.0), (881, 200.0), (882, 200.0), (883, 200.0), (884, 200.0), (885, 200.0), (886, 200.0), (887, 200.0), (888, 200.0), (889, 200.0), (890, 200.0), (891, 200.0), (892, 200.0), (893, 200.0), (894, 200.0), (895, 200.0), (896, 200.0), (897, 200.0), (898, 200.0), (899, 200.0), (900, 200.0), (901, 200.0), (902, 200.0), (903, 200.0), (904, 200.0), (905, 200.0), (906, 200.0), (907, 200.0), (908, 200.0), (909, 200.0), (910, 200.0), (911, 200.0), (912, 200.0), (913, 200.0), (914, 200.0), (915, 200.0), (916, 200.0), (917, 200.0), (918, 200.0), (919, 200.0), (920, 200.0), (921, 200.0), (922, 200.0), (923, 200.0), (924, 200.0), (925, 200.0), (926, 200.0), (927, 200.0), (928, 200.0), (929, 200.0), (930, 200.0), (931, 200.0), (932, 200.0), (933, 200.0), (934, 200.0), (935, 200.0), (936, 200.0), (937, 200.0), (938, 200.0), (939, 200.0), (940, 200.0), (941, 200.0), (942, 200.0), (943, 200.0), (944, 200.0), (945, 200.0), (946, 200.0), (947, 200.0), (948, 200.0), (949, 200.0), (950, 200.0), (951, 200.0), (952, 200.0), (953, 200.0), (954, 200.0), (955, 200.0), (956, 200.0), (957, 200.0), (958, 200.0), (959, 200.0), (960, 200.0), (961, 200.0), (962, 200.0), (963, 200.0), (964, 200.0), (965, 200.0), (966, 200.0), (967, 200.0), (968, 200.0), (969, 200.0), (970, 200.0), (971, 200.0), (972, 200.0), (973, 200.0), (974, 200.0), (975, 200.0), (976, 200.0), (977, 200.0), (978, 200.0), (979, 200.0), (980, 200.0), (981, 200.0), (982, 200.0), (983, 200.0), (984, 200.0), (985, 200.0), (986, 200.0), (987, 200.0), (988, 200.0), (989, 200.0), (990, 200.0), (991, 200.0), (992, 200.0), (993, 200.0), (994, 200.0), (995, 200.0), (996, 200.0), (997, 200.0), (998, 200.0), (999, 200.0), (1000, 200.0), (1001, 200.0), (1002, 200.0), (1003, 200.0), (1004, 200.0), (1005, 200.0), (1006, 200.0), (1007, 200.0), (1008, 200.0), (1009, 200.0), (1010, 200.0), (1011, 200.0), (1012, 200.0), (1013, 200.0), (1014, 200.0), (1015, 200.0), (1016, 200.0), (1017, 200.0), (1018, 200.0), (1019, 200.0), (1020, 200.0), (1021, 200.0), (1022, 200.0), (1023, 200.0), (1024, 200.0), (1025, 200.0), (1026, 200.0), (1027, 200.0), (1028, 200.0), (1029, 200.0), (1030, 200.0), (1031, 200.0), (1032, 200.0), (1033, 200.0), (1034, 200.0), (1035, 200.0), (1036, 200.0), (1037, 200.0), (1038, 200.0), (1039, 200.0), (1040, 200.0), (1041, 200.0), (1042, 200.0), (1043, 200.0), (1044, 200.0), (1045, 200.0), (1046, 200.0), (1047, 200.0), (1048, 200.0), (1049, 200.0), (1050, 200.0), (1051, 200.0), (1052, 200.0), (1053, 200.0), (1054, 200.0), (1055, 200.0), (1056, 200.0), (1057, 200.0), (1058, 200.0), (1059, 200.0), (1060, 200.0), (1061, 200.0), (1062, 200.0), (1063, 200.0), (1064, 200.0), (1065, 200.0), (1066, 200.0), (1067, 200.0), (1068, 200.0), (1069, 200.0), (1070, 200.0), (1071, 200.0), (1072, 200.0), (1073, 200.0), (1074, 200.0), (1075, 200.0), (1076, 200.0), (1077, 200.0), (1078, 200.0), (1079, 200.0), (1080, 200.0), (1081, 200.0), (1082, 200.0), (1083, 200.0), (1084, 200.0), (1085, 200.0), (1086, 200.0), (1087, 200.0), (1088, 200.0), (1089, 200.0), (1090, 200.0), (1091, 200.0), (1092, 200.0), (1093, 200.0), (1094, 200.0), (1095, 200.0), (1096, 200.0), (1097, 200.0), (1098, 200.0), (1099, 200.0), (1100, 200.0), (1101, 200.0), (1102, 200.0), (1103, 200.0), (1104, 200.0), (1105, 200.0), (1106, 200.0), (1107, 200.0), (1108, 200.0), (1109, 200.0), (1110, 200.0), (1111, 200.0), (1112, 200.0), (1113, 200.0), (1114, 200.0), (1115, 200.0), (1116, 200.0), (1117, 200.0), (1118, 200.0), (1119, 200.0), (1120, 200.0), (1121, 200.0), (1122, 200.0), (1123, 200.0), (1124, 200.0), (1125, 200.0), (1126, 200.0), (1127, 200.0), (1128, 200.0), (1129, 200.0), (1130, 200.0), (1131, 200.0), (1132, 200.0), (1133, 200.0), (1134, 200.0), (1135, 200.0), (1136, 200.0), (1137, 200.0), (1138, 200.0), (1139, 200.0), (1140, 200.0), (1141, 200.0), (1142, 200.0), (1143, 200.0), (1144, 200.0), (1145, 200.0), (1146, 200.0), (1147, 200.0), (1148, 200.0), (1149, 200.0), (1150, 200.0), (1151, 200.0), (1152, 200.0), (1153, 200.0), (1154, 200.0), (1155, 200.0), (1156, 200.0), (1157, 200.0), (1158, 200.0), (1159, 200.0), (1160, 200.0), (1161, 200.0), (1162, 200.0), (1163, 200.0), (1164, 200.0), (1165, 200.0), (1166, 200.0), (1167, 200.0), (1168, 200.0), (1169, 200.0), (1170, 200.0), (1171, 200.0), (1172, 200.0), (1173, 200.0), (1174, 200.0), (1175, 200.0), (1176, 200.0), (1177, 200.0), (1178, 200.0), (1179, 200.0), (1180, 200.0), (1181, 200.0), (1182, 200.0), (1183, 200.0), (1184, 200.0), (1185, 200.0), (1186, 200.0), (1187, 200.0), (1188, 200.0), (1189, 200.0), (1190, 200.0), (1191, 200.0), (1192, 200.0), (1193, 200.0), (1194, 200.0), (1195, 200.0), (1196, 200.0), (1197, 200.0), (1198, 200.0), (1199, 200.0), (1200, 200.0), (1201, 200.0), (1202, 200.0), (1203, 200.0), (1204, 200.0), (1205, 200.0), (1206, 200.0), (1207, 200.0), (1208, 200.0), (1209, 200.0), (1210, 200.0), (1211, 200.0), (1212, 200.0), (1213, 200.0), (1214, 200.0), (1215, 200.0), (1216, 200.0), (1217, 200.0), (1218, 200.0), (1219, 200.0), (1220, 200.0), (1221, 200.0), (1222, 200.0), (1223, 200.0), (1224, 200.0), (1225, 200.0), (1226, 200.0), (1227, 200.0), (1228, 200.0), (1229, 200.0), (1230, 200.0), (1231, 200.0), (1232, 200.0), (1233, 200.0), (1234, 200.0), (1235, 200.0), (1236, 200.0), (1237, 200.0), (1238, 200.0), (1239, 200.0), (1240, 200.0), (1241, 200.0), (1242, 200.0), (1243, 200.0), (1244, 200.0), (1245, 200.0), (1246, 200.0), (1247, 200.0), (1248, 200.0), (1249, 200.0), (1250, 200.0), (1251, 200.0), (1252, 200.0), (1253, 200.0), (1254, 200.0), (1255, 200.0), (1256, 200.0), (1257, 200.0), (1258, 200.0), (1259, 200.0), (1260, 200.0), (1261, 200.0), (1262, 200.0), (1263, 200.0), (1264, 200.0), (1265, 200.0), (1266, 200.0), (1267, 200.0), (1268, 200.0), (1269, 200.0), (1270, 200.0), (1271, 200.0), (1272, 200.0), (1273, 200.0), (1274, 200.0), (1275, 200.0), (1276, 200.0), (1277, 200.0), (1278, 200.0), (1279, 200.0), (1280, 200.0), (1281, 200.0), (1282, 200.0), (1283, 200.0), (1284, 200.0), (1285, 200.0), (1286, 200.0), (1287, 200.0), (1288, 200.0), (1289, 200.0), (1290, 200.0), (1291, 200.0), (1292, 200.0), (1293, 200.0), (1294, 200.0), (1295, 200.0), (1296, 200.0), (1297, 200.0), (1298, 200.0), (1299, 200.0), (1300, 200.0), (1301, 200.0), (1302, 200.0), (1303, 200.0), (1304, 200.0), (1305, 200.0), (1306, 200.0), (1307, 200.0), (1308, 200.0), (1309, 200.0), (1310, 200.0), (1311, 200.0), (1312, 200.0), (1313, 200.0), (1314, 200.0), (1315, 200.0), (1316, 200.0), (1317, 200.0), (1318, 200.0), (1319, 200.0), (1320, 200.0), (1321, 200.0), (1322, 200.0), (1323, 200.0), (1324, 200.0), (1325, 200.0), (1326, 200.0), (1327, 200.0), (1328, 200.0), (1329, 200.0), (1330, 200.0), (1331, 200.0), (1332, 200.0), (1333, 200.0), (1334, 200.0), (1335, 200.0), (1336, 200.0), (1337, 200.0), (1338, 200.0), (1339, 200.0), (1340, 200.0), (1341, 200.0), (1342, 200.0), (1343, 200.0), (1344, 200.0), (1345, 200.0), (1346, 200.0), (1347, 200.0), (1348, 200.0), (1349, 200.0), (1350, 200.0), (1351, 200.0), (1352, 200.0), (1353, 200.0), (1354, 200.0), (1355, 200.0), (1356, 200.0), (1357, 200.0), (1358, 200.0), (1359, 200.0), (1360, 200.0), (1361, 200.0), (1362, 200.0), (1363, 200.0), (1364, 200.0), (1365, 200.0), (1366, 200.0), (1367, 200.0), (1368, 200.0), (1369, 200.0), (1370, 200.0), (1371, 200.0), (1372, 200.0), (1373, 200.0), (1374, 200.0), (1375, 200.0), (1376, 200.0), (1377, 200.0)]
