Iteration 0 avg reward 128.000000
Iteration 100 avg reward 71.707071
Iteration 200 avg reward 143.929293
Iteration 300 avg reward 174.818182
Iteration 400 avg reward 184.181818
Iteration 500 avg reward 194.242424
Iteration 600 avg reward 198.000000
Iteration 700 avg reward 199.737374
Iteration 800 avg reward 197.767677
Iteration 900 avg reward 200.000000
Iteration 1000 avg reward 200.000000
Iteration 1100 avg reward 200.000000
Iteration 1200 avg reward 198.262626
Iteration 1300 avg reward 200.000000
Iteration 1400 avg reward 200.000000
Iteration 1500 avg reward 200.000000
[(0, 128.0), (1, 75.0), (2, 64.33333333333333), (3, 54.0), (4, 49.0), (5, 45.833333333333336), (6, 42.285714285714285), (7, 40.25), (8, 40.44444444444444), (9, 42.6), (10, 44.18181818181818), (11, 49.833333333333336), (12, 48.84615384615385), (13, 48.0), (14, 47.733333333333334), (15, 47.3125), (16, 51.11764705882353), (17, 56.22222222222222), (18, 57.73684210526316), (19, 57.95), (20, 57.42857142857143), (21, 57.95454545454545), (22, 60.391304347826086), (23, 60.708333333333336), (24, 63.6), (25, 63.15384615384615), (26, 62.925925925925924), (27, 63.92857142857143), (28, 63.86206896551724), (29, 63.5), (30, 62.483870967741936), (31, 61.5), (32, 61.45454545454545), (33, 60.11764705882353), (34, 61.25714285714286), (35, 61.22222222222222), (36, 60.270270270270274), (37, 59.8421052631579), (38, 59.69230769230769), (39, 59.55), (40, 59.09756097560975), (41, 58.54761904761905), (42, 59.51162790697674), (43, 60.29545454545455), (44, 59.71111111111111), (45, 60.608695652173914), (46, 60.638297872340424), (47, 61.9375), (48, 61.285714285714285), (49, 60.5), (50, 59.94117647058823), (51, 60.42307692307692), (52, 61.35849056603774), (53, 61.592592592592595), (54, 61.67272727272727), (55, 64.14285714285714), (56, 63.78947368421053), (57, 64.10344827586206), (58, 63.389830508474574), (59, 63.6), (60, 62.90163934426229), (61, 63.96774193548387), (62, 63.58730158730159), (63, 63.265625), (64, 63.16923076923077), (65, 63.22727272727273), (66, 63.507462686567166), (67, 63.55882352941177), (68, 63.85507246376812), (69, 63.785714285714285), (70, 63.19718309859155), (71, 63.263888888888886), (72, 62.63013698630137), (73, 63.5), (74, 63.6), (75, 63.578947368421055), (76, 64.62337662337663), (77, 65.08974358974359), (78, 65.12658227848101), (79, 65.2375), (80, 64.82716049382717), (81, 65.9390243902439), (82, 65.6144578313253), (83, 66.52380952380952), (84, 66.02352941176471), (85, 67.1046511627907), (86, 67.13793103448276), (87, 66.6590909090909), (88, 67.68539325842697), (89, 69.15555555555555), (90, 69.07692307692308), (91, 68.73913043478261), (92, 69.49462365591398), (93, 69.25531914893617), (94, 68.87368421052632), (95, 69.46875), (96, 70.5360824742268), (97, 70.98979591836735), (98, 71.11111111111111), (99, 71.32323232323232), (100, 71.70707070707071), (101, 72.18181818181819), (102, 72.78787878787878), (103, 72.77777777777777), (104, 74.31313131313131), (105, 75.35353535353535), (106, 76.27272727272727), (107, 77.23232323232324), (108, 78.13131313131314), (109, 78.52525252525253), (110, 79.02020202020202), (111, 80.8989898989899), (112, 81.85858585858585), (113, 81.9090909090909), (114, 83.48484848484848), (115, 84.98989898989899), (116, 85.3030303030303), (117, 86.05050505050505), (118, 86.56565656565657), (119, 87.67676767676768), (120, 88.17171717171718), (121, 89.03030303030303), (122, 89.83838383838383), (123, 91.62626262626263), (124, 92.32323232323232), (125, 92.56565656565657), (126, 92.83838383838383), (127, 93.24242424242425), (128, 94.0909090909091), (129, 94.72727272727273), (130, 95.62626262626263), (131, 95.94949494949495), (132, 97.22222222222223), (133, 97.41414141414141), (134, 97.9090909090909), (135, 99.1919191919192), (136, 100.64646464646465), (137, 101.60606060606061), (138, 102.9090909090909), (139, 104.26262626262626), (140, 105.11111111111111), (141, 105.24242424242425), (142, 106.18181818181819), (143, 106.71717171717172), (144, 107.76767676767676), (145, 108.84848484848484), (146, 109.75757575757575), (147, 110.03030303030303), (148, 110.4040404040404), (149, 109.71717171717172), (150, 110.20202020202021), (151, 110.96969696969697), (152, 111.29292929292929), (153, 112.18181818181819), (154, 112.46464646464646), (155, 113.25252525252525), (156, 114.31313131313131), (157, 115.32323232323232), (158, 116.02020202020202), (159, 116.5050505050505), (160, 118.02020202020202), (161, 118.88888888888889), (162, 119.0909090909091), (163, 120.04040404040404), (164, 121.56565656565657), (165, 122.78787878787878), (166, 122.78787878787878), (167, 123.37373737373737), (168, 123.9090909090909), (169, 123.77777777777777), (170, 125.28282828282828), (171, 125.55555555555556), (172, 127.03030303030303), (173, 127.03030303030303), (174, 127.64646464646465), (175, 127.51515151515152), (176, 128.82828282828282), (177, 128.95959595959596), (178, 128.86868686868686), (179, 128.64646464646464), (180, 128.68686868686868), (181, 129.37373737373738), (182, 129.86868686868686), (183, 131.06060606060606), (184, 131.58585858585857), (185, 132.7979797979798), (186, 132.85858585858585), (187, 132.57575757575756), (188, 134.05050505050505), (189, 135.41414141414143), (190, 136.4949494949495), (191, 137.4747474747475), (192, 138.32323232323233), (193, 139.7171717171717), (194, 140.73737373737373), (195, 141.4747474747475), (196, 141.8181818181818), (197, 141.58585858585857), (198, 142.010101010101), (199, 143.36363636363637), (200, 143.92929292929293), (201, 145.12121212121212), (202, 145.77777777777777), (203, 145.88888888888889), (204, 147.06060606060606), (205, 148.5050505050505), (206, 148.5050505050505), (207, 149.26262626262627), (208, 149.94949494949495), (209, 149.88888888888889), (210, 150.44444444444446), (211, 149.93939393939394), (212, 151.03030303030303), (213, 152.56565656565655), (214, 153.5050505050505), (215, 154.1010101010101), (216, 154.67676767676767), (217, 155.3030303030303), (218, 156.41414141414143), (219, 156.7171717171717), (220, 158.16161616161617), (221, 158.65656565656565), (222, 158.2020202020202), (223, 157.97979797979798), (224, 158.25252525252526), (225, 158.40404040404042), (226, 160.08080808080808), (227, 159.3838383838384), (228, 160.73737373737373), (229, 161.9090909090909), (230, 162.11111111111111), (231, 163.3838383838384), (232, 163.07070707070707), (233, 164.85858585858585), (234, 164.34343434343435), (235, 164.72727272727272), (236, 164.2929292929293), (237, 165.85858585858585), (238, 166.03030303030303), (239, 166.88888888888889), (240, 166.31313131313132), (241, 166.31313131313132), (242, 166.32323232323233), (243, 165.91919191919192), (244, 165.72727272727272), (245, 165.72727272727272), (246, 165.66666666666666), (247, 165.12121212121212), (248, 165.75757575757575), (249, 165.8080808080808), (250, 166.46464646464648), (251, 166.64646464646464), (252, 166.02020202020202), (253, 165.55555555555554), (254, 165.7070707070707), (255, 165.21212121212122), (256, 164.46464646464648), (257, 165.14141414141415), (258, 165.87878787878788), (259, 165.13131313131314), (260, 163.92929292929293), (261, 164.54545454545453), (262, 164.40404040404042), (263, 164.3838383838384), (264, 163.73737373737373), (265, 163.65656565656565), (266, 164.010101010101), (267, 164.14141414141415), (268, 165.05050505050505), (269, 165.85858585858585), (270, 166.87878787878788), (271, 167.66666666666666), (272, 168.2929292929293), (273, 167.44444444444446), (274, 167.11111111111111), (275, 165.67676767676767), (276, 166.5252525252525), (277, 167.27272727272728), (278, 167.78787878787878), (279, 168.56565656565655), (280, 168.85858585858585), (281, 170.0), (282, 170.0), (283, 169.4949494949495), (284, 170.40404040404042), (285, 171.04040404040404), (286, 171.0909090909091), (287, 171.25252525252526), (288, 172.05050505050505), (289, 171.33333333333334), (290, 172.67676767676767), (291, 172.67676767676767), (292, 173.43434343434345), (293, 172.45454545454547), (294, 172.45454545454547), (295, 173.010101010101), (296, 173.7070707070707), (297, 174.56565656565655), (298, 174.43434343434345), (299, 175.26262626262627), (300, 174.8181818181818), (301, 173.15151515151516), (302, 172.32323232323233), (303, 172.85858585858585), (304, 172.55555555555554), (305, 172.55555555555554), (306, 172.56565656565655), (307, 174.0), (308, 175.02020202020202), (309, 176.26262626262627), (310, 176.37373737373738), (311, 177.56565656565655), (312, 178.2828282828283), (313, 179.010101010101), (314, 179.72727272727272), (315, 179.72727272727272), (316, 180.010101010101), (317, 180.010101010101), (318, 180.010101010101), (319, 181.17171717171718), (320, 180.5151515151515), (321, 180.84848484848484), (322, 180.5151515151515), (323, 180.5151515151515), (324, 181.53535353535352), (325, 181.53535353535352), (326, 181.53535353535352), (327, 182.5252525252525), (328, 183.24242424242425), (329, 182.41414141414143), (330, 182.41414141414143), (331, 184.0909090909091), (332, 183.44444444444446), (333, 183.44444444444446), (334, 183.44444444444446), (335, 182.85858585858585), (336, 182.85858585858585), (337, 183.17171717171718), (338, 183.17171717171718), (339, 183.15151515151516), (340, 183.15151515151516), (341, 183.15151515151516), (342, 182.03030303030303), (343, 182.54545454545453), (344, 182.54545454545453), (345, 183.64646464646464), (346, 183.62626262626262), (347, 183.62626262626262), (348, 183.62626262626262), (349, 184.05050505050505), (350, 183.53535353535352), (351, 183.53535353535352), (352, 183.31313131313132), (353, 183.31313131313132), (354, 182.24242424242425), (355, 183.3030303030303), (356, 183.3030303030303), (357, 183.3030303030303), (358, 184.03030303030303), (359, 184.03030303030303), (360, 184.03030303030303), (361, 184.03030303030303), (362, 184.03030303030303), (363, 184.03030303030303), (364, 184.03030303030303), (365, 184.03030303030303), (366, 184.03030303030303), (367, 184.03030303030303), (368, 184.03030303030303), (369, 183.6060606060606), (370, 183.6060606060606), (371, 183.94949494949495), (372, 183.94949494949495), (373, 184.11111111111111), (374, 184.77777777777777), (375, 184.77777777777777), (376, 184.77777777777777), (377, 184.45454545454547), (378, 184.45454545454547), (379, 184.25252525252526), (380, 183.86868686868686), (381, 183.86868686868686), (382, 183.86868686868686), (383, 183.4848484848485), (384, 182.40404040404042), (385, 182.40404040404042), (386, 182.2929292929293), (387, 183.8080808080808), (388, 184.07070707070707), (389, 184.62626262626262), (390, 184.3030303030303), (391, 184.12121212121212), (392, 185.12121212121212), (393, 185.12121212121212), (394, 185.12121212121212), (395, 185.12121212121212), (396, 185.12121212121212), (397, 185.08080808080808), (398, 185.08080808080808), (399, 185.08080808080808), (400, 184.1818181818182), (401, 184.1818181818182), (402, 183.82828282828282), (403, 184.57575757575756), (404, 184.57575757575756), (405, 184.57575757575756), (406, 185.04040404040404), (407, 185.31313131313132), (408, 184.17171717171718), (409, 184.17171717171718), (410, 184.17171717171718), (411, 184.17171717171718), (412, 184.17171717171718), (413, 184.44444444444446), (414, 185.66666666666666), (415, 185.66666666666666), (416, 185.75757575757575), (417, 185.75757575757575), (418, 187.15151515151516), (419, 187.1818181818182), (420, 187.1818181818182), (421, 187.1818181818182), (422, 187.1818181818182), (423, 187.1818181818182), (424, 187.8080808080808), (425, 186.8181818181818), (426, 186.8181818181818), (427, 186.8181818181818), (428, 188.14141414141415), (429, 188.14141414141415), (430, 188.14141414141415), (431, 188.14141414141415), (432, 188.14141414141415), (433, 188.0909090909091), (434, 188.0909090909091), (435, 188.12121212121212), (436, 188.12121212121212), (437, 188.12121212121212), (438, 188.31313131313132), (439, 188.31313131313132), (440, 188.31313131313132), (441, 188.31313131313132), (442, 188.5252525252525), (443, 189.27272727272728), (444, 189.27272727272728), (445, 189.65656565656565), (446, 189.65656565656565), (447, 189.65656565656565), (448, 189.65656565656565), (449, 190.12121212121212), (450, 190.12121212121212), (451, 190.08080808080808), (452, 190.57575757575756), (453, 190.92929292929293), (454, 190.92929292929293), (455, 191.59595959595958), (456, 191.95959595959596), (457, 191.95959595959596), (458, 192.6060606060606), (459, 192.87878787878788), (460, 192.87878787878788), (461, 192.87878787878788), (462, 192.33333333333334), (463, 192.33333333333334), (464, 192.4848484848485), (465, 192.4848484848485), (466, 192.4848484848485), (467, 192.4848484848485), (468, 191.76767676767676), (469, 191.87878787878788), (470, 191.87878787878788), (471, 191.87878787878788), (472, 191.87878787878788), (473, 192.24242424242425), (474, 192.24242424242425), (475, 192.64646464646464), (476, 192.92929292929293), (477, 192.92929292929293), (478, 192.92929292929293), (479, 192.92929292929293), (480, 193.21212121212122), (481, 193.21212121212122), (482, 193.08080808080808), (483, 192.64646464646464), (484, 192.64646464646464), (485, 192.91919191919192), (486, 192.91919191919192), (487, 192.91919191919192), (488, 192.91919191919192), (489, 193.07070707070707), (490, 193.07070707070707), (491, 193.07070707070707), (492, 193.0), (493, 193.0), (494, 193.0), (495, 193.0), (496, 193.0), (497, 194.24242424242425), (498, 194.24242424242425), (499, 194.24242424242425), (500, 194.24242424242425), (501, 194.24242424242425), (502, 194.24242424242425), (503, 194.24242424242425), (504, 194.24242424242425), (505, 194.24242424242425), (506, 194.62626262626262), (507, 195.3838383838384), (508, 195.3838383838384), (509, 195.3838383838384), (510, 195.3838383838384), (511, 195.3838383838384), (512, 195.3838383838384), (513, 195.2020202020202), (514, 195.2020202020202), (515, 195.27272727272728), (516, 195.27272727272728), (517, 195.27272727272728), (518, 195.41414141414143), (519, 195.41414141414143), (520, 195.41414141414143), (521, 195.56565656565655), (522, 195.85858585858585), (523, 195.44444444444446), (524, 196.08080808080808), (525, 196.08080808080808), (526, 197.11111111111111), (527, 197.72727272727272), (528, 197.72727272727272), (529, 197.72727272727272), (530, 197.72727272727272), (531, 197.72727272727272), (532, 199.40404040404042), (533, 199.40404040404042), (534, 199.40404040404042), (535, 199.40404040404042), (536, 199.40404040404042), (537, 199.40404040404042), (538, 199.40404040404042), (539, 198.9090909090909), (540, 198.9090909090909), (541, 198.9090909090909), (542, 198.9090909090909), (543, 198.9090909090909), (544, 198.9090909090909), (545, 198.9090909090909), (546, 198.9090909090909), (547, 198.9090909090909), (548, 198.9090909090909), (549, 198.9090909090909), (550, 198.9090909090909), (551, 198.9090909090909), (552, 197.3939393939394), (553, 198.1010101010101), (554, 198.1010101010101), (555, 198.1010101010101), (556, 198.1010101010101), (557, 198.1010101010101), (558, 198.1010101010101), (559, 198.1010101010101), (560, 198.1010101010101), (561, 198.1010101010101), (562, 198.1010101010101), (563, 199.7070707070707), (564, 199.7070707070707), (565, 199.7070707070707), (566, 199.7070707070707), (567, 199.7070707070707), (568, 199.7070707070707), (569, 199.7070707070707), (570, 199.7070707070707), (571, 199.7070707070707), (572, 199.7070707070707), (573, 199.7070707070707), (574, 199.12121212121212), (575, 199.12121212121212), (576, 199.12121212121212), (577, 199.12121212121212), (578, 199.12121212121212), (579, 199.12121212121212), (580, 199.12121212121212), (581, 199.12121212121212), (582, 199.12121212121212), (583, 199.12121212121212), (584, 199.12121212121212), (585, 199.12121212121212), (586, 199.12121212121212), (587, 199.12121212121212), (588, 199.12121212121212), (589, 199.12121212121212), (590, 199.12121212121212), (591, 199.12121212121212), (592, 199.12121212121212), (593, 199.12121212121212), (594, 199.12121212121212), (595, 197.77777777777777), (596, 197.77777777777777), (597, 197.77777777777777), (598, 197.91919191919192), (599, 197.91919191919192), (600, 198.0), (601, 198.0), (602, 198.0), (603, 198.32323232323233), (604, 198.8181818181818), (605, 198.8181818181818), (606, 198.8181818181818), (607, 198.8181818181818), (608, 199.07070707070707), (609, 199.1010101010101), (610, 199.1010101010101), (611, 199.1010101010101), (612, 199.27272727272728), (613, 199.27272727272728), (614, 199.27272727272728), (615, 199.27272727272728), (616, 199.27272727272728), (617, 199.67676767676767), (618, 199.67676767676767), (619, 199.67676767676767), (620, 199.67676767676767), (621, 199.67676767676767), (622, 199.67676767676767), (623, 199.6969696969697), (624, 199.6969696969697), (625, 199.6969696969697), (626, 199.6969696969697), (627, 199.6969696969697), (628, 199.6969696969697), (629, 199.6969696969697), (630, 199.6969696969697), (631, 199.6969696969697), (632, 199.6969696969697), (633, 199.6969696969697), (634, 199.6969696969697), (635, 199.6969696969697), (636, 199.6969696969697), (637, 199.6969696969697), (638, 199.6969696969697), (639, 199.6969696969697), (640, 199.6969696969697), (641, 199.6969696969697), (642, 199.6969696969697), (643, 199.6969696969697), (644, 199.6969696969697), (645, 199.43434343434345), (646, 199.43434343434345), (647, 199.43434343434345), (648, 199.43434343434345), (649, 199.43434343434345), (650, 199.43434343434345), (651, 199.43434343434345), (652, 199.43434343434345), (653, 199.43434343434345), (654, 199.43434343434345), (655, 199.43434343434345), (656, 199.43434343434345), (657, 199.43434343434345), (658, 199.43434343434345), (659, 199.43434343434345), (660, 199.43434343434345), (661, 199.43434343434345), (662, 199.43434343434345), (663, 199.43434343434345), (664, 199.43434343434345), (665, 199.43434343434345), (666, 199.43434343434345), (667, 199.43434343434345), (668, 199.43434343434345), (669, 199.43434343434345), (670, 199.43434343434345), (671, 199.43434343434345), (672, 199.43434343434345), (673, 199.43434343434345), (674, 199.43434343434345), (675, 199.43434343434345), (676, 199.43434343434345), (677, 199.43434343434345), (678, 199.43434343434345), (679, 199.43434343434345), (680, 199.43434343434345), (681, 199.43434343434345), (682, 199.43434343434345), (683, 199.43434343434345), (684, 199.43434343434345), (685, 199.43434343434345), (686, 199.43434343434345), (687, 199.43434343434345), (688, 199.43434343434345), (689, 199.43434343434345), (690, 199.43434343434345), (691, 199.43434343434345), (692, 199.73737373737373), (693, 199.73737373737373), (694, 199.73737373737373), (695, 199.73737373737373), (696, 199.73737373737373), (697, 199.73737373737373), (698, 199.73737373737373), (699, 199.73737373737373), (700, 199.73737373737373), (701, 199.73737373737373), (702, 199.73737373737373), (703, 199.73737373737373), (704, 199.73737373737373), (705, 199.73737373737373), (706, 199.73737373737373), (707, 199.73737373737373), (708, 199.73737373737373), (709, 199.73737373737373), (710, 199.73737373737373), (711, 199.73737373737373), (712, 199.73737373737373), (713, 199.73737373737373), (714, 199.73737373737373), (715, 199.73737373737373), (716, 199.73737373737373), (717, 199.73737373737373), (718, 199.73737373737373), (719, 199.73737373737373), (720, 199.73737373737373), (721, 199.73737373737373), (722, 199.73737373737373), (723, 199.73737373737373), (724, 199.73737373737373), (725, 199.73737373737373), (726, 199.73737373737373), (727, 199.65656565656565), (728, 199.65656565656565), (729, 199.65656565656565), (730, 199.65656565656565), (731, 199.65656565656565), (732, 199.65656565656565), (733, 199.65656565656565), (734, 199.65656565656565), (735, 199.65656565656565), (736, 199.65656565656565), (737, 199.65656565656565), (738, 199.65656565656565), (739, 199.65656565656565), (740, 199.65656565656565), (741, 199.65656565656565), (742, 199.65656565656565), (743, 199.65656565656565), (744, 199.91919191919192), (745, 199.91919191919192), (746, 199.91919191919192), (747, 199.91919191919192), (748, 199.91919191919192), (749, 199.91919191919192), (750, 199.91919191919192), (751, 199.64646464646464), (752, 199.64646464646464), (753, 199.64646464646464), (754, 199.64646464646464), (755, 199.64646464646464), (756, 199.64646464646464), (757, 199.64646464646464), (758, 199.64646464646464), (759, 199.64646464646464), (760, 199.64646464646464), (761, 199.64646464646464), (762, 199.64646464646464), (763, 199.64646464646464), (764, 199.64646464646464), (765, 199.64646464646464), (766, 199.64646464646464), (767, 199.64646464646464), (768, 199.64646464646464), (769, 199.64646464646464), (770, 199.64646464646464), (771, 199.64646464646464), (772, 199.64646464646464), (773, 199.64646464646464), (774, 199.64646464646464), (775, 199.64646464646464), (776, 199.64646464646464), (777, 199.64646464646464), (778, 199.64646464646464), (779, 199.64646464646464), (780, 199.64646464646464), (781, 199.64646464646464), (782, 199.64646464646464), (783, 199.64646464646464), (784, 199.64646464646464), (785, 199.64646464646464), (786, 199.64646464646464), (787, 199.64646464646464), (788, 198.68686868686868), (789, 198.68686868686868), (790, 198.68686868686868), (791, 197.76767676767676), (792, 197.76767676767676), (793, 197.76767676767676), (794, 197.76767676767676), (795, 197.76767676767676), (796, 197.76767676767676), (797, 197.76767676767676), (798, 197.76767676767676), (799, 197.76767676767676), (800, 197.76767676767676), (801, 197.76767676767676), (802, 197.76767676767676), (803, 197.76767676767676), (804, 197.76767676767676), (805, 197.76767676767676), (806, 197.76767676767676), (807, 197.76767676767676), (808, 197.76767676767676), (809, 197.76767676767676), (810, 197.76767676767676), (811, 197.76767676767676), (812, 197.76767676767676), (813, 197.76767676767676), (814, 197.76767676767676), (815, 197.76767676767676), (816, 197.76767676767676), (817, 197.76767676767676), (818, 197.76767676767676), (819, 197.76767676767676), (820, 197.76767676767676), (821, 197.76767676767676), (822, 197.76767676767676), (823, 197.76767676767676), (824, 197.76767676767676), (825, 197.76767676767676), (826, 197.84848484848484), (827, 197.84848484848484), (828, 197.84848484848484), (829, 197.84848484848484), (830, 197.84848484848484), (831, 197.84848484848484), (832, 197.84848484848484), (833, 197.84848484848484), (834, 197.84848484848484), (835, 197.84848484848484), (836, 197.84848484848484), (837, 197.84848484848484), (838, 197.84848484848484), (839, 197.84848484848484), (840, 197.84848484848484), (841, 197.84848484848484), (842, 197.84848484848484), (843, 197.84848484848484), (844, 197.84848484848484), (845, 197.84848484848484), (846, 197.84848484848484), (847, 197.84848484848484), (848, 197.84848484848484), (849, 197.84848484848484), (850, 198.12121212121212), (851, 198.12121212121212), (852, 198.12121212121212), (853, 198.12121212121212), (854, 198.12121212121212), (855, 198.12121212121212), (856, 198.12121212121212), (857, 198.12121212121212), (858, 198.12121212121212), (859, 198.12121212121212), (860, 198.12121212121212), (861, 198.12121212121212), (862, 198.12121212121212), (863, 198.12121212121212), (864, 198.12121212121212), (865, 198.12121212121212), (866, 198.12121212121212), (867, 198.12121212121212), (868, 198.12121212121212), (869, 198.12121212121212), (870, 198.12121212121212), (871, 198.12121212121212), (872, 198.12121212121212), (873, 198.12121212121212), (874, 198.12121212121212), (875, 198.12121212121212), (876, 198.12121212121212), (877, 198.12121212121212), (878, 198.12121212121212), (879, 198.12121212121212), (880, 198.12121212121212), (881, 198.12121212121212), (882, 198.12121212121212), (883, 198.12121212121212), (884, 198.12121212121212), (885, 198.12121212121212), (886, 198.12121212121212), (887, 199.08080808080808), (888, 199.08080808080808), (889, 199.08080808080808), (890, 200.0), (891, 200.0), (892, 200.0), (893, 200.0), (894, 200.0), (895, 200.0), (896, 200.0), (897, 200.0), (898, 200.0), (899, 200.0), (900, 200.0), (901, 200.0), (902, 200.0), (903, 200.0), (904, 200.0), (905, 200.0), (906, 200.0), (907, 200.0), (908, 200.0), (909, 200.0), (910, 200.0), (911, 200.0), (912, 200.0), (913, 200.0), (914, 200.0), (915, 200.0), (916, 200.0), (917, 200.0), (918, 200.0), (919, 200.0), (920, 200.0), (921, 200.0), (922, 200.0), (923, 200.0), (924, 200.0), (925, 200.0), (926, 200.0), (927, 200.0), (928, 200.0), (929, 200.0), (930, 200.0), (931, 200.0), (932, 200.0), (933, 200.0), (934, 200.0), (935, 200.0), (936, 200.0), (937, 200.0), (938, 200.0), (939, 200.0), (940, 200.0), (941, 200.0), (942, 200.0), (943, 200.0), (944, 200.0), (945, 200.0), (946, 200.0), (947, 200.0), (948, 200.0), (949, 200.0), (950, 200.0), (951, 200.0), (952, 200.0), (953, 200.0), (954, 200.0), (955, 200.0), (956, 200.0), (957, 200.0), (958, 200.0), (959, 200.0), (960, 200.0), (961, 200.0), (962, 200.0), (963, 200.0), (964, 200.0), (965, 200.0), (966, 200.0), (967, 200.0), (968, 200.0), (969, 200.0), (970, 200.0), (971, 200.0), (972, 200.0), (973, 200.0), (974, 200.0), (975, 200.0), (976, 200.0), (977, 200.0), (978, 200.0), (979, 200.0), (980, 200.0), (981, 200.0), (982, 200.0), (983, 200.0), (984, 200.0), (985, 200.0), (986, 200.0), (987, 200.0), (988, 200.0), (989, 200.0), (990, 200.0), (991, 200.0), (992, 200.0), (993, 200.0), (994, 200.0), (995, 200.0), (996, 200.0), (997, 200.0), (998, 200.0), (999, 200.0), (1000, 200.0), (1001, 200.0), (1002, 200.0), (1003, 200.0), (1004, 200.0), (1005, 200.0), (1006, 200.0), (1007, 200.0), (1008, 200.0), (1009, 200.0), (1010, 200.0), (1011, 200.0), (1012, 200.0), (1013, 200.0), (1014, 200.0), (1015, 200.0), (1016, 200.0), (1017, 200.0), (1018, 200.0), (1019, 200.0), (1020, 200.0), (1021, 200.0), (1022, 200.0), (1023, 200.0), (1024, 200.0), (1025, 200.0), (1026, 200.0), (1027, 200.0), (1028, 200.0), (1029, 200.0), (1030, 200.0), (1031, 200.0), (1032, 200.0), (1033, 200.0), (1034, 200.0), (1035, 200.0), (1036, 200.0), (1037, 200.0), (1038, 200.0), (1039, 200.0), (1040, 200.0), (1041, 200.0), (1042, 200.0), (1043, 200.0), (1044, 200.0), (1045, 200.0), (1046, 200.0), (1047, 200.0), (1048, 200.0), (1049, 200.0), (1050, 200.0), (1051, 200.0), (1052, 200.0), (1053, 200.0), (1054, 200.0), (1055, 200.0), (1056, 200.0), (1057, 200.0), (1058, 200.0), (1059, 200.0), (1060, 200.0), (1061, 200.0), (1062, 200.0), (1063, 200.0), (1064, 200.0), (1065, 200.0), (1066, 200.0), (1067, 200.0), (1068, 200.0), (1069, 200.0), (1070, 200.0), (1071, 200.0), (1072, 200.0), (1073, 200.0), (1074, 200.0), (1075, 200.0), (1076, 200.0), (1077, 200.0), (1078, 200.0), (1079, 200.0), (1080, 200.0), (1081, 200.0), (1082, 200.0), (1083, 200.0), (1084, 200.0), (1085, 200.0), (1086, 200.0), (1087, 200.0), (1088, 200.0), (1089, 200.0), (1090, 200.0), (1091, 200.0), (1092, 200.0), (1093, 200.0), (1094, 200.0), (1095, 200.0), (1096, 200.0), (1097, 200.0), (1098, 200.0), (1099, 200.0), (1100, 200.0), (1101, 200.0), (1102, 200.0), (1103, 200.0), (1104, 200.0), (1105, 200.0), (1106, 200.0), (1107, 200.0), (1108, 200.0), (1109, 200.0), (1110, 200.0), (1111, 200.0), (1112, 200.0), (1113, 200.0), (1114, 200.0), (1115, 200.0), (1116, 200.0), (1117, 199.010101010101), (1118, 199.010101010101), (1119, 199.010101010101), (1120, 199.010101010101), (1121, 199.010101010101), (1122, 199.010101010101), (1123, 199.010101010101), (1124, 199.010101010101), (1125, 199.010101010101), (1126, 199.010101010101), (1127, 199.010101010101), (1128, 199.010101010101), (1129, 199.010101010101), (1130, 199.010101010101), (1131, 199.010101010101), (1132, 199.010101010101), (1133, 199.010101010101), (1134, 199.010101010101), (1135, 199.010101010101), (1136, 199.010101010101), (1137, 199.010101010101), (1138, 199.010101010101), (1139, 199.010101010101), (1140, 199.010101010101), (1141, 199.2020202020202), (1142, 199.2020202020202), (1143, 199.2020202020202), (1144, 199.2020202020202), (1145, 199.2020202020202), (1146, 199.2020202020202), (1147, 199.2020202020202), (1148, 199.2020202020202), (1149, 199.2020202020202), (1150, 198.87878787878788), (1151, 198.87878787878788), (1152, 198.87878787878788), (1153, 198.87878787878788), (1154, 198.87878787878788), (1155, 198.3030303030303), (1156, 198.43434343434345), (1157, 198.43434343434345), (1158, 198.3030303030303), (1159, 198.14141414141415), (1160, 198.14141414141415), (1161, 198.14141414141415), (1162, 198.05050505050505), (1163, 198.05050505050505), (1164, 198.45454545454547), (1165, 198.45454545454547), (1166, 198.45454545454547), (1167, 198.45454545454547), (1168, 198.45454545454547), (1169, 198.45454545454547), (1170, 198.45454545454547), (1171, 198.45454545454547), (1172, 198.45454545454547), (1173, 198.45454545454547), (1174, 198.17171717171718), (1175, 198.17171717171718), (1176, 198.08080808080808), (1177, 198.08080808080808), (1178, 198.08080808080808), (1179, 198.08080808080808), (1180, 198.08080808080808), (1181, 198.08080808080808), (1182, 198.08080808080808), (1183, 198.08080808080808), (1184, 197.97979797979798), (1185, 197.5252525252525), (1186, 197.5252525252525), (1187, 197.5252525252525), (1188, 197.5252525252525), (1189, 197.5252525252525), (1190, 197.5252525252525), (1191, 197.5252525252525), (1192, 197.5252525252525), (1193, 197.5252525252525), (1194, 197.5252525252525), (1195, 197.57575757575756), (1196, 197.57575757575756), (1197, 197.8181818181818), (1198, 197.8181818181818), (1199, 197.97979797979798), (1200, 198.26262626262627), (1201, 198.2828282828283), (1202, 198.96969696969697), (1203, 198.96969696969697), (1204, 198.96969696969697), (1205, 198.96969696969697), (1206, 198.96969696969697), (1207, 198.96969696969697), (1208, 198.96969696969697), (1209, 198.96969696969697), (1210, 199.11111111111111), (1211, 199.11111111111111), (1212, 199.11111111111111), (1213, 199.11111111111111), (1214, 199.11111111111111), (1215, 199.11111111111111), (1216, 199.11111111111111), (1217, 199.11111111111111), (1218, 199.11111111111111), (1219, 199.75757575757575), (1220, 199.75757575757575), (1221, 199.75757575757575), (1222, 199.75757575757575), (1223, 199.75757575757575), (1224, 199.75757575757575), (1225, 199.75757575757575), (1226, 199.75757575757575), (1227, 199.75757575757575), (1228, 199.75757575757575), (1229, 199.75757575757575), (1230, 199.75757575757575), (1231, 199.04040404040404), (1232, 199.04040404040404), (1233, 199.04040404040404), (1234, 199.31313131313132), (1235, 199.31313131313132), (1236, 199.31313131313132), (1237, 199.31313131313132), (1238, 199.36363636363637), (1239, 199.36363636363637), (1240, 199.36363636363637), (1241, 199.56565656565655), (1242, 199.56565656565655), (1243, 199.56565656565655), (1244, 200.0), (1245, 200.0), (1246, 200.0), (1247, 200.0), (1248, 200.0), (1249, 200.0), (1250, 200.0), (1251, 200.0), (1252, 200.0), (1253, 200.0), (1254, 200.0), (1255, 200.0), (1256, 200.0), (1257, 200.0), (1258, 200.0), (1259, 200.0), (1260, 200.0), (1261, 200.0), (1262, 200.0), (1263, 200.0), (1264, 200.0), (1265, 200.0), (1266, 200.0), (1267, 200.0), (1268, 200.0), (1269, 200.0), (1270, 200.0), (1271, 200.0), (1272, 200.0), (1273, 200.0), (1274, 200.0), (1275, 200.0), (1276, 200.0), (1277, 200.0), (1278, 200.0), (1279, 200.0), (1280, 200.0), (1281, 200.0), (1282, 200.0), (1283, 200.0), (1284, 200.0), (1285, 200.0), (1286, 200.0), (1287, 200.0), (1288, 200.0), (1289, 200.0), (1290, 200.0), (1291, 200.0), (1292, 200.0), (1293, 200.0), (1294, 200.0), (1295, 200.0), (1296, 200.0), (1297, 200.0), (1298, 200.0), (1299, 200.0), (1300, 200.0), (1301, 200.0), (1302, 200.0), (1303, 200.0), (1304, 200.0), (1305, 200.0), (1306, 200.0), (1307, 200.0), (1308, 200.0), (1309, 200.0), (1310, 200.0), (1311, 200.0), (1312, 200.0), (1313, 200.0), (1314, 200.0), (1315, 200.0), (1316, 200.0), (1317, 200.0), (1318, 200.0), (1319, 200.0), (1320, 200.0), (1321, 200.0), (1322, 200.0), (1323, 200.0), (1324, 200.0), (1325, 200.0), (1326, 200.0), (1327, 200.0), (1328, 200.0), (1329, 200.0), (1330, 200.0), (1331, 200.0), (1332, 200.0), (1333, 200.0), (1334, 200.0), (1335, 200.0), (1336, 200.0), (1337, 200.0), (1338, 200.0), (1339, 200.0), (1340, 200.0), (1341, 200.0), (1342, 200.0), (1343, 200.0), (1344, 200.0), (1345, 200.0), (1346, 200.0), (1347, 200.0), (1348, 200.0), (1349, 200.0), (1350, 200.0), (1351, 200.0), (1352, 200.0), (1353, 200.0), (1354, 200.0), (1355, 200.0), (1356, 200.0), (1357, 200.0), (1358, 200.0), (1359, 200.0), (1360, 200.0), (1361, 200.0), (1362, 200.0), (1363, 200.0), (1364, 200.0), (1365, 200.0), (1366, 200.0), (1367, 200.0), (1368, 200.0), (1369, 200.0), (1370, 200.0), (1371, 200.0), (1372, 200.0), (1373, 200.0), (1374, 200.0), (1375, 200.0), (1376, 200.0), (1377, 200.0), (1378, 200.0), (1379, 200.0), (1380, 200.0), (1381, 200.0), (1382, 200.0), (1383, 200.0), (1384, 200.0), (1385, 200.0), (1386, 200.0), (1387, 200.0), (1388, 200.0), (1389, 200.0), (1390, 200.0), (1391, 200.0), (1392, 200.0), (1393, 200.0), (1394, 200.0), (1395, 200.0), (1396, 200.0), (1397, 200.0), (1398, 200.0), (1399, 200.0), (1400, 200.0), (1401, 200.0), (1402, 200.0), (1403, 200.0), (1404, 200.0), (1405, 200.0), (1406, 200.0), (1407, 200.0), (1408, 200.0), (1409, 200.0), (1410, 200.0), (1411, 200.0), (1412, 200.0), (1413, 200.0), (1414, 200.0), (1415, 200.0), (1416, 200.0), (1417, 200.0), (1418, 200.0), (1419, 200.0), (1420, 200.0), (1421, 200.0), (1422, 200.0), (1423, 200.0), (1424, 200.0), (1425, 199.6969696969697), (1426, 199.6969696969697), (1427, 199.6969696969697), (1428, 199.6969696969697), (1429, 199.6969696969697), (1430, 199.6969696969697), (1431, 199.6969696969697), (1432, 199.6969696969697), (1433, 199.6969696969697), (1434, 199.6969696969697), (1435, 199.6969696969697), (1436, 199.6969696969697), (1437, 199.6969696969697), (1438, 199.6969696969697), (1439, 199.6969696969697), (1440, 199.6969696969697), (1441, 199.6969696969697), (1442, 199.6969696969697), (1443, 199.6969696969697), (1444, 199.6969696969697), (1445, 199.6969696969697), (1446, 199.6969696969697), (1447, 199.6969696969697), (1448, 199.6969696969697), (1449, 199.6969696969697), (1450, 199.6969696969697), (1451, 199.6969696969697), (1452, 199.6969696969697), (1453, 199.6969696969697), (1454, 199.6969696969697), (1455, 199.6969696969697), (1456, 199.6969696969697), (1457, 199.6969696969697), (1458, 200.0), (1459, 200.0), (1460, 200.0), (1461, 200.0), (1462, 200.0), (1463, 200.0), (1464, 200.0), (1465, 200.0), (1466, 200.0), (1467, 200.0), (1468, 200.0), (1469, 200.0), (1470, 200.0), (1471, 200.0), (1472, 200.0), (1473, 200.0), (1474, 200.0), (1475, 200.0), (1476, 200.0), (1477, 200.0), (1478, 200.0), (1479, 200.0), (1480, 200.0), (1481, 200.0), (1482, 200.0), (1483, 200.0), (1484, 200.0), (1485, 200.0), (1486, 200.0), (1487, 200.0), (1488, 200.0), (1489, 200.0), (1490, 200.0), (1491, 200.0), (1492, 200.0), (1493, 200.0), (1494, 200.0), (1495, 200.0), (1496, 200.0), (1497, 200.0), (1498, 200.0), (1499, 200.0), (1500, 200.0), (1501, 200.0), (1502, 200.0), (1503, 200.0), (1504, 200.0), (1505, 200.0), (1506, 200.0)]
