Iteration 0 avg reward 43.000000
Iteration 100 avg reward 42.434343
Iteration 200 avg reward 81.696970
Iteration 300 avg reward 138.828283
Iteration 400 avg reward 191.454545
Iteration 500 avg reward 192.494949
Iteration 600 avg reward 199.878788
Iteration 700 avg reward 200.000000
Iteration 800 avg reward 200.000000
Iteration 900 avg reward 200.000000
Iteration 1000 avg reward 200.000000
Iteration 1100 avg reward 200.000000
Iteration 1200 avg reward 200.000000
Iteration 1300 avg reward 200.000000
Iteration 1400 avg reward 200.000000
[(0, 43.0), (1, 31.0), (2, 37.333333333333336), (3, 33.25), (4, 37.4), (5, 39.333333333333336), (6, 36.57142857142857), (7, 33.625), (8, 32.77777777777778), (9, 32.9), (10, 36.09090909090909), (11, 35.416666666666664), (12, 36.76923076923077), (13, 34.857142857142854), (14, 34.8), (15, 35.25), (16, 34.0), (17, 34.888888888888886), (18, 34.31578947368421), (19, 33.95), (20, 34.714285714285715), (21, 35.04545454545455), (22, 35.26086956521739), (23, 35.291666666666664), (24, 34.56), (25, 34.57692307692308), (26, 35.2962962962963), (27, 35.357142857142854), (28, 35.58620689655172), (29, 34.86666666666667), (30, 34.29032258064516), (31, 34.40625), (32, 33.878787878787875), (33, 33.205882352941174), (34, 32.82857142857143), (35, 32.666666666666664), (36, 32.16216216216216), (37, 31.763157894736842), (38, 31.435897435897434), (39, 31.375), (40, 32.048780487804876), (41, 31.666666666666668), (42, 31.302325581395348), (43, 30.931818181818183), (44, 31.31111111111111), (45, 31.0), (46, 30.78723404255319), (47, 30.604166666666668), (48, 30.26530612244898), (49, 31.46), (50, 31.15686274509804), (51, 31.153846153846153), (52, 31.32075471698113), (53, 31.814814814814813), (54, 32.03636363636364), (55, 31.785714285714285), (56, 32.56140350877193), (57, 32.39655172413793), (58, 33.71186440677966), (59, 33.63333333333333), (60, 33.57377049180328), (61, 34.87096774193548), (62, 34.93650793650794), (63, 35.171875), (64, 35.10769230769231), (65, 35.89393939393939), (66, 35.865671641791046), (67, 36.220588235294116), (68, 36.391304347826086), (69, 36.9), (70, 36.95774647887324), (71, 38.138888888888886), (72, 39.02739726027397), (73, 38.891891891891895), (74, 39.38666666666666), (75, 39.18421052631579), (76, 39.532467532467535), (77, 39.23076923076923), (78, 39.70886075949367), (79, 39.5875), (80, 40.111111111111114), (81, 39.890243902439025), (82, 39.59036144578313), (83, 40.30952380952381), (84, 40.78823529411765), (85, 41.2093023255814), (86, 41.49425287356322), (87, 41.29545454545455), (88, 41.17977528089887), (89, 41.55555555555556), (90, 41.64835164835165), (91, 41.78260869565217), (92, 41.89247311827957), (93, 42.3936170212766), (94, 42.16842105263158), (95, 42.125), (96, 41.96907216494845), (97, 42.12244897959184), (98, 41.82828282828283), (99, 42.14141414141414), (100, 42.43434343434343), (101, 42.56565656565657), (102, 43.43434343434343), (103, 44.2020202020202), (104, 43.92929292929293), (105, 44.55555555555556), (106, 45.18181818181818), (107, 45.23232323232323), (108, 45.24242424242424), (109, 44.81818181818182), (110, 45.76767676767677), (111, 45.92929292929293), (112, 46.313131313131315), (113, 46.38383838383838), (114, 47.21212121212121), (115, 48.15151515151515), (116, 48.60606060606061), (117, 48.92929292929293), (118, 50.676767676767675), (119, 51.25252525252525), (120, 51.38383838383838), (121, 51.323232323232325), (122, 51.36363636363637), (123, 51.717171717171716), (124, 53.38383838383838), (125, 53.63636363636363), (126, 53.656565656565654), (127, 53.98989898989899), (128, 54.26262626262626), (129, 54.72727272727273), (130, 54.92929292929293), (131, 55.2020202020202), (132, 56.515151515151516), (133, 56.72727272727273), (134, 56.7979797979798), (135, 57.23232323232323), (136, 57.696969696969695), (137, 58.60606060606061), (138, 59.04040404040404), (139, 59.72727272727273), (140, 60.81818181818182), (141, 61.2020202020202), (142, 61.83838383838384), (143, 61.82828282828283), (144, 62.26262626262626), (145, 62.58585858585859), (146, 62.696969696969695), (147, 63.61616161616162), (148, 63.24242424242424), (149, 63.63636363636363), (150, 63.84848484848485), (151, 63.98989898989899), (152, 64.45454545454545), (153, 64.70707070707071), (154, 65.45454545454545), (155, 65.45454545454545), (156, 66.3030303030303), (157, 65.6969696969697), (158, 66.02020202020202), (159, 66.46464646464646), (160, 65.85858585858585), (161, 65.81818181818181), (162, 65.6969696969697), (163, 65.84848484848484), (164, 65.44444444444444), (165, 66.20202020202021), (166, 66.45454545454545), (167, 66.53535353535354), (168, 66.36363636363636), (169, 66.57575757575758), (170, 65.85858585858585), (171, 66.37373737373737), (172, 66.71717171717172), (173, 67.0909090909091), (174, 67.81818181818181), (175, 68.66666666666667), (176, 69.27272727272727), (177, 69.88888888888889), (178, 69.47474747474747), (179, 69.54545454545455), (180, 70.05050505050505), (181, 69.75757575757575), (182, 69.73737373737374), (183, 69.35353535353535), (184, 70.6969696969697), (185, 71.8080808080808), (186, 73.05050505050505), (187, 73.06060606060606), (188, 74.51515151515152), (189, 75.33333333333333), (190, 76.27272727272727), (191, 77.63636363636364), (192, 78.15151515151516), (193, 78.58585858585859), (194, 78.44444444444444), (195, 79.35353535353535), (196, 79.12121212121212), (197, 79.31313131313131), (198, 79.35353535353535), (199, 81.0), (200, 81.6969696969697), (201, 82.48484848484848), (202, 83.86868686868686), (203, 85.0), (204, 85.15151515151516), (205, 86.39393939393939), (206, 86.84848484848484), (207, 88.67676767676768), (208, 89.03030303030303), (209, 89.4949494949495), (210, 89.1010101010101), (211, 89.62626262626263), (212, 89.84848484848484), (213, 89.87878787878788), (214, 89.97979797979798), (215, 89.77777777777777), (216, 90.26262626262626), (217, 90.61616161616162), (218, 91.54545454545455), (219, 92.01010101010101), (220, 93.23232323232324), (221, 93.18181818181819), (222, 92.93939393939394), (223, 93.04040404040404), (224, 92.55555555555556), (225, 92.8989898989899), (226, 93.68686868686869), (227, 94.0), (228, 95.0909090909091), (229, 94.5959595959596), (230, 94.47474747474747), (231, 94.88888888888889), (232, 95.5050505050505), (233, 95.27272727272727), (234, 95.8989898989899), (235, 95.95959595959596), (236, 97.05050505050505), (237, 98.20202020202021), (238, 99.95959595959596), (239, 101.04040404040404), (240, 102.75757575757575), (241, 103.79797979797979), (242, 104.70707070707071), (243, 104.91919191919192), (244, 105.8080808080808), (245, 107.54545454545455), (246, 108.04040404040404), (247, 108.41414141414141), (248, 109.65656565656566), (249, 111.43434343434343), (250, 112.86868686868686), (251, 113.98989898989899), (252, 115.38383838383838), (253, 116.02020202020202), (254, 116.88888888888889), (255, 117.18181818181819), (256, 117.94949494949495), (257, 119.0909090909091), (258, 119.42424242424242), (259, 118.85858585858585), (260, 119.25252525252525), (261, 119.72727272727273), (262, 121.13131313131314), (263, 122.11111111111111), (264, 122.88888888888889), (265, 124.06060606060606), (266, 124.4040404040404), (267, 124.4040404040404), (268, 125.38383838383838), (269, 125.52525252525253), (270, 125.71717171717172), (271, 125.91919191919192), (272, 126.34343434343434), (273, 127.70707070707071), (274, 129.06060606060606), (275, 129.37373737373738), (276, 130.54545454545453), (277, 131.4848484848485), (278, 131.42424242424244), (279, 132.2020202020202), (280, 133.03030303030303), (281, 132.41414141414143), (282, 133.42424242424244), (283, 133.37373737373738), (284, 133.14141414141415), (285, 132.73737373737373), (286, 133.3838383838384), (287, 134.21212121212122), (288, 135.2828282828283), (289, 135.73737373737373), (290, 136.14141414141415), (291, 135.45454545454547), (292, 135.96969696969697), (293, 136.64646464646464), (294, 136.3838383838384), (295, 136.44444444444446), (296, 137.97979797979798), (297, 138.26262626262627), (298, 138.25252525252526), (299, 138.55555555555554), (300, 138.82828282828282), (301, 139.4848484848485), (302, 139.95959595959596), (303, 139.95959595959596), (304, 140.1919191919192), (305, 141.2929292929293), (306, 141.87878787878788), (307, 142.27272727272728), (308, 143.2828282828283), (309, 144.32323232323233), (310, 144.989898989899), (311, 145.46464646464648), (312, 147.14141414141415), (313, 148.17171717171718), (314, 149.23232323232324), (315, 149.85858585858585), (316, 151.010101010101), (317, 150.85858585858585), (318, 151.56565656565655), (319, 151.56565656565655), (320, 152.32323232323233), (321, 152.5252525252525), (322, 153.76767676767676), (323, 154.43434343434345), (324, 155.56565656565655), (325, 156.5151515151515), (326, 157.54545454545453), (327, 157.25252525252526), (328, 158.78787878787878), (329, 160.25252525252526), (330, 161.5050505050505), (331, 161.43434343434345), (332, 162.0), (333, 163.14141414141415), (334, 164.03030303030303), (335, 165.15151515151516), (336, 166.12121212121212), (337, 166.6969696969697), (338, 167.7171717171717), (339, 168.21212121212122), (340, 168.21212121212122), (341, 169.2020202020202), (342, 170.43434343434345), (343, 171.66666666666666), (344, 171.86868686868686), (345, 171.82828282828282), (346, 173.04040404040404), (347, 173.010101010101), (348, 173.43434343434345), (349, 174.27272727272728), (350, 174.27272727272728), (351, 175.36363636363637), (352, 175.84848484848484), (353, 176.93939393939394), (354, 176.93939393939394), (355, 176.53535353535352), (356, 176.92929292929293), (357, 177.1919191919192), (358, 177.31313131313132), (359, 177.63636363636363), (360, 178.25252525252526), (361, 178.37373737373738), (362, 178.37373737373738), (363, 178.93939393939394), (364, 179.66666666666666), (365, 179.66666666666666), (366, 179.66666666666666), (367, 179.66666666666666), (368, 178.7979797979798), (369, 179.37373737373738), (370, 179.37373737373738), (371, 179.82828282828282), (372, 179.82828282828282), (373, 179.82828282828282), (374, 179.82828282828282), (375, 179.43434343434345), (376, 179.8989898989899), (377, 180.65656565656565), (378, 180.65656565656565), (379, 181.4949494949495), (380, 181.9090909090909), (381, 182.85858585858585), (382, 183.74747474747474), (383, 183.74747474747474), (384, 185.2020202020202), (385, 185.2020202020202), (386, 185.4949494949495), (387, 185.8080808080808), (388, 185.8080808080808), (389, 185.8080808080808), (390, 186.67676767676767), (391, 187.46464646464648), (392, 187.44444444444446), (393, 187.88888888888889), (394, 188.2929292929293), (395, 189.3838383838384), (396, 189.46464646464648), (397, 190.1818181818182), (398, 190.87878787878788), (399, 191.45454545454547), (400, 191.45454545454547), (401, 190.78787878787878), (402, 191.13131313131314), (403, 191.13131313131314), (404, 191.08080808080808), (405, 191.08080808080808), (406, 191.32323232323233), (407, 191.32323232323233), (408, 190.8989898989899), (409, 190.8989898989899), (410, 191.15151515151516), (411, 191.15151515151516), (412, 191.15151515151516), (413, 191.5050505050505), (414, 192.0), (415, 192.08080808080808), (416, 192.23232323232324), (417, 192.40404040404042), (418, 192.40404040404042), (419, 192.40404040404042), (420, 192.7979797979798), (421, 192.7979797979798), (422, 192.8181818181818), (423, 192.8181818181818), (424, 192.8181818181818), (425, 192.8181818181818), (426, 193.4848484848485), (427, 193.1818181818182), (428, 193.1818181818182), (429, 193.1818181818182), (430, 193.37373737373738), (431, 193.5050505050505), (432, 193.5050505050505), (433, 193.5050505050505), (434, 193.5050505050505), (435, 193.4949494949495), (436, 193.46464646464648), (437, 194.11111111111111), (438, 194.95959595959596), (439, 194.95959595959596), (440, 195.03030303030303), (441, 194.67676767676767), (442, 194.4848484848485), (443, 194.23232323232324), (444, 194.27272727272728), (445, 194.27272727272728), (446, 194.37373737373738), (447, 193.86868686868686), (448, 193.56565656565655), (449, 193.44444444444446), (450, 193.04040404040404), (451, 193.04040404040404), (452, 192.66666666666666), (453, 192.66666666666666), (454, 192.65656565656565), (455, 192.65656565656565), (456, 192.65656565656565), (457, 192.3838383838384), (458, 192.3838383838384), (459, 192.22222222222223), (460, 192.25252525252526), (461, 192.25252525252526), (462, 192.25252525252526), (463, 192.25252525252526), (464, 191.95959595959596), (465, 191.95959595959596), (466, 191.95959595959596), (467, 192.82828282828282), (468, 192.62626262626262), (469, 192.62626262626262), (470, 192.62626262626262), (471, 192.62626262626262), (472, 192.62626262626262), (473, 192.02020202020202), (474, 192.65656565656565), (475, 192.65656565656565), (476, 192.65656565656565), (477, 192.65656565656565), (478, 192.34343434343435), (479, 191.97979797979798), (480, 191.6060606060606), (481, 191.6060606060606), (482, 191.6060606060606), (483, 191.34343434343435), (484, 191.46464646464648), (485, 191.46464646464648), (486, 191.46464646464648), (487, 191.46464646464648), (488, 191.46464646464648), (489, 191.46464646464648), (490, 191.46464646464648), (491, 191.53535353535352), (492, 191.53535353535352), (493, 191.82828282828282), (494, 191.82828282828282), (495, 191.82828282828282), (496, 191.82828282828282), (497, 191.82828282828282), (498, 191.82828282828282), (499, 191.82828282828282), (500, 192.4949494949495), (501, 192.4949494949495), (502, 192.4949494949495), (503, 192.54545454545453), (504, 192.54545454545453), (505, 192.54545454545453), (506, 192.54545454545453), (507, 192.96969696969697), (508, 192.96969696969697), (509, 192.96969696969697), (510, 193.35353535353536), (511, 194.07070707070707), (512, 194.59595959595958), (513, 194.85858585858585), (514, 194.85858585858585), (515, 194.85858585858585), (516, 194.97979797979798), (517, 194.97979797979798), (518, 195.08080808080808), (519, 194.16161616161617), (520, 194.16161616161617), (521, 194.16161616161617), (522, 193.78787878787878), (523, 193.68686868686868), (524, 193.3939393939394), (525, 193.59595959595958), (526, 193.59595959595958), (527, 193.8181818181818), (528, 193.92929292929293), (529, 193.92929292929293), (530, 193.92929292929293), (531, 193.31313131313132), (532, 193.31313131313132), (533, 193.31313131313132), (534, 193.31313131313132), (535, 193.31313131313132), (536, 193.31313131313132), (537, 193.85858585858585), (538, 193.85858585858585), (539, 194.46464646464648), (540, 194.46464646464648), (541, 194.3939393939394), (542, 194.3939393939394), (543, 193.31313131313132), (544, 193.31313131313132), (545, 193.31313131313132), (546, 193.31313131313132), (547, 193.31313131313132), (548, 193.56565656565655), (549, 194.11111111111111), (550, 194.11111111111111), (551, 194.11111111111111), (552, 194.11111111111111), (553, 194.11111111111111), (554, 194.11111111111111), (555, 194.11111111111111), (556, 194.33333333333334), (557, 194.82828282828282), (558, 194.82828282828282), (559, 194.82828282828282), (560, 194.82828282828282), (561, 194.82828282828282), (562, 194.82828282828282), (563, 195.010101010101), (564, 195.010101010101), (565, 195.010101010101), (566, 195.010101010101), (567, 195.010101010101), (568, 195.3030303030303), (569, 195.3030303030303), (570, 195.3030303030303), (571, 195.96969696969697), (572, 196.26262626262627), (573, 196.64646464646464), (574, 197.40404040404042), (575, 197.94949494949495), (576, 198.68686868686868), (577, 199.2828282828283), (578, 199.2828282828283), (579, 199.46464646464648), (580, 199.46464646464648), (581, 199.46464646464648), (582, 199.46464646464648), (583, 199.46464646464648), (584, 199.46464646464648), (585, 199.46464646464648), (586, 199.6060606060606), (587, 199.6060606060606), (588, 199.6060606060606), (589, 199.6060606060606), (590, 199.6060606060606), (591, 199.6060606060606), (592, 199.6060606060606), (593, 199.87878787878788), (594, 199.87878787878788), (595, 199.87878787878788), (596, 199.87878787878788), (597, 199.87878787878788), (598, 199.87878787878788), (599, 199.87878787878788), (600, 199.87878787878788), (601, 199.87878787878788), (602, 199.87878787878788), (603, 199.87878787878788), (604, 199.87878787878788), (605, 199.87878787878788), (606, 199.87878787878788), (607, 199.87878787878788), (608, 199.87878787878788), (609, 199.87878787878788), (610, 199.87878787878788), (611, 199.87878787878788), (612, 199.87878787878788), (613, 199.87878787878788), (614, 199.87878787878788), (615, 199.87878787878788), (616, 199.87878787878788), (617, 199.87878787878788), (618, 199.87878787878788), (619, 199.87878787878788), (620, 199.87878787878788), (621, 199.87878787878788), (622, 199.87878787878788), (623, 199.87878787878788), (624, 199.87878787878788), (625, 199.87878787878788), (626, 199.87878787878788), (627, 199.87878787878788), (628, 199.87878787878788), (629, 199.87878787878788), (630, 199.87878787878788), (631, 199.87878787878788), (632, 200.0), (633, 200.0), (634, 200.0), (635, 200.0), (636, 200.0), (637, 200.0), (638, 200.0), (639, 200.0), (640, 200.0), (641, 200.0), (642, 200.0), (643, 200.0), (644, 200.0), (645, 200.0), (646, 200.0), (647, 200.0), (648, 200.0), (649, 200.0), (650, 200.0), (651, 200.0), (652, 200.0), (653, 200.0), (654, 200.0), (655, 200.0), (656, 200.0), (657, 200.0), (658, 200.0), (659, 200.0), (660, 200.0), (661, 200.0), (662, 200.0), (663, 200.0), (664, 200.0), (665, 200.0), (666, 200.0), (667, 200.0), (668, 200.0), (669, 200.0), (670, 200.0), (671, 200.0), (672, 200.0), (673, 200.0), (674, 200.0), (675, 200.0), (676, 200.0), (677, 200.0), (678, 200.0), (679, 200.0), (680, 200.0), (681, 200.0), (682, 200.0), (683, 200.0), (684, 200.0), (685, 200.0), (686, 200.0), (687, 200.0), (688, 200.0), (689, 200.0), (690, 200.0), (691, 200.0), (692, 200.0), (693, 200.0), (694, 200.0), (695, 200.0), (696, 200.0), (697, 200.0), (698, 200.0), (699, 200.0), (700, 200.0), (701, 200.0), (702, 200.0), (703, 200.0), (704, 200.0), (705, 200.0), (706, 200.0), (707, 200.0), (708, 200.0), (709, 200.0), (710, 200.0), (711, 200.0), (712, 200.0), (713, 200.0), (714, 200.0), (715, 200.0), (716, 200.0), (717, 200.0), (718, 200.0), (719, 200.0), (720, 200.0), (721, 200.0), (722, 200.0), (723, 200.0), (724, 200.0), (725, 200.0), (726, 200.0), (727, 200.0), (728, 200.0), (729, 200.0), (730, 200.0), (731, 200.0), (732, 200.0), (733, 200.0), (734, 200.0), (735, 200.0), (736, 200.0), (737, 200.0), (738, 200.0), (739, 200.0), (740, 200.0), (741, 200.0), (742, 200.0), (743, 200.0), (744, 200.0), (745, 200.0), (746, 200.0), (747, 200.0), (748, 200.0), (749, 200.0), (750, 200.0), (751, 200.0), (752, 200.0), (753, 200.0), (754, 200.0), (755, 200.0), (756, 200.0), (757, 200.0), (758, 200.0), (759, 200.0), (760, 200.0), (761, 200.0), (762, 200.0), (763, 200.0), (764, 200.0), (765, 200.0), (766, 200.0), (767, 200.0), (768, 200.0), (769, 200.0), (770, 200.0), (771, 200.0), (772, 200.0), (773, 200.0), (774, 200.0), (775, 200.0), (776, 200.0), (777, 200.0), (778, 200.0), (779, 200.0), (780, 200.0), (781, 200.0), (782, 200.0), (783, 200.0), (784, 200.0), (785, 200.0), (786, 200.0), (787, 200.0), (788, 200.0), (789, 200.0), (790, 200.0), (791, 200.0), (792, 200.0), (793, 200.0), (794, 200.0), (795, 200.0), (796, 200.0), (797, 200.0), (798, 200.0), (799, 200.0), (800, 200.0), (801, 200.0), (802, 200.0), (803, 200.0), (804, 200.0), (805, 200.0), (806, 200.0), (807, 200.0), (808, 200.0), (809, 200.0), (810, 200.0), (811, 200.0), (812, 200.0), (813, 200.0), (814, 200.0), (815, 200.0), (816, 200.0), (817, 200.0), (818, 200.0), (819, 200.0), (820, 200.0), (821, 200.0), (822, 200.0), (823, 200.0), (824, 200.0), (825, 200.0), (826, 200.0), (827, 200.0), (828, 200.0), (829, 200.0), (830, 200.0), (831, 200.0), (832, 200.0), (833, 200.0), (834, 200.0), (835, 200.0), (836, 200.0), (837, 200.0), (838, 200.0), (839, 200.0), (840, 200.0), (841, 200.0), (842, 200.0), (843, 200.0), (844, 200.0), (845, 200.0), (846, 200.0), (847, 200.0), (848, 200.0), (849, 200.0), (850, 200.0), (851, 200.0), (852, 200.0), (853, 200.0), (854, 200.0), (855, 200.0), (856, 200.0), (857, 200.0), (858, 200.0), (859, 200.0), (860, 200.0), (861, 200.0), (862, 200.0), (863, 200.0), (864, 200.0), (865, 200.0), (866, 200.0), (867, 200.0), (868, 200.0), (869, 200.0), (870, 200.0), (871, 200.0), (872, 200.0), (873, 200.0), (874, 200.0), (875, 200.0), (876, 200.0), (877, 200.0), (878, 200.0), (879, 200.0), (880, 200.0), (881, 200.0), (882, 200.0), (883, 200.0), (884, 200.0), (885, 200.0), (886, 200.0), (887, 200.0), (888, 200.0), (889, 200.0), (890, 200.0), (891, 200.0), (892, 200.0), (893, 200.0), (894, 200.0), (895, 200.0), (896, 200.0), (897, 200.0), (898, 200.0), (899, 200.0), (900, 200.0), (901, 200.0), (902, 200.0), (903, 200.0), (904, 200.0), (905, 200.0), (906, 200.0), (907, 200.0), (908, 200.0), (909, 200.0), (910, 200.0), (911, 200.0), (912, 200.0), (913, 200.0), (914, 200.0), (915, 200.0), (916, 200.0), (917, 200.0), (918, 200.0), (919, 200.0), (920, 200.0), (921, 200.0), (922, 200.0), (923, 200.0), (924, 200.0), (925, 200.0), (926, 200.0), (927, 200.0), (928, 200.0), (929, 200.0), (930, 200.0), (931, 200.0), (932, 200.0), (933, 200.0), (934, 200.0), (935, 200.0), (936, 200.0), (937, 200.0), (938, 200.0), (939, 200.0), (940, 200.0), (941, 200.0), (942, 200.0), (943, 200.0), (944, 200.0), (945, 200.0), (946, 200.0), (947, 200.0), (948, 200.0), (949, 200.0), (950, 200.0), (951, 200.0), (952, 200.0), (953, 200.0), (954, 200.0), (955, 200.0), (956, 200.0), (957, 200.0), (958, 200.0), (959, 200.0), (960, 200.0), (961, 200.0), (962, 200.0), (963, 200.0), (964, 200.0), (965, 200.0), (966, 200.0), (967, 200.0), (968, 200.0), (969, 200.0), (970, 200.0), (971, 200.0), (972, 200.0), (973, 200.0), (974, 200.0), (975, 200.0), (976, 200.0), (977, 200.0), (978, 200.0), (979, 200.0), (980, 200.0), (981, 200.0), (982, 200.0), (983, 200.0), (984, 200.0), (985, 200.0), (986, 200.0), (987, 200.0), (988, 200.0), (989, 200.0), (990, 200.0), (991, 200.0), (992, 200.0), (993, 200.0), (994, 200.0), (995, 200.0), (996, 200.0), (997, 200.0), (998, 200.0), (999, 200.0), (1000, 200.0), (1001, 200.0), (1002, 200.0), (1003, 200.0), (1004, 200.0), (1005, 200.0), (1006, 200.0), (1007, 200.0), (1008, 200.0), (1009, 200.0), (1010, 200.0), (1011, 200.0), (1012, 200.0), (1013, 200.0), (1014, 200.0), (1015, 200.0), (1016, 200.0), (1017, 200.0), (1018, 200.0), (1019, 200.0), (1020, 200.0), (1021, 200.0), (1022, 200.0), (1023, 200.0), (1024, 200.0), (1025, 200.0), (1026, 200.0), (1027, 200.0), (1028, 200.0), (1029, 200.0), (1030, 200.0), (1031, 200.0), (1032, 200.0), (1033, 200.0), (1034, 200.0), (1035, 200.0), (1036, 200.0), (1037, 200.0), (1038, 200.0), (1039, 200.0), (1040, 200.0), (1041, 200.0), (1042, 200.0), (1043, 200.0), (1044, 200.0), (1045, 200.0), (1046, 200.0), (1047, 200.0), (1048, 200.0), (1049, 200.0), (1050, 200.0), (1051, 200.0), (1052, 200.0), (1053, 200.0), (1054, 200.0), (1055, 200.0), (1056, 200.0), (1057, 200.0), (1058, 200.0), (1059, 200.0), (1060, 200.0), (1061, 200.0), (1062, 200.0), (1063, 200.0), (1064, 200.0), (1065, 200.0), (1066, 200.0), (1067, 200.0), (1068, 200.0), (1069, 200.0), (1070, 200.0), (1071, 200.0), (1072, 200.0), (1073, 200.0), (1074, 200.0), (1075, 200.0), (1076, 200.0), (1077, 200.0), (1078, 200.0), (1079, 200.0), (1080, 200.0), (1081, 200.0), (1082, 200.0), (1083, 200.0), (1084, 200.0), (1085, 200.0), (1086, 200.0), (1087, 200.0), (1088, 200.0), (1089, 200.0), (1090, 200.0), (1091, 200.0), (1092, 200.0), (1093, 200.0), (1094, 200.0), (1095, 200.0), (1096, 200.0), (1097, 200.0), (1098, 200.0), (1099, 200.0), (1100, 200.0), (1101, 200.0), (1102, 200.0), (1103, 200.0), (1104, 200.0), (1105, 200.0), (1106, 200.0), (1107, 200.0), (1108, 200.0), (1109, 200.0), (1110, 200.0), (1111, 200.0), (1112, 200.0), (1113, 200.0), (1114, 200.0), (1115, 200.0), (1116, 200.0), (1117, 200.0), (1118, 200.0), (1119, 200.0), (1120, 200.0), (1121, 200.0), (1122, 200.0), (1123, 200.0), (1124, 200.0), (1125, 200.0), (1126, 200.0), (1127, 200.0), (1128, 200.0), (1129, 200.0), (1130, 200.0), (1131, 200.0), (1132, 200.0), (1133, 200.0), (1134, 200.0), (1135, 200.0), (1136, 200.0), (1137, 200.0), (1138, 200.0), (1139, 200.0), (1140, 200.0), (1141, 200.0), (1142, 200.0), (1143, 200.0), (1144, 200.0), (1145, 200.0), (1146, 200.0), (1147, 200.0), (1148, 200.0), (1149, 200.0), (1150, 200.0), (1151, 200.0), (1152, 200.0), (1153, 200.0), (1154, 200.0), (1155, 200.0), (1156, 200.0), (1157, 200.0), (1158, 200.0), (1159, 200.0), (1160, 200.0), (1161, 200.0), (1162, 200.0), (1163, 200.0), (1164, 200.0), (1165, 200.0), (1166, 200.0), (1167, 200.0), (1168, 200.0), (1169, 200.0), (1170, 200.0), (1171, 200.0), (1172, 200.0), (1173, 200.0), (1174, 200.0), (1175, 200.0), (1176, 200.0), (1177, 200.0), (1178, 200.0), (1179, 200.0), (1180, 200.0), (1181, 200.0), (1182, 200.0), (1183, 200.0), (1184, 200.0), (1185, 200.0), (1186, 200.0), (1187, 200.0), (1188, 200.0), (1189, 200.0), (1190, 200.0), (1191, 200.0), (1192, 200.0), (1193, 200.0), (1194, 200.0), (1195, 200.0), (1196, 200.0), (1197, 200.0), (1198, 200.0), (1199, 200.0), (1200, 200.0), (1201, 200.0), (1202, 200.0), (1203, 200.0), (1204, 200.0), (1205, 200.0), (1206, 200.0), (1207, 200.0), (1208, 200.0), (1209, 200.0), (1210, 200.0), (1211, 200.0), (1212, 200.0), (1213, 200.0), (1214, 200.0), (1215, 200.0), (1216, 200.0), (1217, 200.0), (1218, 200.0), (1219, 200.0), (1220, 200.0), (1221, 200.0), (1222, 200.0), (1223, 200.0), (1224, 200.0), (1225, 200.0), (1226, 200.0), (1227, 200.0), (1228, 200.0), (1229, 200.0), (1230, 200.0), (1231, 200.0), (1232, 200.0), (1233, 200.0), (1234, 200.0), (1235, 200.0), (1236, 200.0), (1237, 200.0), (1238, 200.0), (1239, 200.0), (1240, 200.0), (1241, 200.0), (1242, 200.0), (1243, 200.0), (1244, 200.0), (1245, 200.0), (1246, 200.0), (1247, 200.0), (1248, 200.0), (1249, 200.0), (1250, 200.0), (1251, 200.0), (1252, 200.0), (1253, 200.0), (1254, 200.0), (1255, 200.0), (1256, 200.0), (1257, 200.0), (1258, 200.0), (1259, 200.0), (1260, 200.0), (1261, 200.0), (1262, 200.0), (1263, 200.0), (1264, 200.0), (1265, 200.0), (1266, 200.0), (1267, 200.0), (1268, 200.0), (1269, 200.0), (1270, 200.0), (1271, 200.0), (1272, 200.0), (1273, 200.0), (1274, 200.0), (1275, 200.0), (1276, 200.0), (1277, 200.0), (1278, 200.0), (1279, 200.0), (1280, 200.0), (1281, 200.0), (1282, 200.0), (1283, 200.0), (1284, 200.0), (1285, 200.0), (1286, 200.0), (1287, 200.0), (1288, 200.0), (1289, 200.0), (1290, 200.0), (1291, 200.0), (1292, 200.0), (1293, 200.0), (1294, 200.0), (1295, 200.0), (1296, 200.0), (1297, 200.0), (1298, 200.0), (1299, 200.0), (1300, 200.0), (1301, 200.0), (1302, 200.0), (1303, 200.0), (1304, 200.0), (1305, 200.0), (1306, 200.0), (1307, 200.0), (1308, 200.0), (1309, 200.0), (1310, 200.0), (1311, 200.0), (1312, 200.0), (1313, 200.0), (1314, 200.0), (1315, 200.0), (1316, 200.0), (1317, 200.0), (1318, 200.0), (1319, 200.0), (1320, 200.0), (1321, 200.0), (1322, 200.0), (1323, 200.0), (1324, 200.0), (1325, 200.0), (1326, 200.0), (1327, 200.0), (1328, 200.0), (1329, 200.0), (1330, 200.0), (1331, 200.0), (1332, 200.0), (1333, 200.0), (1334, 200.0), (1335, 200.0), (1336, 200.0), (1337, 200.0), (1338, 200.0), (1339, 200.0), (1340, 200.0), (1341, 200.0), (1342, 200.0), (1343, 200.0), (1344, 200.0), (1345, 200.0), (1346, 200.0), (1347, 200.0), (1348, 200.0), (1349, 200.0), (1350, 200.0), (1351, 200.0), (1352, 200.0), (1353, 200.0), (1354, 200.0), (1355, 200.0), (1356, 200.0), (1357, 200.0), (1358, 200.0), (1359, 200.0), (1360, 200.0), (1361, 200.0), (1362, 200.0), (1363, 200.0), (1364, 200.0), (1365, 200.0), (1366, 200.0), (1367, 200.0), (1368, 200.0), (1369, 200.0), (1370, 200.0), (1371, 200.0), (1372, 200.0), (1373, 200.0), (1374, 200.0), (1375, 200.0), (1376, 200.0), (1377, 200.0), (1378, 200.0), (1379, 200.0), (1380, 200.0), (1381, 200.0), (1382, 200.0), (1383, 200.0), (1384, 200.0), (1385, 200.0), (1386, 200.0), (1387, 200.0), (1388, 200.0), (1389, 200.0), (1390, 200.0), (1391, 200.0), (1392, 200.0), (1393, 200.0), (1394, 200.0), (1395, 200.0), (1396, 200.0), (1397, 200.0), (1398, 200.0), (1399, 200.0), (1400, 200.0), (1401, 200.0), (1402, 200.0), (1403, 200.0), (1404, 200.0), (1405, 200.0), (1406, 200.0), (1407, 200.0), (1408, 200.0), (1409, 200.0), (1410, 200.0), (1411, 200.0), (1412, 200.0), (1413, 200.0), (1414, 200.0), (1415, 200.0), (1416, 200.0), (1417, 200.0), (1418, 200.0), (1419, 200.0), (1420, 200.0), (1421, 200.0), (1422, 200.0), (1423, 200.0), (1424, 200.0), (1425, 200.0), (1426, 200.0), (1427, 200.0), (1428, 200.0), (1429, 200.0), (1430, 200.0), (1431, 200.0), (1432, 200.0), (1433, 200.0), (1434, 200.0), (1435, 200.0), (1436, 200.0), (1437, 200.0), (1438, 200.0), (1439, 200.0)]
