Iteration 0 avg reward 18.000000
Iteration 100 avg reward 46.828283
Iteration 200 avg reward 64.575758
Iteration 300 avg reward 76.969697
Iteration 400 avg reward 174.101010
Iteration 500 avg reward 185.717172
Iteration 600 avg reward 171.979798
Iteration 700 avg reward 183.494949
Iteration 800 avg reward 188.383838
Iteration 900 avg reward 177.383838
Iteration 1000 avg reward 161.161616
[(0, 18.0), (1, 17.5), (2, 25.333333333333332), (3, 27.0), (4, 27.0), (5, 32.5), (6, 30.571428571428573), (7, 31.875), (8, 30.0), (9, 32.6), (10, 33.18181818181818), (11, 33.166666666666664), (12, 32.30769230769231), (13, 31.285714285714285), (14, 31.666666666666668), (15, 31.6875), (16, 31.41176470588235), (17, 31.72222222222222), (18, 32.21052631578947), (19, 32.25), (20, 31.952380952380953), (21, 32.45454545454545), (22, 32.95652173913044), (23, 33.75), (24, 33.68), (25, 35.15384615384615), (26, 35.851851851851855), (27, 35.92857142857143), (28, 35.51724137931034), (29, 36.93333333333333), (30, 36.354838709677416), (31, 36.09375), (32, 35.484848484848484), (33, 35.0), (34, 35.02857142857143), (35, 35.111111111111114), (36, 36.486486486486484), (37, 35.921052631578945), (38, 35.46153846153846), (39, 35.2), (40, 35.853658536585364), (41, 36.0), (42, 36.13953488372093), (43, 36.81818181818182), (44, 36.8), (45, 37.52173913043478), (46, 37.234042553191486), (47, 37.208333333333336), (48, 37.42857142857143), (49, 37.66), (50, 37.98039215686274), (51, 38.88461538461539), (52, 39.43396226415094), (53, 40.24074074074074), (54, 40.07272727272727), (55, 40.142857142857146), (56, 40.228070175438596), (57, 40.241379310344826), (58, 40.79661016949152), (59, 40.56666666666667), (60, 41.57377049180328), (61, 41.354838709677416), (62, 41.57142857142857), (63, 42.078125), (64, 41.8), (65, 42.10606060606061), (66, 42.17910447761194), (67, 42.044117647058826), (68, 42.26086956521739), (69, 42.05714285714286), (70, 41.7887323943662), (71, 42.09722222222222), (72, 42.082191780821915), (73, 42.0), (74, 42.06666666666667), (75, 42.0921052631579), (76, 42.01298701298701), (77, 42.217948717948715), (78, 42.278481012658226), (79, 43.4125), (80, 43.23456790123457), (81, 43.25609756097561), (82, 43.903614457831324), (83, 43.857142857142854), (84, 43.976470588235294), (85, 44.30232558139535), (86, 44.229885057471265), (87, 44.29545454545455), (88, 44.46067415730337), (89, 44.1), (90, 44.07692307692308), (91, 44.0), (92, 44.494623655913976), (93, 44.62765957446808), (94, 45.757894736842104), (95, 45.90625), (96, 46.28865979381443), (97, 46.295918367346935), (98, 46.343434343434346), (99, 46.57575757575758), (100, 46.82828282828283), (101, 46.888888888888886), (102, 47.04040404040404), (103, 47.888888888888886), (104, 48.42424242424242), (105, 48.85858585858586), (106, 49.35353535353536), (107, 49.58585858585859), (108, 49.45454545454545), (109, 49.75757575757576), (110, 50.07070707070707), (111, 50.42424242424242), (112, 51.13131313131313), (113, 51.474747474747474), (114, 51.78787878787879), (115, 51.95959595959596), (116, 52.07070707070707), (117, 52.17171717171717), (118, 52.35353535353536), (119, 52.91919191919192), (120, 52.64646464646464), (121, 52.666666666666664), (122, 52.464646464646464), (123, 52.97979797979798), (124, 52.72727272727273), (125, 52.84848484848485), (126, 53.17171717171717), (127, 53.464646464646464), (128, 53.121212121212125), (129, 53.474747474747474), (130, 53.90909090909091), (131, 54.25252525252525), (132, 54.72727272727273), (133, 54.92929292929293), (134, 54.98989898989899), (135, 55.06060606060606), (136, 55.24242424242424), (137, 55.94949494949495), (138, 56.4040404040404), (139, 56.303030303030305), (140, 56.84848484848485), (141, 57.333333333333336), (142, 57.121212121212125), (143, 57.2020202020202), (144, 57.27272727272727), (145, 57.41414141414141), (146, 57.60606060606061), (147, 57.474747474747474), (148, 57.707070707070706), (149, 57.505050505050505), (150, 57.24242424242424), (151, 57.515151515151516), (152, 57.07070707070707), (153, 57.303030303030305), (154, 57.23232323232323), (155, 57.42424242424242), (156, 57.484848484848484), (157, 57.18181818181818), (158, 57.343434343434346), (159, 56.888888888888886), (160, 57.08080808080808), (161, 56.91919191919192), (162, 56.707070707070706), (163, 56.78787878787879), (164, 56.73737373737374), (165, 56.81818181818182), (166, 57.18181818181818), (167, 57.24242424242424), (168, 57.484848484848484), (169, 57.96969696969697), (170, 57.74747474747475), (171, 57.74747474747475), (172, 57.91919191919192), (173, 58.333333333333336), (174, 58.85858585858586), (175, 60.515151515151516), (176, 60.41414141414141), (177, 60.45454545454545), (178, 59.888888888888886), (179, 60.23232323232323), (180, 60.23232323232323), (181, 60.01010101010101), (182, 60.42424242424242), (183, 60.4040404040404), (184, 60.77777777777778), (185, 60.91919191919192), (186, 61.02020202020202), (187, 60.96969696969697), (188, 61.61616161616162), (189, 62.04040404040404), (190, 62.696969696969695), (191, 62.98989898989899), (192, 63.2020202020202), (193, 62.333333333333336), (194, 62.05050505050505), (195, 62.484848484848484), (196, 63.494949494949495), (197, 63.464646464646464), (198, 63.97979797979798), (199, 64.44444444444444), (200, 64.57575757575758), (201, 64.62626262626263), (202, 63.98989898989899), (203, 63.98989898989899), (204, 63.97979797979798), (205, 63.505050505050505), (206, 63.94949494949495), (207, 64.38383838383838), (208, 64.11111111111111), (209, 63.888888888888886), (210, 63.7979797979798), (211, 64.0909090909091), (212, 63.94949494949495), (213, 64.18181818181819), (214, 64.42424242424242), (215, 64.42424242424242), (216, 64.94949494949495), (217, 65.05050505050505), (218, 64.77777777777777), (219, 65.85858585858585), (220, 65.87878787878788), (221, 65.94949494949495), (222, 66.52525252525253), (223, 66.60606060606061), (224, 66.32323232323232), (225, 66.64646464646465), (226, 67.4949494949495), (227, 67.97979797979798), (228, 68.29292929292929), (229, 68.3030303030303), (230, 69.1010101010101), (231, 69.0), (232, 69.01010101010101), (233, 69.27272727272727), (234, 69.0), (235, 68.98989898989899), (236, 68.85858585858585), (237, 68.83838383838383), (238, 68.94949494949495), (239, 68.44444444444444), (240, 68.36363636363636), (241, 68.52525252525253), (242, 68.41414141414141), (243, 68.31313131313131), (244, 68.41414141414141), (245, 68.36363636363636), (246, 68.73737373737374), (247, 68.41414141414141), (248, 69.62626262626263), (249, 69.64646464646465), (250, 69.47474747474747), (251, 69.81818181818181), (252, 69.93939393939394), (253, 69.98989898989899), (254, 70.0), (255, 71.05050505050505), (256, 71.33333333333333), (257, 71.53535353535354), (258, 71.63636363636364), (259, 71.70707070707071), (260, 71.79797979797979), (261, 72.13131313131314), (262, 72.39393939393939), (263, 73.1919191919192), (264, 74.16161616161617), (265, 74.05050505050505), (266, 74.16161616161617), (267, 74.34343434343434), (268, 74.57575757575758), (269, 74.8989898989899), (270, 74.96969696969697), (271, 74.94949494949495), (272, 74.81818181818181), (273, 74.79797979797979), (274, 73.8989898989899), (275, 74.24242424242425), (276, 74.39393939393939), (277, 74.31313131313131), (278, 74.38383838383838), (279, 74.98989898989899), (280, 75.02020202020202), (281, 75.54545454545455), (282, 76.34343434343434), (283, 75.67676767676768), (284, 75.65656565656566), (285, 75.88888888888889), (286, 77.36363636363636), (287, 77.15151515151516), (288, 76.92929292929293), (289, 76.62626262626263), (290, 76.0909090909091), (291, 75.96969696969697), (292, 75.95959595959596), (293, 76.6969696969697), (294, 76.43434343434343), (295, 75.83838383838383), (296, 76.08080808080808), (297, 76.22222222222223), (298, 76.29292929292929), (299, 76.70707070707071), (300, 76.96969696969697), (301, 77.39393939393939), (302, 77.07070707070707), (303, 77.38383838383838), (304, 77.84848484848484), (305, 78.08080808080808), (306, 79.13131313131314), (307, 79.70707070707071), (308, 80.0909090909091), (309, 81.62626262626263), (310, 81.1919191919192), (311, 82.21212121212122), (312, 82.35353535353535), (313, 82.75757575757575), (314, 82.63636363636364), (315, 83.02020202020202), (316, 83.34343434343434), (317, 84.44444444444444), (318, 84.32323232323232), (319, 85.85858585858585), (320, 87.48484848484848), (321, 87.85858585858585), (322, 89.32323232323232), (323, 90.1010101010101), (324, 91.0909090909091), (325, 91.72727272727273), (326, 92.81818181818181), (327, 93.97979797979798), (328, 95.08080808080808), (329, 95.1919191919192), (330, 96.64646464646465), (331, 98.0909090909091), (332, 99.1919191919192), (333, 100.41414141414141), (334, 101.9090909090909), (335, 103.17171717171718), (336, 104.46464646464646), (337, 105.84848484848484), (338, 107.4040404040404), (339, 108.5959595959596), (340, 110.0), (341, 110.54545454545455), (342, 110.70707070707071), (343, 111.51515151515152), (344, 112.54545454545455), (345, 112.94949494949495), (346, 113.73737373737374), (347, 113.70707070707071), (348, 115.11111111111111), (349, 116.34343434343434), (350, 117.62626262626263), (351, 118.97979797979798), (352, 120.28282828282828), (353, 121.64646464646465), (354, 122.14141414141415), (355, 123.44444444444444), (356, 124.82828282828282), (357, 126.17171717171718), (358, 127.64646464646465), (359, 129.1818181818182), (360, 130.33333333333334), (361, 130.94949494949495), (362, 131.59595959595958), (363, 131.94949494949495), (364, 132.75757575757575), (365, 133.59595959595958), (366, 134.9090909090909), (367, 135.97979797979798), (368, 137.25252525252526), (369, 138.78787878787878), (370, 140.2929292929293), (371, 141.55555555555554), (372, 142.62626262626262), (373, 143.5252525252525), (374, 144.7171717171717), (375, 146.07070707070707), (376, 146.96969696969697), (377, 148.2828282828283), (378, 149.24242424242425), (379, 150.4747474747475), (380, 151.15151515151516), (381, 151.84848484848484), (382, 153.43434343434345), (383, 154.94949494949495), (384, 156.13131313131314), (385, 156.13131313131314), (386, 157.59595959595958), (387, 158.989898989899), (388, 160.2828282828283), (389, 161.63636363636363), (390, 162.989898989899), (391, 164.35353535353536), (392, 165.31313131313132), (393, 166.32323232323233), (394, 167.45454545454547), (395, 168.74747474747474), (396, 169.6969696969697), (397, 170.75757575757575), (398, 171.75757575757575), (399, 172.989898989899), (400, 174.1010101010101), (401, 175.3030303030303), (402, 176.3939393939394), (403, 177.5151515151515), (404, 178.4747474747475), (405, 178.57575757575756), (406, 179.59595959595958), (407, 180.8080808080808), (408, 180.8080808080808), (409, 182.08080808080808), (410, 182.5050505050505), (411, 183.5151515151515), (412, 183.97979797979798), (413, 185.63636363636363), (414, 186.23232323232324), (415, 187.31313131313132), (416, 187.67676767676767), (417, 188.57575757575756), (418, 188.25252525252526), (419, 188.25252525252526), (420, 187.75757575757575), (421, 187.73737373737373), (422, 188.59595959595958), (423, 188.59595959595958), (424, 188.59595959595958), (425, 188.59595959595958), (426, 188.59595959595958), (427, 188.76767676767676), (428, 189.37373737373738), (429, 189.37373737373738), (430, 189.37373737373738), (431, 189.58585858585857), (432, 189.7171717171717), (433, 189.91919191919192), (434, 189.91919191919192), (435, 189.95959595959596), (436, 189.95959595959596), (437, 189.95959595959596), (438, 189.41414141414143), (439, 189.1010101010101), (440, 190.24242424242425), (441, 190.7171717171717), (442, 191.24242424242425), (443, 191.72727272727272), (444, 192.6161616161616), (445, 193.02020202020202), (446, 193.5151515151515), (447, 192.6161616161616), (448, 192.6161616161616), (449, 192.17171717171718), (450, 191.92929292929293), (451, 192.22222222222223), (452, 192.22222222222223), (453, 192.22222222222223), (454, 191.62626262626262), (455, 191.62626262626262), (456, 190.34343434343435), (457, 189.4747474747475), (458, 189.4747474747475), (459, 189.4747474747475), (460, 190.2929292929293), (461, 190.2929292929293), (462, 190.43434343434345), (463, 191.06060606060606), (464, 191.26262626262627), (465, 191.26262626262627), (466, 191.26262626262627), (467, 191.26262626262627), (468, 191.26262626262627), (469, 191.26262626262627), (470, 191.26262626262627), (471, 191.26262626262627), (472, 191.26262626262627), (473, 191.26262626262627), (474, 190.73737373737373), (475, 191.010101010101), (476, 191.010101010101), (477, 190.31313131313132), (478, 189.989898989899), (479, 189.33333333333334), (480, 189.33333333333334), (481, 189.33333333333334), (482, 189.33333333333334), (483, 189.33333333333334), (484, 188.9090909090909), (485, 188.9090909090909), (486, 188.9090909090909), (487, 188.9090909090909), (488, 188.9090909090909), (489, 188.9090909090909), (490, 188.5252525252525), (491, 188.07070707070707), (492, 188.07070707070707), (493, 188.07070707070707), (494, 187.3030303030303), (495, 187.3030303030303), (496, 186.44444444444446), (497, 186.44444444444446), (498, 186.44444444444446), (499, 186.44444444444446), (500, 185.7171717171717), (501, 185.43434343434345), (502, 185.43434343434345), (503, 185.43434343434345), (504, 185.43434343434345), (505, 185.43434343434345), (506, 184.7171717171717), (507, 183.05050505050505), (508, 181.6161616161616), (509, 181.0), (510, 181.0), (511, 180.989898989899), (512, 180.55555555555554), (513, 180.12121212121212), (514, 179.6060606060606), (515, 179.3939393939394), (516, 179.3939393939394), (517, 179.1010101010101), (518, 179.1010101010101), (519, 179.82828282828282), (520, 178.03030303030303), (521, 178.03030303030303), (522, 177.2020202020202), (523, 177.2020202020202), (524, 177.17171717171718), (525, 177.17171717171718), (526, 177.1919191919192), (527, 176.53535353535352), (528, 176.53535353535352), (529, 176.5050505050505), (530, 176.33333333333334), (531, 176.33333333333334), (532, 174.6161616161616), (533, 174.44444444444446), (534, 174.44444444444446), (535, 174.0), (536, 173.97979797979798), (537, 173.64646464646464), (538, 173.95959595959596), (539, 173.95959595959596), (540, 174.66666666666666), (541, 173.87878787878788), (542, 172.68686868686868), (543, 172.68686868686868), (544, 172.22222222222223), (545, 172.22222222222223), (546, 173.12121212121212), (547, 173.12121212121212), (548, 172.37373737373738), (549, 172.6161616161616), (550, 172.6161616161616), (551, 172.6161616161616), (552, 171.54545454545453), (553, 172.14141414141415), (554, 172.14141414141415), (555, 173.42424242424244), (556, 173.56565656565655), (557, 173.56565656565655), (558, 173.56565656565655), (559, 173.41414141414143), (560, 173.41414141414143), (561, 173.41414141414143), (562, 172.94949494949495), (563, 173.1818181818182), (564, 173.1818181818182), (565, 172.2929292929293), (566, 172.2929292929293), (567, 172.2929292929293), (568, 172.2929292929293), (569, 172.2929292929293), (570, 172.2929292929293), (571, 172.2929292929293), (572, 172.2929292929293), (573, 172.53535353535352), (574, 172.68686868686868), (575, 172.07070707070707), (576, 172.76767676767676), (577, 173.0909090909091), (578, 173.74747474747474), (579, 173.74747474747474), (580, 173.74747474747474), (581, 172.42424242424244), (582, 172.42424242424244), (583, 172.84848484848484), (584, 172.31313131313132), (585, 172.31313131313132), (586, 172.31313131313132), (587, 172.31313131313132), (588, 172.31313131313132), (589, 172.6969696969697), (590, 173.15151515151516), (591, 173.15151515151516), (592, 172.7070707070707), (593, 173.4747474747475), (594, 173.4747474747475), (595, 173.77777777777777), (596, 173.3030303030303), (597, 173.3030303030303), (598, 173.3030303030303), (599, 172.54545454545453), (600, 171.97979797979798), (601, 171.25252525252526), (602, 171.25252525252526), (603, 171.2020202020202), (604, 171.2020202020202), (605, 171.91919191919192), (606, 173.58585858585857), (607, 175.02020202020202), (608, 174.5252525252525), (609, 174.02020202020202), (610, 174.4949494949495), (611, 174.92929292929293), (612, 175.36363636363637), (613, 175.87878787878788), (614, 176.0909090909091), (615, 176.02020202020202), (616, 175.97979797979798), (617, 175.97979797979798), (618, 175.97979797979798), (619, 177.7979797979798), (620, 177.7979797979798), (621, 178.62626262626262), (622, 178.62626262626262), (623, 178.4848484848485), (624, 178.4848484848485), (625, 178.4848484848485), (626, 179.08080808080808), (627, 178.75757575757575), (628, 178.78787878787878), (629, 178.95959595959596), (630, 178.08080808080808), (631, 179.77777777777777), (632, 179.94949494949495), (633, 179.94949494949495), (634, 180.3939393939394), (635, 180.41414141414143), (636, 181.2929292929293), (637, 181.2929292929293), (638, 180.13131313131314), (639, 180.13131313131314), (640, 181.12121212121212), (641, 181.17171717171718), (642, 181.17171717171718), (643, 182.06060606060606), (644, 182.06060606060606), (645, 182.06060606060606), (646, 182.06060606060606), (647, 183.25252525252526), (648, 183.25252525252526), (649, 183.25252525252526), (650, 183.25252525252526), (651, 184.32323232323233), (652, 184.07070707070707), (653, 184.07070707070707), (654, 184.07070707070707), (655, 184.40404040404042), (656, 183.68686868686868), (657, 183.68686868686868), (658, 183.74747474747474), (659, 183.74747474747474), (660, 183.1919191919192), (661, 183.65656565656565), (662, 182.65656565656565), (663, 182.65656565656565), (664, 183.54545454545453), (665, 183.03030303030303), (666, 181.16161616161617), (667, 181.16161616161617), (668, 180.76767676767676), (669, 180.76767676767676), (670, 180.76767676767676), (671, 179.55555555555554), (672, 179.6161616161616), (673, 179.6161616161616), (674, 180.23232323232324), (675, 180.23232323232324), (676, 179.22222222222223), (677, 179.22222222222223), (678, 179.22222222222223), (679, 178.4949494949495), (680, 179.8181818181818), (681, 179.8181818181818), (682, 179.8181818181818), (683, 180.35353535353536), (684, 180.35353535353536), (685, 180.35353535353536), (686, 180.35353535353536), (687, 180.35353535353536), (688, 180.35353535353536), (689, 180.35353535353536), (690, 179.53535353535352), (691, 179.97979797979798), (692, 179.97979797979798), (693, 179.97979797979798), (694, 180.53535353535352), (695, 181.010101010101), (696, 181.010101010101), (697, 181.010101010101), (698, 182.4949494949495), (699, 183.34343434343435), (700, 183.4949494949495), (701, 183.4949494949495), (702, 183.54545454545453), (703, 183.54545454545453), (704, 183.54545454545453), (705, 181.87878787878788), (706, 181.87878787878788), (707, 182.989898989899), (708, 182.62626262626262), (709, 182.62626262626262), (710, 182.62626262626262), (711, 182.62626262626262), (712, 182.62626262626262), (713, 182.62626262626262), (714, 182.6969696969697), (715, 183.35353535353536), (716, 183.24242424242425), (717, 181.97979797979798), (718, 181.97979797979798), (719, 181.05050505050505), (720, 181.05050505050505), (721, 179.96969696969697), (722, 180.14141414141415), (723, 179.1010101010101), (724, 179.1010101010101), (725, 179.16161616161617), (726, 179.08080808080808), (727, 179.08080808080808), (728, 179.08080808080808), (729, 179.95959595959596), (730, 179.97979797979798), (731, 179.97979797979798), (732, 179.97979797979798), (733, 179.97979797979798), (734, 179.97979797979798), (735, 179.97979797979798), (736, 179.14141414141415), (737, 180.3030303030303), (738, 178.45454545454547), (739, 178.45454545454547), (740, 179.59595959595958), (741, 179.59595959595958), (742, 179.59595959595958), (743, 179.59595959595958), (744, 179.59595959595958), (745, 179.59595959595958), (746, 179.59595959595958), (747, 179.59595959595958), (748, 179.59595959595958), (749, 179.59595959595958), (750, 179.59595959595958), (751, 179.84848484848484), (752, 179.84848484848484), (753, 179.84848484848484), (754, 180.24242424242425), (755, 180.95959595959596), (756, 180.72727272727272), (757, 180.8181818181818), (758, 180.8181818181818), (759, 181.37373737373738), (760, 181.37373737373738), (761, 182.37373737373738), (762, 182.37373737373738), (763, 182.37373737373738), (764, 182.88888888888889), (765, 184.75757575757575), (766, 184.75757575757575), (767, 185.02020202020202), (768, 185.02020202020202), (769, 185.02020202020202), (770, 186.23232323232324), (771, 186.45454545454547), (772, 186.45454545454547), (773, 186.45454545454547), (774, 186.45454545454547), (775, 187.46464646464648), (776, 187.46464646464648), (777, 187.35353535353536), (778, 188.08080808080808), (779, 187.14141414141415), (780, 187.14141414141415), (781, 187.14141414141415), (782, 187.14141414141415), (783, 187.14141414141415), (784, 187.14141414141415), (785, 187.14141414141415), (786, 187.14141414141415), (787, 187.14141414141415), (788, 187.14141414141415), (789, 187.95959595959596), (790, 187.95959595959596), (791, 187.95959595959596), (792, 187.95959595959596), (793, 187.95959595959596), (794, 187.95959595959596), (795, 187.8080808080808), (796, 187.8080808080808), (797, 187.8080808080808), (798, 187.8080808080808), (799, 188.3838383838384), (800, 188.3838383838384), (801, 188.37373737373738), (802, 188.37373737373738), (803, 188.37373737373738), (804, 190.04040404040404), (805, 189.56565656565655), (806, 189.1919191919192), (807, 190.06060606060606), (808, 189.87878787878788), (809, 189.65656565656565), (810, 189.65656565656565), (811, 189.2828282828283), (812, 188.96969696969697), (813, 188.96969696969697), (814, 188.96969696969697), (815, 189.08080808080808), (816, 190.34343434343435), (817, 190.34343434343435), (818, 190.7070707070707), (819, 190.7070707070707), (820, 191.78787878787878), (821, 191.78787878787878), (822, 192.4747474747475), (823, 192.26262626262627), (824, 191.88888888888889), (825, 192.2929292929293), (826, 191.67676767676767), (827, 191.33333333333334), (828, 191.33333333333334), (829, 191.33333333333334), (830, 190.86868686868686), (831, 190.86868686868686), (832, 190.36363636363637), (833, 190.36363636363637), (834, 189.87878787878788), (835, 190.7171717171717), (836, 190.7171717171717), (837, 192.56565656565655), (838, 192.15151515151516), (839, 192.05050505050505), (840, 191.27272727272728), (841, 190.92929292929293), (842, 190.56565656565655), (843, 190.13131313131314), (844, 189.7070707070707), (845, 189.23232323232324), (846, 187.53535353535352), (847, 187.53535353535352), (848, 186.989898989899), (849, 186.77777777777777), (850, 186.77777777777777), (851, 186.75757575757575), (852, 186.75757575757575), (853, 186.75757575757575), (854, 186.32323232323233), (855, 186.5050505050505), (856, 186.2020202020202), (857, 186.0909090909091), (858, 185.8181818181818), (859, 185.8181818181818), (860, 185.64646464646464), (861, 185.5151515151515), (862, 185.5151515151515), (863, 185.5151515151515), (864, 184.8181818181818), (865, 184.1919191919192), (866, 184.32323232323233), (867, 184.32323232323233), (868, 184.010101010101), (869, 184.010101010101), (870, 184.010101010101), (871, 183.23232323232324), (872, 182.77777777777777), (873, 182.75757575757575), (874, 182.75757575757575), (875, 182.43434343434345), (876, 182.54545454545453), (877, 182.46464646464648), (878, 182.989898989899), (879, 182.56565656565655), (880, 182.56565656565655), (881, 182.32323232323233), (882, 182.32323232323233), (883, 181.9090909090909), (884, 181.9090909090909), (885, 181.9090909090909), (886, 181.21212121212122), (887, 179.989898989899), (888, 179.989898989899), (889, 179.57575757575756), (890, 178.77777777777777), (891, 178.77777777777777), (892, 178.77777777777777), (893, 178.26262626262627), (894, 178.41414141414143), (895, 177.8989898989899), (896, 177.8989898989899), (897, 177.8989898989899), (898, 177.55555555555554), (899, 177.55555555555554), (900, 177.3838383838384), (901, 176.84848484848484), (902, 176.84848484848484), (903, 176.84848484848484), (904, 176.77777777777777), (905, 177.010101010101), (906, 177.010101010101), (907, 176.67676767676767), (908, 176.3939393939394), (909, 176.0), (910, 176.37373737373738), (911, 176.57575757575756), (912, 176.0), (913, 175.42424242424244), (914, 174.62626262626262), (915, 172.8080808080808), (916, 171.9090909090909), (917, 171.57575757575756), (918, 171.32323232323233), (919, 171.2020202020202), (920, 170.0909090909091), (921, 168.58585858585857), (922, 167.66666666666666), (923, 167.37373737373738), (924, 166.6161616161616), (925, 167.23232323232324), (926, 167.57575757575756), (927, 166.8989898989899), (928, 166.32323232323233), (929, 166.78787878787878), (930, 166.78787878787878), (931, 167.2929292929293), (932, 166.82828282828282), (933, 166.86868686868686), (934, 166.7070707070707), (935, 166.07070707070707), (936, 165.4949494949495), (937, 165.45454545454547), (938, 165.02020202020202), (939, 165.06060606060606), (940, 165.04040404040404), (941, 164.63636363636363), (942, 164.6161616161616), (943, 164.5252525252525), (944, 164.26262626262627), (945, 165.31313131313132), (946, 165.31313131313132), (947, 165.11111111111111), (948, 165.15151515151516), (949, 165.15151515151516), (950, 165.0909090909091), (951, 164.34343434343435), (952, 163.4949494949495), (953, 162.6060606060606), (954, 162.3939393939394), (955, 161.9090909090909), (956, 162.02020202020202), (957, 161.86868686868686), (958, 161.66666666666666), (959, 161.63636363636363), (960, 161.46464646464648), (961, 161.24242424242425), (962, 160.74747474747474), (963, 160.2828282828283), (964, 160.9090909090909), (965, 160.9090909090909), (966, 160.9090909090909), (967, 160.7070707070707), (968, 160.3939393939394), (969, 160.3939393939394), (970, 161.17171717171718), (971, 161.33333333333334), (972, 160.5252525252525), (973, 159.8989898989899), (974, 160.22222222222223), (975, 160.22222222222223), (976, 158.8080808080808), (977, 157.62626262626262), (978, 157.95959595959596), (979, 157.95959595959596), (980, 157.34343434343435), (981, 157.34343434343435), (982, 157.74747474747474), (983, 157.4747474747475), (984, 157.33333333333334), (985, 158.03030303030303), (986, 159.12121212121212), (987, 159.11111111111111), (988, 158.78787878787878), (989, 159.58585858585857), (990, 159.58585858585857), (991, 159.55555555555554), (992, 159.63636363636363), (993, 159.58585858585857), (994, 160.1010101010101), (995, 160.1010101010101), (996, 160.1010101010101), (997, 160.44444444444446), (998, 160.44444444444446), (999, 160.62626262626262), (1000, 161.16161616161617), (1001, 161.16161616161617), (1002, 161.16161616161617), (1003, 161.7070707070707), (1004, 161.84848484848484), (1005, 161.84848484848484), (1006, 162.36363636363637), (1007, 162.86868686868686), (1008, 163.26262626262627), (1009, 163.26262626262627), (1010, 163.37373737373738), (1011, 163.94949494949495), (1012, 164.5252525252525), (1013, 165.32323232323233), (1014, 167.14141414141415), (1015, 168.04040404040404), (1016, 168.93939393939394), (1017, 169.1919191919192), (1018, 169.31313131313132), (1019, 170.42424242424244), (1020, 172.2828282828283), (1021, 173.41414141414143), (1022, 174.08080808080808), (1023, 174.83838383838383), (1024, 174.83838383838383), (1025, 174.83838383838383), (1026, 175.5151515151515), (1027, 176.0909090909091), (1028, 176.0909090909091), (1029, 176.0909090909091), (1030, 176.0909090909091), (1031, 176.55555555555554), (1032, 177.0), (1033, 177.16161616161617), (1034, 177.7979797979798), (1035, 178.37373737373738), (1036, 178.82828282828282), (1037, 179.36363636363637), (1038, 180.1010101010101), (1039, 180.46464646464648), (1040, 181.23232323232324), (1041, 181.33333333333334), (1042, 181.84848484848484), (1043, 182.58585858585857), (1044, 183.2020202020202), (1045, 183.2020202020202), (1046, 183.94949494949495), (1047, 184.12121212121212), (1048, 184.12121212121212), (1049, 184.2020202020202), (1050, 184.94949494949495), (1051, 185.7979797979798), (1052, 187.12121212121212), (1053, 187.3838383838384), (1054, 187.82828282828282), (1055, 187.82828282828282), (1056, 188.25252525252526), (1057, 188.45454545454547), (1058, 188.65656565656565), (1059, 188.95959595959596), (1060, 189.1818181818182), (1061, 189.67676767676767), (1062, 190.83838383838383), (1063, 190.83838383838383), (1064, 190.83838383838383), (1065, 190.83838383838383), (1066, 191.31313131313132), (1067, 191.35353535353536), (1068, 191.35353535353536), (1069, 191.35353535353536), (1070, 191.59595959595958), (1071, 192.11111111111111), (1072, 192.43434343434345), (1073, 192.17171717171718), (1074, 191.91919191919192), (1075, 193.41414141414143), (1076, 195.010101010101)]
