Iteration 0 avg reward 23.000000
Iteration 100 avg reward 28.585859
Iteration 200 avg reward 51.797980
Iteration 300 avg reward 71.898990
Iteration 400 avg reward 112.131313
Iteration 500 avg reward 168.848485
Iteration 600 avg reward 180.474747
Iteration 700 avg reward 177.020202
Iteration 800 avg reward 189.343434
Iteration 900 avg reward 183.696970
Iteration 1000 avg reward 168.424242
Iteration 1100 avg reward 165.464646
Iteration 1200 avg reward 181.666667
Iteration 1300 avg reward 185.252525
[(0, 23.0), (1, 34.0), (2, 28.0), (3, 23.75), (4, 21.2), (5, 19.833333333333332), (6, 19.714285714285715), (7, 19.375), (8, 19.77777777777778), (9, 18.8), (10, 18.272727272727273), (11, 17.833333333333332), (12, 17.846153846153847), (13, 17.5), (14, 17.6), (15, 18.0), (16, 17.88235294117647), (17, 17.444444444444443), (18, 17.473684210526315), (19, 17.05), (20, 17.238095238095237), (21, 17.272727272727273), (22, 17.17391304347826), (23, 17.0), (24, 16.96), (25, 17.346153846153847), (26, 17.11111111111111), (27, 16.964285714285715), (28, 16.82758620689655), (29, 16.966666666666665), (30, 17.35483870967742), (31, 17.46875), (32, 17.363636363636363), (33, 17.294117647058822), (34, 17.142857142857142), (35, 17.02777777777778), (36, 16.972972972972972), (37, 18.210526315789473), (38, 18.05128205128205), (39, 18.075), (40, 17.975609756097562), (41, 18.0), (42, 18.069767441860463), (43, 18.0), (44, 18.155555555555555), (45, 18.26086956521739), (46, 18.085106382978722), (47, 18.833333333333332), (48, 18.979591836734695), (49, 19.52), (50, 19.80392156862745), (51, 20.71153846153846), (52, 20.67924528301887), (53, 20.61111111111111), (54, 20.509090909090908), (55, 20.535714285714285), (56, 20.45614035087719), (57, 20.448275862068964), (58, 20.779661016949152), (59, 20.833333333333332), (60, 20.852459016393443), (61, 21.548387096774192), (62, 21.88888888888889), (63, 21.75), (64, 21.93846153846154), (65, 21.939393939393938), (66, 22.134328358208954), (67, 22.41176470588235), (68, 23.028985507246375), (69, 23.17142857142857), (70, 23.225352112676056), (71, 23.430555555555557), (72, 23.71232876712329), (73, 23.675675675675677), (74, 23.92), (75, 24.013157894736842), (76, 24.207792207792206), (77, 24.41025641025641), (78, 24.696202531645568), (79, 24.8625), (80, 25.049382716049383), (81, 25.646341463414632), (82, 25.927710843373493), (83, 26.05952380952381), (84, 26.176470588235293), (85, 26.069767441860463), (86, 27.091954022988507), (87, 27.113636363636363), (88, 27.303370786516854), (89, 27.566666666666666), (90, 27.714285714285715), (91, 27.652173913043477), (92, 27.548387096774192), (93, 27.585106382978722), (94, 27.63157894736842), (95, 27.645833333333332), (96, 27.84536082474227), (97, 27.806122448979593), (98, 28.90909090909091), (99, 28.848484848484848), (100, 28.585858585858585), (101, 29.272727272727273), (102, 29.404040404040405), (103, 29.848484848484848), (104, 30.252525252525253), (105, 30.88888888888889), (106, 31.505050505050505), (107, 31.77777777777778), (108, 31.88888888888889), (109, 31.91919191919192), (110, 32.282828282828284), (111, 32.343434343434346), (112, 32.5959595959596), (113, 32.676767676767675), (114, 32.83838383838384), (115, 33.16161616161616), (116, 33.676767676767675), (117, 34.61616161616162), (118, 35.16161616161616), (119, 35.464646464646464), (120, 35.85858585858586), (121, 36.292929292929294), (122, 36.64646464646464), (123, 36.73737373737374), (124, 37.05050505050505), (125, 37.26262626262626), (126, 37.686868686868685), (127, 38.01010101010101), (128, 38.45454545454545), (129, 38.83838383838384), (130, 39.01010101010101), (131, 39.2020202020202), (132, 39.36363636363637), (133, 39.74747474747475), (134, 40.08080808080808), (135, 40.60606060606061), (136, 40.525252525252526), (137, 40.94949494949495), (138, 41.42424242424242), (139, 41.60606060606061), (140, 41.7979797979798), (141, 42.16161616161616), (142, 42.494949494949495), (143, 42.80808080808081), (144, 42.878787878787875), (145, 43.36363636363637), (146, 43.41414141414141), (147, 43.54545454545455), (148, 43.464646464646464), (149, 43.95959595959596), (150, 43.96969696969697), (151, 44.23232323232323), (152, 44.292929292929294), (153, 44.37373737373738), (154, 44.44444444444444), (155, 44.60606060606061), (156, 44.93939393939394), (157, 44.73737373737374), (158, 45.14141414141414), (159, 45.44444444444444), (160, 45.09090909090909), (161, 45.515151515151516), (162, 45.94949494949495), (163, 46.06060606060606), (164, 46.37373737373738), (165, 46.5959595959596), (166, 46.74747474747475), (167, 46.525252525252526), (168, 46.61616161616162), (169, 46.7979797979798), (170, 47.37373737373738), (171, 47.55555555555556), (172, 47.75757575757576), (173, 47.98989898989899), (174, 48.01010101010101), (175, 48.06060606060606), (176, 48.54545454545455), (177, 48.505050505050505), (178, 48.676767676767675), (179, 49.08080808080808), (180, 48.77777777777778), (181, 48.90909090909091), (182, 49.09090909090909), (183, 49.525252525252526), (184, 49.98989898989899), (185, 49.474747474747474), (186, 49.515151515151516), (187, 49.62626262626262), (188, 50.09090909090909), (189, 49.91919191919192), (190, 50.494949494949495), (191, 50.666666666666664), (192, 51.17171717171717), (193, 51.39393939393939), (194, 51.74747474747475), (195, 51.95959595959596), (196, 52.292929292929294), (197, 51.4040404040404), (198, 51.91919191919192), (199, 52.26262626262626), (200, 51.7979797979798), (201, 52.292929292929294), (202, 52.313131313131315), (203, 52.26262626262626), (204, 51.7979797979798), (205, 51.75757575757576), (206, 51.5959595959596), (207, 51.81818181818182), (208, 52.37373737373738), (209, 52.44444444444444), (210, 53.14141414141414), (211, 53.23232323232323), (212, 53.7979797979798), (213, 53.93939393939394), (214, 54.04040404040404), (215, 54.04040404040404), (216, 53.45454545454545), (217, 53.25252525252525), (218, 53.13131313131313), (219, 53.14141414141414), (220, 53.18181818181818), (221, 53.16161616161616), (222, 53.72727272727273), (223, 54.101010101010104), (224, 54.707070707070706), (225, 54.888888888888886), (226, 55.303030303030305), (227, 55.24242424242424), (228, 55.92929292929293), (229, 55.898989898989896), (230, 56.54545454545455), (231, 56.525252525252526), (232, 56.35353535353536), (233, 56.343434343434346), (234, 56.313131313131315), (235, 56.80808080808081), (236, 56.82828282828283), (237, 56.81818181818182), (238, 57.101010101010104), (239, 57.2020202020202), (240, 57.292929292929294), (241, 58.05050505050505), (242, 58.14141414141414), (243, 58.323232323232325), (244, 58.24242424242424), (245, 58.121212121212125), (246, 58.61616161616162), (247, 58.74747474747475), (248, 58.282828282828284), (249, 57.98989898989899), (250, 58.121212121212125), (251, 58.57575757575758), (252, 59.19191919191919), (253, 59.73737373737374), (254, 60.38383838383838), (255, 60.93939393939394), (256, 61.43434343434343), (257, 61.78787878787879), (258, 62.111111111111114), (259, 63.0), (260, 62.72727272727273), (261, 62.84848484848485), (262, 63.121212121212125), (263, 63.535353535353536), (264, 63.676767676767675), (265, 63.5959595959596), (266, 63.73737373737374), (267, 64.23232323232324), (268, 64.58585858585859), (269, 64.39393939393939), (270, 65.25252525252525), (271, 65.62626262626263), (272, 65.51515151515152), (273, 65.92929292929293), (274, 66.32323232323232), (275, 66.23232323232324), (276, 66.5050505050505), (277, 67.11111111111111), (278, 67.1919191919192), (279, 67.68686868686869), (280, 67.73737373737374), (281, 67.84848484848484), (282, 67.85858585858585), (283, 68.03030303030303), (284, 68.38383838383838), (285, 68.53535353535354), (286, 69.35353535353535), (287, 69.41414141414141), (288, 69.78787878787878), (289, 69.37373737373737), (290, 69.98989898989899), (291, 69.81818181818181), (292, 70.70707070707071), (293, 71.04040404040404), (294, 70.96969696969697), (295, 71.35353535353535), (296, 71.4040404040404), (297, 71.66666666666667), (298, 71.46464646464646), (299, 71.94949494949495), (300, 71.8989898989899), (301, 72.84848484848484), (302, 73.17171717171718), (303, 73.58585858585859), (304, 74.05050505050505), (305, 74.12121212121212), (306, 75.35353535353535), (307, 75.52525252525253), (308, 75.43434343434343), (309, 75.16161616161617), (310, 75.33333333333333), (311, 75.18181818181819), (312, 75.29292929292929), (313, 75.8989898989899), (314, 76.61616161616162), (315, 77.16161616161617), (316, 77.68686868686869), (317, 78.0909090909091), (318, 78.55555555555556), (319, 79.34343434343434), (320, 79.56565656565657), (321, 79.57575757575758), (322, 79.86868686868686), (323, 79.8080808080808), (324, 79.75757575757575), (325, 79.48484848484848), (326, 79.54545454545455), (327, 78.95959595959596), (328, 79.39393939393939), (329, 79.47474747474747), (330, 80.08080808080808), (331, 80.46464646464646), (332, 81.17171717171718), (333, 81.45454545454545), (334, 81.71717171717172), (335, 82.03030303030303), (336, 82.25252525252525), (337, 82.9090909090909), (338, 84.33333333333333), (339, 84.6969696969697), (340, 84.47474747474747), (341, 84.31313131313131), (342, 84.48484848484848), (343, 84.88888888888889), (344, 85.48484848484848), (345, 85.76767676767676), (346, 86.53535353535354), (347, 87.63636363636364), (348, 88.1010101010101), (349, 88.5959595959596), (350, 88.65656565656566), (351, 88.63636363636364), (352, 88.63636363636364), (353, 88.6969696969697), (354, 88.61616161616162), (355, 89.28282828282828), (356, 89.45454545454545), (357, 90.44444444444444), (358, 90.26262626262626), (359, 91.02020202020202), (360, 91.02020202020202), (361, 91.56565656565657), (362, 91.96969696969697), (363, 93.27272727272727), (364, 93.58585858585859), (365, 95.03030303030303), (366, 95.54545454545455), (367, 95.67676767676768), (368, 95.97979797979798), (369, 96.51515151515152), (370, 96.8989898989899), (371, 98.37373737373737), (372, 98.68686868686869), (373, 99.13131313131314), (374, 99.27272727272727), (375, 100.21212121212122), (376, 99.94949494949495), (377, 100.42424242424242), (378, 100.38383838383838), (379, 101.52525252525253), (380, 101.85858585858585), (381, 102.0), (382, 102.84848484848484), (383, 103.61616161616162), (384, 103.94949494949495), (385, 104.14141414141415), (386, 105.12121212121212), (387, 105.95959595959596), (388, 107.45454545454545), (389, 107.81818181818181), (390, 109.1919191919192), (391, 108.94949494949495), (392, 109.22222222222223), (393, 109.77777777777777), (394, 109.67676767676768), (395, 110.25252525252525), (396, 110.62626262626263), (397, 111.71717171717172), (398, 112.54545454545455), (399, 112.83838383838383), (400, 112.13131313131314), (401, 113.34343434343434), (402, 113.93939393939394), (403, 114.74747474747475), (404, 115.46464646464646), (405, 114.72727272727273), (406, 115.85858585858585), (407, 117.4040404040404), (408, 118.58585858585859), (409, 119.6969696969697), (410, 120.3030303030303), (411, 121.66666666666667), (412, 122.38383838383838), (413, 122.76767676767676), (414, 122.45454545454545), (415, 123.51515151515152), (416, 123.74747474747475), (417, 124.71717171717172), (418, 125.32323232323232), (419, 125.6969696969697), (420, 126.67676767676768), (421, 126.71717171717172), (422, 127.74747474747475), (423, 129.08080808080808), (424, 129.59595959595958), (425, 129.73737373737373), (426, 129.77777777777777), (427, 130.36363636363637), (428, 130.36363636363637), (429, 131.03030303030303), (430, 131.3838383838384), (431, 131.59595959595958), (432, 132.68686868686868), (433, 132.7171717171717), (434, 133.85858585858585), (435, 135.0), (436, 134.92929292929293), (437, 134.06060606060606), (438, 134.24242424242425), (439, 134.8080808080808), (440, 135.92929292929293), (441, 137.2828282828283), (442, 138.3939393939394), (443, 138.93939393939394), (444, 139.78787878787878), (445, 139.6060606060606), (446, 140.15151515151516), (447, 140.44444444444446), (448, 141.3838383838384), (449, 141.8080808080808), (450, 142.78787878787878), (451, 143.55555555555554), (452, 144.54545454545453), (453, 145.36363636363637), (454, 146.02020202020202), (455, 146.66666666666666), (456, 146.84848484848484), (457, 147.86868686868686), (458, 148.54545454545453), (459, 149.87878787878788), (460, 150.62626262626262), (461, 151.2929292929293), (462, 151.2929292929293), (463, 152.13131313131314), (464, 152.13131313131314), (465, 152.7171717171717), (466, 153.2020202020202), (467, 154.15151515151516), (468, 154.15151515151516), (469, 154.9090909090909), (470, 154.34343434343435), (471, 155.04040404040404), (472, 155.77777777777777), (473, 156.85858585858585), (474, 156.85858585858585), (475, 157.97979797979798), (476, 158.36363636363637), (477, 159.23232323232324), (478, 159.21212121212122), (479, 160.23232323232324), (480, 160.64646464646464), (481, 161.010101010101), (482, 161.26262626262627), (483, 162.37373737373738), (484, 162.82828282828282), (485, 162.82828282828282), (486, 163.3939393939394), (487, 162.72727272727272), (488, 163.41414141414143), (489, 163.41414141414143), (490, 163.40404040404042), (491, 163.75757575757575), (492, 164.6060606060606), (493, 165.76767676767676), (494, 166.32323232323233), (495, 166.7171717171717), (496, 167.31313131313132), (497, 167.63636363636363), (498, 167.93939393939394), (499, 168.84848484848484), (500, 168.84848484848484), (501, 169.010101010101), (502, 168.63636363636363), (503, 169.5252525252525), (504, 170.6161616161616), (505, 170.6161616161616), (506, 170.6161616161616), (507, 170.2020202020202), (508, 170.46464646464648), (509, 170.6161616161616), (510, 170.12121212121212), (511, 170.23232323232324), (512, 170.53535353535352), (513, 171.78787878787878), (514, 171.53535353535352), (515, 172.5252525252525), (516, 172.16161616161617), (517, 171.78787878787878), (518, 172.74747474747474), (519, 172.95959595959596), (520, 172.96969696969697), (521, 172.83838383838383), (522, 172.3030303030303), (523, 172.73737373737373), (524, 173.7171717171717), (525, 174.91919191919192), (526, 175.56565656565655), (527, 176.45454545454547), (528, 176.88888888888889), (529, 177.83838383838383), (530, 178.4848484848485), (531, 177.95959595959596), (532, 177.75757575757575), (533, 177.75757575757575), (534, 177.63636363636363), (535, 178.46464646464648), (536, 179.15151515151516), (537, 179.32323232323233), (538, 179.75757575757575), (539, 180.16161616161617), (540, 179.989898989899), (541, 179.25252525252526), (542, 179.5252525252525), (543, 179.5252525252525), (544, 180.44444444444446), (545, 180.44444444444446), (546, 180.8989898989899), (547, 180.8989898989899), (548, 180.65656565656565), (549, 180.53535353535352), (550, 180.4949494949495), (551, 180.22222222222223), (552, 180.41414141414143), (553, 180.41414141414143), (554, 180.04040404040404), (555, 180.04040404040404), (556, 179.62626262626262), (557, 179.62626262626262), (558, 179.62626262626262), (559, 179.62626262626262), (560, 178.41414141414143), (561, 178.41414141414143), (562, 178.7979797979798), (563, 178.7979797979798), (564, 178.7979797979798), (565, 178.989898989899), (566, 178.1919191919192), (567, 178.1919191919192), (568, 178.2828282828283), (569, 178.84848484848484), (570, 179.04040404040404), (571, 179.04040404040404), (572, 178.2929292929293), (573, 178.14141414141415), (574, 178.14141414141415), (575, 178.41414141414143), (576, 178.05050505050505), (577, 178.11111111111111), (578, 178.11111111111111), (579, 178.76767676767676), (580, 178.76767676767676), (581, 178.59595959595958), (582, 178.46464646464648), (583, 178.46464646464648), (584, 178.46464646464648), (585, 178.46464646464648), (586, 179.27272727272728), (587, 179.27272727272728), (588, 178.55555555555554), (589, 179.3939393939394), (590, 179.53535353535352), (591, 179.53535353535352), (592, 179.53535353535352), (593, 179.87878787878788), (594, 180.1818181818182), (595, 180.1818181818182), (596, 179.87878787878788), (597, 180.42424242424244), (598, 180.12121212121212), (599, 180.12121212121212), (600, 180.4747474747475), (601, 180.84848484848484), (602, 180.84848484848484), (603, 180.44444444444446), (604, 180.44444444444446), (605, 180.44444444444446), (606, 181.03030303030303), (607, 181.03030303030303), (608, 181.6060606060606), (609, 181.9090909090909), (610, 181.9090909090909), (611, 181.68686868686868), (612, 181.68686868686868), (613, 181.93939393939394), (614, 181.26262626262627), (615, 181.62626262626262), (616, 182.0), (617, 181.88888888888889), (618, 181.06060606060606), (619, 181.65656565656565), (620, 181.9090909090909), (621, 182.44444444444446), (622, 182.27272727272728), (623, 181.9090909090909), (624, 181.56565656565655), (625, 181.24242424242425), (626, 181.31313131313132), (627, 181.33333333333334), (628, 181.33333333333334), (629, 180.63636363636363), (630, 181.16161616161617), (631, 181.22222222222223), (632, 180.9090909090909), (633, 181.03030303030303), (634, 181.03030303030303), (635, 181.0909090909091), (636, 181.72727272727272), (637, 181.72727272727272), (638, 181.72727272727272), (639, 181.5151515151515), (640, 182.25252525252526), (641, 182.2828282828283), (642, 181.96969696969697), (643, 181.56565656565655), (644, 180.54545454545453), (645, 180.43434343434345), (646, 180.43434343434345), (647, 181.41414141414143), (648, 181.64646464646464), (649, 182.1010101010101), (650, 181.94949494949495), (651, 181.94949494949495), (652, 181.8080808080808), (653, 182.3838383838384), (654, 182.3838383838384), (655, 182.7070707070707), (656, 182.3030303030303), (657, 181.6060606060606), (658, 181.5151515151515), (659, 182.24242424242425), (660, 181.93939393939394), (661, 181.93939393939394), (662, 181.8080808080808), (663, 181.8080808080808), (664, 182.21212121212122), (665, 182.43434343434345), (666, 182.11111111111111), (667, 181.55555555555554), (668, 181.55555555555554), (669, 181.62626262626262), (670, 181.62626262626262), (671, 181.88888888888889), (672, 182.41414141414143), (673, 181.5252525252525), (674, 181.3030303030303), (675, 181.04040404040404), (676, 180.6969696969697), (677, 180.6969696969697), (678, 180.6969696969697), (679, 180.6161616161616), (680, 179.87878787878788), (681, 180.1010101010101), (682, 179.3939393939394), (683, 178.74747474747474), (684, 178.40404040404042), (685, 178.35353535353536), (686, 177.97979797979798), (687, 178.6969696969697), (688, 178.27272727272728), (689, 178.010101010101), (690, 178.010101010101), (691, 177.76767676767676), (692, 177.6969696969697), (693, 177.3030303030303), (694, 177.3030303030303), (695, 177.6060606060606), (696, 177.7979797979798), (697, 177.6969696969697), (698, 176.88888888888889), (699, 177.02020202020202), (700, 177.02020202020202), (701, 177.02020202020202), (702, 177.42424242424244), (703, 177.42424242424244), (704, 176.96969696969697), (705, 176.96969696969697), (706, 176.3838383838384), (707, 176.3838383838384), (708, 176.57575757575756), (709, 176.57575757575756), (710, 176.7979797979798), (711, 176.7979797979798), (712, 176.7979797979798), (713, 177.4747474747475), (714, 177.4747474747475), (715, 177.14141414141415), (716, 177.25252525252526), (717, 178.08080808080808), (718, 178.14141414141415), (719, 178.14141414141415), (720, 178.14141414141415), (721, 178.78787878787878), (722, 179.3939393939394), (723, 179.73737373737373), (724, 180.03030303030303), (725, 180.03030303030303), (726, 180.03030303030303), (727, 180.03030303030303), (728, 180.72727272727272), (729, 180.72727272727272), (730, 181.53535353535352), (731, 181.84848484848484), (732, 181.32323232323233), (733, 181.32323232323233), (734, 181.55555555555554), (735, 181.55555555555554), (736, 181.55555555555554), (737, 181.55555555555554), (738, 181.94949494949495), (739, 181.94949494949495), (740, 182.05050505050505), (741, 182.36363636363637), (742, 182.76767676767676), (743, 183.78787878787878), (744, 184.31313131313132), (745, 184.31313131313132), (746, 184.42424242424244), (747, 184.5252525252525), (748, 184.5252525252525), (749, 184.94949494949495), (750, 184.94949494949495), (751, 185.0909090909091), (752, 185.0909090909091), (753, 185.0909090909091), (754, 185.1818181818182), (755, 185.58585858585857), (756, 185.93939393939394), (757, 186.03030303030303), (758, 186.5151515151515), (759, 186.8181818181818), (760, 186.8181818181818), (761, 186.84848484848484), (762, 186.84848484848484), (763, 186.84848484848484), (764, 187.42424242424244), (765, 187.74747474747474), (766, 188.2929292929293), (767, 188.2929292929293), (768, 188.2929292929293), (769, 188.2929292929293), (770, 188.73737373737373), (771, 188.02020202020202), (772, 188.23232323232324), (773, 188.45454545454547), (774, 189.22222222222223), (775, 189.5252525252525), (776, 189.5252525252525), (777, 189.5252525252525), (778, 189.54545454545453), (779, 190.45454545454547), (780, 189.7070707070707), (781, 189.91919191919192), (782, 189.65656565656565), (783, 190.0), (784, 190.05050505050505), (785, 190.25252525252526), (786, 190.15151515151516), (787, 189.96969696969697), (788, 189.97979797979798), (789, 189.34343434343435), (790, 189.58585858585857), (791, 189.45454545454547), (792, 189.84848484848484), (793, 189.72727272727272), (794, 189.17171717171718), (795, 189.15151515151516), (796, 189.84848484848484), (797, 190.65656565656565), (798, 190.0), (799, 189.5151515151515), (800, 189.34343434343435), (801, 188.74747474747474), (802, 188.74747474747474), (803, 188.74747474747474), (804, 188.74747474747474), (805, 189.33333333333334), (806, 189.33333333333334), (807, 188.53535353535352), (808, 188.11111111111111), (809, 188.1010101010101), (810, 188.1010101010101), (811, 187.93939393939394), (812, 187.93939393939394), (813, 187.76767676767676), (814, 187.37373737373738), (815, 187.07070707070707), (816, 187.07070707070707), (817, 187.13131313131314), (818, 187.13131313131314), (819, 187.13131313131314), (820, 187.13131313131314), (821, 186.9090909090909), (822, 186.2020202020202), (823, 185.96969696969697), (824, 185.40404040404042), (825, 185.40404040404042), (826, 185.08080808080808), (827, 185.010101010101), (828, 185.010101010101), (829, 184.62626262626262), (830, 184.31313131313132), (831, 184.83838383838383), (832, 184.73737373737373), (833, 184.73737373737373), (834, 184.68686868686868), (835, 184.56565656565655), (836, 184.5151515151515), (837, 184.5151515151515), (838, 184.5151515151515), (839, 184.5151515151515), (840, 184.5151515151515), (841, 184.36363636363637), (842, 183.95959595959596), (843, 183.95959595959596), (844, 183.95959595959596), (845, 183.95959595959596), (846, 183.3939393939394), (847, 183.3939393939394), (848, 183.3939393939394), (849, 182.87878787878788), (850, 182.75757575757575), (851, 182.75757575757575), (852, 182.75757575757575), (853, 182.72727272727272), (854, 182.57575757575756), (855, 182.91919191919192), (856, 182.37373737373738), (857, 182.37373737373738), (858, 182.03030303030303), (859, 181.96969696969697), (860, 182.07070707070707), (861, 182.07070707070707), (862, 182.07070707070707), (863, 181.63636363636363), (864, 181.1919191919192), (865, 180.86868686868686), (866, 180.59595959595958), (867, 179.989898989899), (868, 179.989898989899), (869, 180.03030303030303), (870, 180.74747474747474), (871, 181.17171717171718), (872, 181.17171717171718), (873, 181.2828282828283), (874, 180.95959595959596), (875, 180.95959595959596), (876, 180.7070707070707), (877, 180.76767676767676), (878, 180.35353535353536), (879, 181.1010101010101), (880, 181.59595959595958), (881, 182.5050505050505), (882, 182.2828282828283), (883, 181.72727272727272), (884, 181.8989898989899), (885, 182.0), (886, 182.6060606060606), (887, 182.6060606060606), (888, 183.24242424242425), (889, 183.24242424242425), (890, 183.44444444444446), (891, 183.44444444444446), (892, 182.9090909090909), (893, 182.8080808080808), (894, 182.1818181818182), (895, 182.1818181818182), (896, 182.1818181818182), (897, 182.83838383838383), (898, 183.32323232323233), (899, 183.1010101010101), (900, 183.6969696969697), (901, 183.6969696969697), (902, 183.8181818181818), (903, 183.6969696969697), (904, 182.95959595959596), (905, 182.95959595959596), (906, 183.26262626262627), (907, 183.67676767676767), (908, 183.65656565656565), (909, 182.45454545454547), (910, 181.7070707070707), (911, 181.67676767676767), (912, 181.84848484848484), (913, 182.03030303030303), (914, 181.65656565656565), (915, 181.2828282828283), (916, 181.2828282828283), (917, 180.5151515151515), (918, 180.4949494949495), (919, 180.45454545454547), (920, 180.58585858585857), (921, 181.2929292929293), (922, 181.3030303030303), (923, 181.21212121212122), (924, 181.21212121212122), (925, 180.95959595959596), (926, 180.73737373737373), (927, 179.97979797979798), (928, 180.04040404040404), (929, 179.86868686868686), (930, 179.86868686868686), (931, 179.5252525252525), (932, 179.31313131313132), (933, 179.31313131313132), (934, 178.88888888888889), (935, 178.41414141414143), (936, 178.24242424242425), (937, 177.6161616161616), (938, 177.26262626262627), (939, 176.73737373737373), (940, 176.74747474747474), (941, 176.91919191919192), (942, 176.55555555555554), (943, 176.55555555555554), (944, 176.55555555555554), (945, 177.02020202020202), (946, 176.5252525252525), (947, 176.3838383838384), (948, 176.8989898989899), (949, 176.59595959595958), (950, 176.59595959595958), (951, 176.33333333333334), (952, 176.36363636363637), (953, 176.5151515151515), (954, 176.02020202020202), (955, 176.56565656565655), (956, 176.36363636363637), (957, 176.11111111111111), (958, 175.68686868686868), (959, 175.25252525252526), (960, 175.25252525252526), (961, 175.25252525252526), (962, 175.33333333333334), (963, 175.41414141414143), (964, 175.40404040404042), (965, 175.67676767676767), (966, 175.84848484848484), (967, 175.04040404040404), (968, 174.62626262626262), (969, 174.15151515151516), (970, 174.40404040404042), (971, 174.40404040404042), (972, 174.05050505050505), (973, 174.32323232323233), (974, 173.73737373737373), (975, 173.5151515151515), (976, 172.989898989899), (977, 173.24242424242425), (978, 173.24242424242425), (979, 173.24242424242425), (980, 173.23232323232324), (981, 173.45454545454547), (982, 173.8080808080808), (983, 173.8080808080808), (984, 173.8080808080808), (985, 173.8080808080808), (986, 173.83838383838383), (987, 173.46464646464648), (988, 173.07070707070707), (989, 173.07070707070707), (990, 172.9090909090909), (991, 173.04040404040404), (992, 173.14141414141415), (993, 173.27272727272728), (994, 172.36363636363637), (995, 171.24242424242425), (996, 171.07070707070707), (997, 170.76767676767676), (998, 169.97979797979798), (999, 169.010101010101), (1000, 168.42424242424244), (1001, 168.63636363636363), (1002, 168.02020202020202), (1003, 168.57575757575756), (1004, 167.66666666666666), (1005, 168.16161616161617), (1006, 167.3939393939394), (1007, 166.83838383838383), (1008, 167.2020202020202), (1009, 167.16161616161617), (1010, 166.46464646464648), (1011, 166.06060606060606), (1012, 166.08080808080808), (1013, 165.54545454545453), (1014, 165.5252525252525), (1015, 164.4848484848485), (1016, 164.4848484848485), (1017, 163.8989898989899), (1018, 163.3030303030303), (1019, 163.3939393939394), (1020, 163.13131313131314), (1021, 162.93939393939394), (1022, 163.27272727272728), (1023, 162.8080808080808), (1024, 163.07070707070707), (1025, 162.65656565656565), (1026, 162.7979797979798), (1027, 162.16161616161617), (1028, 161.74747474747474), (1029, 161.2020202020202), (1030, 161.12121212121212), (1031, 160.53535353535352), (1032, 160.33333333333334), (1033, 160.87878787878788), (1034, 160.3939393939394), (1035, 160.34343434343435), (1036, 160.1818181818182), (1037, 159.7070707070707), (1038, 159.65656565656565), (1039, 159.46464646464648), (1040, 158.9090909090909), (1041, 159.11111111111111), (1042, 158.7171717171717), (1043, 157.93939393939394), (1044, 157.72727272727272), (1045, 157.6161616161616), (1046, 157.75757575757575), (1047, 157.75757575757575), (1048, 157.31313131313132), (1049, 157.31313131313132), (1050, 157.07070707070707), (1051, 157.07070707070707), (1052, 157.07070707070707), (1053, 157.3030303030303), (1054, 156.96969696969697), (1055, 157.03030303030303), (1056, 157.62626262626262), (1057, 157.7979797979798), (1058, 157.6060606060606), (1059, 157.6060606060606), (1060, 157.22222222222223), (1061, 157.32323232323233), (1062, 157.68686868686868), (1063, 157.4949494949495), (1064, 156.6969696969697), (1065, 157.06060606060606), (1066, 157.86868686868686), (1067, 158.23232323232324), (1068, 158.7070707070707), (1069, 158.41414141414143), (1070, 158.41414141414143), (1071, 158.55555555555554), (1072, 158.8080808080808), (1073, 158.4747474747475), (1074, 158.8080808080808), (1075, 159.33333333333334), (1076, 159.4949494949495), (1077, 159.2020202020202), (1078, 159.2020202020202), (1079, 159.0909090909091), (1080, 159.0909090909091), (1081, 159.03030303030303), (1082, 158.7171717171717), (1083, 158.7171717171717), (1084, 158.7171717171717), (1085, 159.21212121212122), (1086, 159.58585858585857), (1087, 159.97979797979798), (1088, 159.26262626262627), (1089, 159.42424242424244), (1090, 159.94949494949495), (1091, 160.5050505050505), (1092, 161.02020202020202), (1093, 161.83838383838383), (1094, 162.5151515151515), (1095, 162.68686868686868), (1096, 162.85858585858585), (1097, 164.04040404040404), (1098, 165.010101010101), (1099, 165.34343434343435), (1100, 165.46464646464648), (1101, 166.2020202020202), (1102, 166.3838383838384), (1103, 166.46464646464648), (1104, 166.3030303030303), (1105, 167.08080808080808), (1106, 167.44444444444446), (1107, 168.2828282828283), (1108, 169.23232323232324), (1109, 169.95959595959596), (1110, 170.36363636363637), (1111, 170.88888888888889), (1112, 172.1010101010101), (1113, 172.4949494949495), (1114, 173.5151515151515), (1115, 174.2828282828283), (1116, 174.88888888888889), (1117, 174.97979797979798), (1118, 174.97979797979798), (1119, 175.24242424242425), (1120, 175.68686868686868), (1121, 176.010101010101), (1122, 176.4747474747475), (1123, 176.44444444444446), (1124, 176.6060606060606), (1125, 177.22222222222223), (1126, 178.1818181818182), (1127, 179.08080808080808), (1128, 179.17171717171718), (1129, 179.6969696969697), (1130, 180.44444444444446), (1131, 180.6969696969697), (1132, 180.6969696969697), (1133, 181.7070707070707), (1134, 181.92929292929293), (1135, 182.06060606060606), (1136, 182.88888888888889), (1137, 183.46464646464648), (1138, 183.7979797979798), (1139, 184.58585858585857), (1140, 184.74747474747474), (1141, 184.55555555555554), (1142, 185.3030303030303), (1143, 185.41414141414143), (1144, 185.46464646464648), (1145, 185.23232323232324), (1146, 184.95959595959596), (1147, 185.25252525252526), (1148, 185.07070707070707), (1149, 185.35353535353536), (1150, 185.35353535353536), (1151, 185.21212121212122), (1152, 185.12121212121212), (1153, 185.010101010101), (1154, 185.1010101010101), (1155, 185.02020202020202), (1156, 185.33333333333334), (1157, 185.72727272727272), (1158, 185.05050505050505), (1159, 185.1010101010101), (1160, 185.35353535353536), (1161, 184.87878787878788), (1162, 185.1818181818182), (1163, 185.97979797979798), (1164, 185.24242424242425), (1165, 184.66666666666666), (1166, 184.06060606060606), (1167, 183.8080808080808), (1168, 184.1010101010101), (1169, 183.93939393939394), (1170, 184.15151515151516), (1171, 184.15151515151516), (1172, 185.07070707070707), (1173, 185.21212121212122), (1174, 184.66666666666666), (1175, 184.66666666666666), (1176, 184.95959595959596), (1177, 184.6161616161616), (1178, 184.67676767676767), (1179, 184.67676767676767), (1180, 184.93939393939394), (1181, 185.05050505050505), (1182, 185.05050505050505), (1183, 185.05050505050505), (1184, 184.94949494949495), (1185, 184.94949494949495), (1186, 184.94949494949495), (1187, 185.36363636363637), (1188, 185.36363636363637), (1189, 185.04040404040404), (1190, 184.24242424242425), (1191, 184.24242424242425), (1192, 183.93939393939394), (1193, 183.56565656565655), (1194, 182.86868686868686), (1195, 183.0), (1196, 182.94949494949495), (1197, 182.94949494949495), (1198, 182.56565656565655), (1199, 181.87878787878788), (1200, 181.66666666666666), (1201, 180.94949494949495), (1202, 181.77777777777777), (1203, 181.7171717171717), (1204, 181.67676767676767), (1205, 181.65656565656565), (1206, 181.65656565656565), (1207, 181.65656565656565), (1208, 181.3838383838384), (1209, 181.34343434343435), (1210, 181.34343434343435), (1211, 181.34343434343435), (1212, 181.34343434343435), (1213, 180.34343434343435), (1214, 179.93939393939394), (1215, 179.55555555555554), (1216, 179.64646464646464), (1217, 179.05050505050505), (1218, 179.05050505050505), (1219, 179.05050505050505), (1220, 178.57575757575756), (1221, 178.11111111111111), (1222, 177.43434343434345), (1223, 177.26262626262627), (1224, 177.26262626262627), (1225, 176.45454545454547), (1226, 176.45454545454547), (1227, 176.9090909090909), (1228, 176.86868686868686), (1229, 176.17171717171718), (1230, 176.17171717171718), (1231, 176.07070707070707), (1232, 176.07070707070707), (1233, 176.07070707070707), (1234, 176.72727272727272), (1235, 176.72727272727272), (1236, 176.40404040404042), (1237, 176.40404040404042), (1238, 176.40404040404042), (1239, 175.989898989899), (1240, 176.57575757575756), (1241, 176.6060606060606), (1242, 176.8080808080808), (1243, 177.24242424242425), (1244, 177.4747474747475), (1245, 177.55555555555554), (1246, 178.13131313131314), (1247, 178.31313131313132), (1248, 178.53535353535352), (1249, 178.43434343434345), (1250, 178.3030303030303), (1251, 178.53535353535352), (1252, 178.83838383838383), (1253, 178.37373737373738), (1254, 178.45454545454547), (1255, 178.45454545454547), (1256, 178.68686868686868), (1257, 179.36363636363637), (1258, 179.13131313131314), (1259, 178.7171717171717), (1260, 179.1919191919192), (1261, 179.24242424242425), (1262, 179.24242424242425), (1263, 179.77777777777777), (1264, 180.17171717171718), (1265, 180.82828282828282), (1266, 180.93939393939394), (1267, 180.93939393939394), (1268, 180.87878787878788), (1269, 180.64646464646464), (1270, 180.26262626262627), (1271, 180.26262626262627), (1272, 180.26262626262627), (1273, 180.8080808080808), (1274, 180.8080808080808), (1275, 180.3939393939394), (1276, 180.63636363636363), (1277, 180.6969696969697), (1278, 180.6969696969697), (1279, 180.62626262626262), (1280, 180.58585858585857), (1281, 180.58585858585857), (1282, 180.58585858585857), (1283, 180.68686868686868), (1284, 180.42424242424244), (1285, 180.42424242424244), (1286, 180.6060606060606), (1287, 180.6060606060606), (1288, 180.92929292929293), (1289, 181.33333333333334), (1290, 181.33333333333334), (1291, 181.72727272727272), (1292, 182.5050505050505), (1293, 183.2020202020202), (1294, 183.2020202020202), (1295, 183.25252525252526), (1296, 183.25252525252526), (1297, 183.88888888888889), (1298, 184.57575757575756), (1299, 184.78787878787878), (1300, 185.25252525252526), (1301, 185.25252525252526), (1302, 185.4747474747475), (1303, 185.5151515151515), (1304, 185.75757575757575), (1305, 185.75757575757575), (1306, 185.75757575757575), (1307, 185.72727272727272), (1308, 185.76767676767676), (1309, 185.76767676767676), (1310, 185.76767676767676), (1311, 185.76767676767676), (1312, 186.78787878787878), (1313, 187.1919191919192), (1314, 187.57575757575756), (1315, 188.03030303030303), (1316, 188.62626262626262), (1317, 188.62626262626262), (1318, 188.62626262626262), (1319, 189.1010101010101), (1320, 189.56565656565655), (1321, 190.58585858585857), (1322, 191.3030303030303), (1323, 191.3030303030303), (1324, 192.11111111111111), (1325, 191.77777777777777), (1326, 191.77777777777777), (1327, 191.8181818181818), (1328, 192.56565656565655), (1329, 192.56565656565655), (1330, 192.17171717171718), (1331, 192.17171717171718), (1332, 191.73737373737373), (1333, 191.73737373737373), (1334, 191.73737373737373), (1335, 192.06060606060606), (1336, 192.06060606060606), (1337, 192.06060606060606), (1338, 192.45454545454547), (1339, 192.45454545454547), (1340, 192.45454545454547), (1341, 192.45454545454547), (1342, 192.03030303030303), (1343, 192.03030303030303), (1344, 192.22222222222223), (1345, 192.22222222222223), (1346, 192.22222222222223), (1347, 192.22222222222223), (1348, 192.32323232323233), (1349, 192.59595959595958), (1350, 192.7171717171717), (1351, 192.85858585858585), (1352, 193.37373737373738), (1353, 193.37373737373738), (1354, 193.37373737373738), (1355, 193.37373737373738), (1356, 193.37373737373738), (1357, 193.93939393939394), (1358, 194.35353535353536), (1359, 194.35353535353536), (1360, 194.53535353535352), (1361, 194.53535353535352), (1362, 194.8080808080808), (1363, 194.989898989899), (1364, 194.989898989899), (1365, 195.13131313131314)]
