Iteration 0 avg reward 17.000000
Iteration 100 avg reward 21.414141
Iteration 200 avg reward 45.464646
Iteration 300 avg reward 59.898990
Iteration 400 avg reward 85.454545
Iteration 500 avg reward 138.323232
Iteration 600 avg reward 155.848485
Iteration 700 avg reward 173.010101
Iteration 800 avg reward 185.444444
Iteration 900 avg reward 189.959596
Iteration 1000 avg reward 185.515152
Iteration 1100 avg reward 194.474747
[(0, 17.0), (1, 17.5), (2, 20.0), (3, 18.0), (4, 18.0), (5, 18.0), (6, 17.428571428571427), (7, 17.25), (8, 17.88888888888889), (9, 17.1), (10, 19.454545454545453), (11, 20.333333333333332), (12, 19.53846153846154), (13, 20.0), (14, 19.733333333333334), (15, 19.5625), (16, 19.176470588235293), (17, 18.88888888888889), (18, 18.68421052631579), (19, 18.65), (20, 18.61904761904762), (21, 19.136363636363637), (22, 19.0), (23, 19.0), (24, 18.8), (25, 18.692307692307693), (26, 18.40740740740741), (27, 18.75), (28, 19.06896551724138), (29, 19.3), (30, 19.06451612903226), (31, 18.96875), (32, 18.666666666666668), (33, 18.823529411764707), (34, 18.942857142857143), (35, 18.86111111111111), (36, 18.783783783783782), (37, 19.394736842105264), (38, 19.205128205128204), (39, 19.1), (40, 18.926829268292682), (41, 18.761904761904763), (42, 18.930232558139537), (43, 19.068181818181817), (44, 19.333333333333332), (45, 19.76086956521739), (46, 19.95744680851064), (47, 19.854166666666668), (48, 19.755102040816325), (49, 19.56), (50, 19.372549019607842), (51, 19.826923076923077), (52, 20.09433962264151), (53, 20.37037037037037), (54, 20.363636363636363), (55, 20.464285714285715), (56, 20.333333333333332), (57, 20.189655172413794), (58, 20.11864406779661), (59, 20.0), (60, 19.918032786885245), (61, 19.919354838709676), (62, 19.857142857142858), (63, 19.71875), (64, 19.70769230769231), (65, 19.90909090909091), (66, 19.925373134328357), (67, 20.073529411764707), (68, 19.971014492753625), (69, 19.87142857142857), (70, 19.774647887323944), (71, 19.916666666666668), (72, 19.863013698630137), (73, 19.824324324324323), (74, 19.76), (75, 19.789473684210527), (76, 19.727272727272727), (77, 19.692307692307693), (78, 19.772151898734176), (79, 19.7625), (80, 19.691358024691358), (81, 19.585365853658537), (82, 19.57831325301205), (83, 19.785714285714285), (84, 19.764705882352942), (85, 20.302325581395348), (86, 20.379310344827587), (87, 20.522727272727273), (88, 20.662921348314608), (89, 20.61111111111111), (90, 20.571428571428573), (91, 20.641304347826086), (92, 20.64516129032258), (93, 20.79787234042553), (94, 20.86315789473684), (95, 20.947916666666668), (96, 21.030927835051546), (97, 21.0), (98, 21.04040404040404), (99, 21.272727272727273), (100, 21.414141414141415), (101, 21.31313131313131), (102, 21.282828282828284), (103, 21.434343434343436), (104, 21.383838383838384), (105, 21.646464646464647), (106, 21.626262626262626), (107, 21.606060606060606), (108, 21.616161616161616), (109, 21.292929292929294), (110, 21.22222222222222), (111, 21.262626262626263), (112, 21.2020202020202), (113, 21.151515151515152), (114, 21.383838383838384), (115, 21.373737373737374), (116, 21.535353535353536), (117, 21.656565656565657), (118, 21.78787878787879), (119, 21.757575757575758), (120, 21.77777777777778), (121, 22.141414141414142), (122, 22.505050505050505), (123, 22.575757575757574), (124, 22.757575757575758), (125, 23.01010101010101), (126, 23.272727272727273), (127, 23.626262626262626), (128, 23.757575757575758), (129, 24.80808080808081), (130, 24.80808080808081), (131, 25.01010101010101), (132, 25.13131313131313), (133, 25.141414141414142), (134, 25.858585858585858), (135, 25.88888888888889), (136, 25.95959595959596), (137, 26.04040404040404), (138, 26.141414141414142), (139, 26.303030303030305), (140, 26.80808080808081), (141, 27.02020202020202), (142, 27.0), (143, 27.1010101010101), (144, 27.161616161616163), (145, 28.03030303030303), (146, 28.262626262626263), (147, 29.414141414141415), (148, 29.91919191919192), (149, 29.757575757575758), (150, 30.08080808080808), (151, 30.1010101010101), (152, 30.19191919191919), (153, 30.525252525252526), (154, 30.858585858585858), (155, 30.97979797979798), (156, 31.595959595959595), (157, 31.7979797979798), (158, 32.111111111111114), (159, 32.64646464646464), (160, 33.0), (161, 33.121212121212125), (162, 33.656565656565654), (163, 33.94949494949495), (164, 34.76767676767677), (165, 34.656565656565654), (166, 35.22222222222222), (167, 35.323232323232325), (168, 35.19191919191919), (169, 35.03030303030303), (170, 35.38383838383838), (171, 36.35353535353536), (172, 36.85858585858586), (173, 37.333333333333336), (174, 37.4040404040404), (175, 37.57575757575758), (176, 37.72727272727273), (177, 38.05050505050505), (178, 38.333333333333336), (179, 38.96969696969697), (180, 38.58585858585859), (181, 38.93939393939394), (182, 39.111111111111114), (183, 39.44444444444444), (184, 39.62626262626262), (185, 39.343434343434346), (186, 39.56565656565657), (187, 39.98989898989899), (188, 40.84848484848485), (189, 41.4040404040404), (190, 43.111111111111114), (191, 42.96969696969697), (192, 43.2020202020202), (193, 43.61616161616162), (194, 44.4040404040404), (195, 44.54545454545455), (196, 44.36363636363637), (197, 44.57575757575758), (198, 45.464646464646464), (199, 45.62626262626262), (200, 45.464646464646464), (201, 45.717171717171716), (202, 45.535353535353536), (203, 45.93939393939394), (204, 46.03030303030303), (205, 46.333333333333336), (206, 46.86868686868687), (207, 47.282828282828284), (208, 47.42424242424242), (209, 48.323232323232325), (210, 48.54545454545455), (211, 49.101010101010104), (212, 49.35353535353536), (213, 49.78787878787879), (214, 49.656565656565654), (215, 50.19191919191919), (216, 50.44444444444444), (217, 50.74747474747475), (218, 51.02020202020202), (219, 51.656565656565654), (220, 50.898989898989896), (221, 50.83838383838384), (222, 51.01010101010101), (223, 51.323232323232325), (224, 51.58585858585859), (225, 51.5959595959596), (226, 51.35353535353536), (227, 51.898989898989896), (228, 52.03030303030303), (229, 52.474747474747474), (230, 52.73737373737374), (231, 53.15151515151515), (232, 53.464646464646464), (233, 53.525252525252526), (234, 53.707070707070706), (235, 53.80808080808081), (236, 53.78787878787879), (237, 53.878787878787875), (238, 53.85858585858586), (239, 54.07070707070707), (240, 54.14141414141414), (241, 54.43434343434343), (242, 54.90909090909091), (243, 55.41414141414141), (244, 54.81818181818182), (245, 55.121212121212125), (246, 54.39393939393939), (247, 55.26262626262626), (248, 55.81818181818182), (249, 55.94949494949495), (250, 56.303030303030305), (251, 56.484848484848484), (252, 56.45454545454545), (253, 57.58585858585859), (254, 57.86868686868687), (255, 57.58585858585859), (256, 57.686868686868685), (257, 57.676767676767675), (258, 57.55555555555556), (259, 57.5959595959596), (260, 57.94949494949495), (261, 57.86868686868687), (262, 57.93939393939394), (263, 57.707070707070706), (264, 57.898989898989896), (265, 57.505050505050505), (266, 57.707070707070706), (267, 58.21212121212121), (268, 58.292929292929294), (269, 58.292929292929294), (270, 57.83838383838384), (271, 57.95959595959596), (272, 57.97979797979798), (273, 58.18181818181818), (274, 58.23232323232323), (275, 58.484848484848484), (276, 58.484848484848484), (277, 58.57575757575758), (278, 58.18181818181818), (279, 58.515151515151516), (280, 58.24242424242424), (281, 58.494949494949495), (282, 58.515151515151516), (283, 59.25252525252525), (284, 59.494949494949495), (285, 59.93939393939394), (286, 59.77777777777778), (287, 59.43434343434343), (288, 59.343434343434346), (289, 57.898989898989896), (290, 58.25252525252525), (291, 58.23232323232323), (292, 58.525252525252526), (293, 58.121212121212125), (294, 58.313131313131315), (295, 58.78787878787879), (296, 58.878787878787875), (297, 58.323232323232325), (298, 58.84848484848485), (299, 59.94949494949495), (300, 59.898989898989896), (301, 60.282828282828284), (302, 60.676767676767675), (303, 61.15151515151515), (304, 61.86868686868687), (305, 61.656565656565654), (306, 61.36363636363637), (307, 61.474747474747474), (308, 61.03030303030303), (309, 61.90909090909091), (310, 61.74747474747475), (311, 62.535353535353536), (312, 62.74747474747475), (313, 62.41414141414141), (314, 62.83838383838384), (315, 62.90909090909091), (316, 62.95959595959596), (317, 62.86868686868687), (318, 62.76767676767677), (319, 62.86868686868687), (320, 63.21212121212121), (321, 63.81818181818182), (322, 64.24242424242425), (323, 64.03030303030303), (324, 64.17171717171718), (325, 64.57575757575758), (326, 64.54545454545455), (327, 64.23232323232324), (328, 64.56565656565657), (329, 64.96969696969697), (330, 64.85858585858585), (331, 65.17171717171718), (332, 64.55555555555556), (333, 64.60606060606061), (334, 65.15151515151516), (335, 65.34343434343434), (336, 66.27272727272727), (337, 66.41414141414141), (338, 66.02020202020202), (339, 66.45454545454545), (340, 66.58585858585859), (341, 66.86868686868686), (342, 67.39393939393939), (343, 67.86868686868686), (344, 67.91919191919192), (345, 68.66666666666667), (346, 68.66666666666667), (347, 68.91919191919192), (348, 69.04040404040404), (349, 69.35353535353535), (350, 69.31313131313131), (351, 70.04040404040404), (352, 70.5959595959596), (353, 71.3030303030303), (354, 71.48484848484848), (355, 72.03030303030303), (356, 71.52525252525253), (357, 72.26262626262626), (358, 72.84848484848484), (359, 73.04040404040404), (360, 73.71717171717172), (361, 73.77777777777777), (362, 74.46464646464646), (363, 74.83838383838383), (364, 75.38383838383838), (365, 76.77777777777777), (366, 77.44444444444444), (367, 78.04040404040404), (368, 77.58585858585859), (369, 78.32323232323232), (370, 79.48484848484848), (371, 80.11111111111111), (372, 81.25252525252525), (373, 82.17171717171718), (374, 83.24242424242425), (375, 83.55555555555556), (376, 84.07070707070707), (377, 84.68686868686869), (378, 84.45454545454545), (379, 83.84848484848484), (380, 84.16161616161617), (381, 84.78787878787878), (382, 84.51515151515152), (383, 83.53535353535354), (384, 83.57575757575758), (385, 83.56565656565657), (386, 84.11111111111111), (387, 84.63636363636364), (388, 83.76767676767676), (389, 83.94949494949495), (390, 84.0), (391, 83.57575757575758), (392, 84.58585858585859), (393, 83.76767676767676), (394, 84.13131313131314), (395, 84.39393939393939), (396, 84.58585858585859), (397, 85.6969696969697), (398, 86.29292929292929), (399, 86.35353535353535), (400, 85.45454545454545), (401, 85.9090909090909), (402, 86.04040404040404), (403, 87.4040404040404), (404, 88.54545454545455), (405, 89.74747474747475), (406, 90.3030303030303), (407, 90.98989898989899), (408, 91.4040404040404), (409, 92.15151515151516), (410, 92.68686868686869), (411, 93.87878787878788), (412, 94.33333333333333), (413, 94.82828282828282), (414, 95.68686868686869), (415, 96.39393939393939), (416, 96.21212121212122), (417, 97.61616161616162), (418, 98.85858585858585), (419, 100.46464646464646), (420, 101.07070707070707), (421, 101.72727272727273), (422, 102.5959595959596), (423, 103.29292929292929), (424, 103.42424242424242), (425, 104.47474747474747), (426, 105.12121212121212), (427, 105.94949494949495), (428, 106.63636363636364), (429, 107.1010101010101), (430, 107.77777777777777), (431, 107.96969696969697), (432, 108.76767676767676), (433, 109.24242424242425), (434, 109.35353535353535), (435, 109.63636363636364), (436, 110.5959595959596), (437, 111.48484848484848), (438, 111.37373737373737), (439, 112.16161616161617), (440, 111.79797979797979), (441, 111.77777777777777), (442, 112.55555555555556), (443, 114.13131313131314), (444, 114.43434343434343), (445, 115.48484848484848), (446, 116.56565656565657), (447, 117.25252525252525), (448, 117.75757575757575), (449, 119.42424242424242), (450, 120.15151515151516), (451, 121.24242424242425), (452, 121.77777777777777), (453, 122.4949494949495), (454, 122.72727272727273), (455, 123.38383838383838), (456, 123.52525252525253), (457, 123.8989898989899), (458, 124.29292929292929), (459, 124.35353535353535), (460, 125.41414141414141), (461, 125.76767676767676), (462, 126.42424242424242), (463, 126.25252525252525), (464, 125.26262626262626), (465, 125.35353535353535), (466, 126.45454545454545), (467, 126.82828282828282), (468, 127.31313131313131), (469, 126.81818181818181), (470, 127.01010101010101), (471, 126.5050505050505), (472, 126.06060606060606), (473, 125.84848484848484), (474, 126.8989898989899), (475, 127.3030303030303), (476, 128.06060606060606), (477, 128.72727272727272), (478, 129.6161616161616), (479, 129.41414141414143), (480, 129.68686868686868), (481, 129.26262626262627), (482, 130.11111111111111), (483, 130.57575757575756), (484, 131.64646464646464), (485, 132.4848484848485), (486, 132.74747474747474), (487, 134.05050505050505), (488, 133.83838383838383), (489, 134.97979797979798), (490, 135.0), (491, 135.3838383838384), (492, 136.07070707070707), (493, 135.84848484848484), (494, 136.77777777777777), (495, 137.05050505050505), (496, 136.97979797979798), (497, 136.57575757575756), (498, 137.54545454545453), (499, 138.65656565656565), (500, 138.32323232323233), (501, 139.34343434343435), (502, 138.56565656565655), (503, 138.75757575757575), (504, 138.92929292929293), (505, 139.67676767676767), (506, 138.84848484848484), (507, 138.989898989899), (508, 138.74747474747474), (509, 139.57575757575756), (510, 140.63636363636363), (511, 141.54545454545453), (512, 141.2828282828283), (513, 141.45454545454547), (514, 142.24242424242425), (515, 142.42424242424244), (516, 142.67676767676767), (517, 143.21212121212122), (518, 144.08080808080808), (519, 144.22222222222223), (520, 144.36363636363637), (521, 144.27272727272728), (522, 144.86868686868686), (523, 146.010101010101), (524, 146.22222222222223), (525, 146.76767676767676), (526, 146.84848484848484), (527, 147.12121212121212), (528, 147.44444444444446), (529, 148.4848484848485), (530, 148.82828282828282), (531, 148.46464646464648), (532, 148.67676767676767), (533, 149.26262626262627), (534, 149.45454545454547), (535, 149.55555555555554), (536, 150.27272727272728), (537, 151.16161616161617), (538, 151.27272727272728), (539, 151.9090909090909), (540, 152.27272727272728), (541, 152.7979797979798), (542, 153.13131313131314), (543, 153.27272727272728), (544, 152.64646464646464), (545, 152.96969696969697), (546, 153.7070707070707), (547, 153.64646464646464), (548, 154.13131313131314), (549, 154.78787878787878), (550, 154.1818181818182), (551, 153.74747474747474), (552, 154.1919191919192), (553, 153.7171717171717), (554, 152.76767676767676), (555, 152.78787878787878), (556, 152.91919191919192), (557, 153.21212121212122), (558, 152.83838383838383), (559, 152.53535353535352), (560, 153.08080808080808), (561, 152.9090909090909), (562, 153.2020202020202), (563, 152.23232323232324), (564, 151.96969696969697), (565, 151.2828282828283), (566, 151.8989898989899), (567, 151.8989898989899), (568, 152.34343434343435), (569, 151.72727272727272), (570, 151.27272727272728), (571, 150.91919191919192), (572, 150.74747474747474), (573, 150.74747474747474), (574, 150.96969696969697), (575, 151.59595959595958), (576, 151.87878787878788), (577, 151.74747474747474), (578, 151.4747474747475), (579, 152.65656565656565), (580, 151.91919191919192), (581, 152.54545454545453), (582, 152.8181818181818), (583, 153.2828282828283), (584, 153.31313131313132), (585, 154.14141414141415), (586, 154.63636363636363), (587, 154.73737373737373), (588, 154.31313131313132), (589, 154.74747474747474), (590, 154.74747474747474), (591, 154.68686868686868), (592, 154.72727272727272), (593, 155.05050505050505), (594, 155.07070707070707), (595, 156.03030303030303), (596, 155.92929292929293), (597, 155.95959595959596), (598, 156.23232323232324), (599, 155.45454545454547), (600, 155.84848484848484), (601, 156.43434343434345), (602, 156.68686868686868), (603, 157.86868686868686), (604, 158.2828282828283), (605, 159.13131313131314), (606, 159.73737373737373), (607, 160.84848484848484), (608, 160.84848484848484), (609, 160.84848484848484), (610, 160.4848484848485), (611, 161.32323232323233), (612, 162.010101010101), (613, 161.76767676767676), (614, 162.78787878787878), (615, 163.88888888888889), (616, 164.21212121212122), (617, 164.3939393939394), (618, 165.07070707070707), (619, 165.35353535353536), (620, 165.11111111111111), (621, 165.36363636363637), (622, 165.46464646464648), (623, 166.26262626262627), (624, 166.63636363636363), (625, 166.4848484848485), (626, 166.93939393939394), (627, 167.4848484848485), (628, 167.63636363636363), (629, 167.72727272727272), (630, 168.2828282828283), (631, 168.45454545454547), (632, 168.21212121212122), (633, 168.26262626262627), (634, 168.87878787878788), (635, 168.7070707070707), (636, 168.989898989899), (637, 169.83838383838383), (638, 170.5151515151515), (639, 171.02020202020202), (640, 171.4949494949495), (641, 172.25252525252526), (642, 171.92929292929293), (643, 171.67676767676767), (644, 171.44444444444446), (645, 171.72727272727272), (646, 172.63636363636363), (647, 172.93939393939394), (648, 173.1010101010101), (649, 174.12121212121212), (650, 174.8181818181818), (651, 174.0909090909091), (652, 174.56565656565655), (653, 174.87878787878788), (654, 175.22222222222223), (655, 175.3030303030303), (656, 175.67676767676767), (657, 176.05050505050505), (658, 175.73737373737373), (659, 176.21212121212122), (660, 176.15151515151516), (661, 176.63636363636363), (662, 177.6060606060606), (663, 178.32323232323233), (664, 178.74747474747474), (665, 178.77777777777777), (666, 177.8181818181818), (667, 177.27272727272728), (668, 177.5050505050505), (669, 177.40404040404042), (670, 177.7171717171717), (671, 178.40404040404042), (672, 177.73737373737373), (673, 177.62626262626262), (674, 177.53535353535352), (675, 176.6161616161616), (676, 177.06060606060606), (677, 177.33333333333334), (678, 176.94949494949495), (679, 177.68686868686868), (680, 177.37373737373738), (681, 177.37373737373738), (682, 177.22222222222223), (683, 177.14141414141415), (684, 176.7171717171717), (685, 176.11111111111111), (686, 175.4949494949495), (687, 175.24242424242425), (688, 174.31313131313132), (689, 173.85858585858585), (690, 173.44444444444446), (691, 173.43434343434345), (692, 173.96969696969697), (693, 174.82828282828282), (694, 174.56565656565655), (695, 174.27272727272728), (696, 173.05050505050505), (697, 172.74747474747474), (698, 172.63636363636363), (699, 172.7070707070707), (700, 173.010101010101), (701, 172.35353535353536), (702, 171.63636363636363), (703, 170.63636363636363), (704, 170.1010101010101), (705, 169.21212121212122), (706, 169.2929292929293), (707, 169.5151515151515), (708, 168.7979797979798), (709, 168.7979797979798), (710, 168.77777777777777), (711, 169.65656565656565), (712, 170.05050505050505), (713, 170.5252525252525), (714, 172.06060606060606), (715, 171.96969696969697), (716, 172.3838383838384), (717, 172.46464646464648), (718, 172.73737373737373), (719, 172.1919191919192), (720, 171.78787878787878), (721, 172.87878787878788), (722, 172.87878787878788), (723, 172.87878787878788), (724, 172.87878787878788), (725, 173.22222222222223), (726, 173.67676767676767), (727, 173.68686868686868), (728, 173.06060606060606), (729, 173.24242424242425), (730, 173.53535353535352), (731, 173.32323232323233), (732, 173.32323232323233), (733, 173.64646464646464), (734, 173.65656565656565), (735, 173.65656565656565), (736, 174.32323232323233), (737, 174.32323232323233), (738, 174.2828282828283), (739, 174.2828282828283), (740, 173.95959595959596), (741, 174.43434343434345), (742, 174.43434343434345), (743, 174.15151515151516), (744, 174.15151515151516), (745, 174.68686868686868), (746, 174.68686868686868), (747, 174.8080808080808), (748, 174.07070707070707), (749, 174.07070707070707), (750, 174.07070707070707), (751, 174.08080808080808), (752, 174.08080808080808), (753, 174.05050505050505), (754, 174.37373737373738), (755, 174.7171717171717), (756, 175.27272727272728), (757, 175.27272727272728), (758, 175.42424242424244), (759, 175.85858585858585), (760, 175.85858585858585), (761, 176.37373737373738), (762, 176.37373737373738), (763, 177.3838383838384), (764, 178.45454545454547), (765, 178.45454545454547), (766, 178.45454545454547), (767, 179.31313131313132), (768, 178.56565656565655), (769, 178.56565656565655), (770, 179.7171717171717), (771, 179.7171717171717), (772, 179.72727272727272), (773, 179.72727272727272), (774, 179.72727272727272), (775, 180.06060606060606), (776, 181.27272727272728), (777, 180.68686868686868), (778, 180.35353535353536), (779, 180.35353535353536), (780, 180.23232323232324), (781, 180.23232323232324), (782, 181.44444444444446), (783, 181.7979797979798), (784, 182.75757575757575), (785, 182.75757575757575), (786, 183.40404040404042), (787, 183.06060606060606), (788, 183.96969696969697), (789, 185.05050505050505), (790, 185.4848484848485), (791, 186.31313131313132), (792, 185.32323232323233), (793, 185.32323232323233), (794, 185.32323232323233), (795, 185.84848484848484), (796, 185.7070707070707), (797, 185.46464646464648), (798, 185.44444444444446), (799, 185.44444444444446), (800, 185.44444444444446), (801, 185.54545454545453), (802, 185.75757575757575), (803, 185.40404040404042), (804, 186.04040404040404), (805, 186.04040404040404), (806, 186.04040404040404), (807, 186.75757575757575), (808, 186.75757575757575), (809, 186.25252525252526), (810, 186.25252525252526), (811, 185.91919191919192), (812, 186.27272727272728), (813, 186.41414141414143), (814, 186.83838383838383), (815, 186.31313131313132), (816, 186.31313131313132), (817, 186.31313131313132), (818, 186.85858585858585), (819, 187.74747474747474), (820, 187.3030303030303), (821, 187.3030303030303), (822, 187.08080808080808), (823, 187.08080808080808), (824, 187.08080808080808), (825, 187.08080808080808), (826, 187.08080808080808), (827, 187.76767676767676), (828, 187.76767676767676), (829, 187.76767676767676), (830, 188.05050505050505), (831, 188.05050505050505), (832, 188.31313131313132), (833, 188.31313131313132), (834, 188.31313131313132), (835, 188.31313131313132), (836, 188.31313131313132), (837, 188.35353535353536), (838, 188.35353535353536), (839, 189.03030303030303), (840, 189.03030303030303), (841, 189.03030303030303), (842, 189.31313131313132), (843, 189.31313131313132), (844, 188.44444444444446), (845, 188.44444444444446), (846, 188.44444444444446), (847, 189.37373737373738), (848, 189.37373737373738), (849, 189.37373737373738), (850, 189.34343434343435), (851, 189.34343434343435), (852, 189.6969696969697), (853, 190.3030303030303), (854, 190.6060606060606), (855, 191.0909090909091), (856, 191.0909090909091), (857, 191.0909090909091), (858, 191.0909090909091), (859, 191.0909090909091), (860, 191.0909090909091), (861, 191.0909090909091), (862, 190.72727272727272), (863, 190.02020202020202), (864, 190.02020202020202), (865, 189.989898989899), (866, 189.989898989899), (867, 190.73737373737373), (868, 190.0909090909091), (869, 189.35353535353536), (870, 189.35353535353536), (871, 189.35353535353536), (872, 189.35353535353536), (873, 189.35353535353536), (874, 189.2929292929293), (875, 189.2929292929293), (876, 189.87878787878788), (877, 190.7171717171717), (878, 190.35353535353536), (879, 190.57575757575756), (880, 190.57575757575756), (881, 190.57575757575756), (882, 190.17171717171718), (883, 190.17171717171718), (884, 189.7171717171717), (885, 189.7171717171717), (886, 189.83838383838383), (887, 189.83838383838383), (888, 189.85858585858585), (889, 189.23232323232324), (890, 189.23232323232324), (891, 190.22222222222223), (892, 190.22222222222223), (893, 190.22222222222223), (894, 190.22222222222223), (895, 189.6969696969697), (896, 189.93939393939394), (897, 189.95959595959596), (898, 189.95959595959596), (899, 189.95959595959596), (900, 189.95959595959596), (901, 189.95959595959596), (902, 189.63636363636363), (903, 189.64646464646464), (904, 189.6161616161616), (905, 189.6161616161616), (906, 189.6161616161616), (907, 189.17171717171718), (908, 189.92929292929293), (909, 189.92929292929293), (910, 190.35353535353536), (911, 189.93939393939394), (912, 189.06060606060606), (913, 188.3939393939394), (914, 188.91919191919192), (915, 188.64646464646464), (916, 188.6060606060606), (917, 188.6060606060606), (918, 188.6060606060606), (919, 188.58585858585857), (920, 188.58585858585857), (921, 188.8080808080808), (922, 188.8080808080808), (923, 188.05050505050505), (924, 188.05050505050505), (925, 188.05050505050505), (926, 188.05050505050505), (927, 188.05050505050505), (928, 188.0), (929, 187.31313131313132), (930, 187.010101010101), (931, 187.010101010101), (932, 187.010101010101), (933, 187.010101010101), (934, 187.010101010101), (935, 187.010101010101), (936, 187.010101010101), (937, 187.010101010101), (938, 187.010101010101), (939, 186.88888888888889), (940, 186.41414141414143), (941, 186.41414141414143), (942, 186.41414141414143), (943, 187.2828282828283), (944, 187.2828282828283), (945, 187.2828282828283), (946, 187.2828282828283), (947, 187.2828282828283), (948, 187.26262626262627), (949, 187.2929292929293), (950, 186.4747474747475), (951, 186.4747474747475), (952, 186.4747474747475), (953, 186.45454545454547), (954, 186.41414141414143), (955, 186.41414141414143), (956, 185.6060606060606), (957, 185.6060606060606), (958, 185.6060606060606), (959, 185.6060606060606), (960, 184.88888888888889), (961, 185.25252525252526), (962, 185.95959595959596), (963, 185.8080808080808), (964, 185.83838383838383), (965, 185.77777777777777), (966, 185.59595959595958), (967, 186.11111111111111), (968, 186.84848484848484), (969, 185.91919191919192), (970, 185.83838383838383), (971, 185.83838383838383), (972, 185.83838383838383), (973, 185.8989898989899), (974, 185.8989898989899), (975, 185.8989898989899), (976, 185.2828282828283), (977, 185.64646464646464), (978, 185.7171717171717), (979, 185.7171717171717), (980, 185.7171717171717), (981, 186.12121212121212), (982, 186.12121212121212), (983, 186.57575757575756), (984, 186.57575757575756), (985, 186.16161616161617), (986, 186.14141414141415), (987, 185.4848484848485), (988, 186.17171717171718), (989, 186.17171717171718), (990, 186.17171717171718), (991, 186.17171717171718), (992, 185.36363636363637), (993, 185.36363636363637), (994, 186.03030303030303), (995, 186.03030303030303), (996, 185.83838383838383), (997, 185.83838383838383), (998, 185.83838383838383), (999, 185.5151515151515), (1000, 185.5151515151515), (1001, 186.26262626262627), (1002, 186.5050505050505), (1003, 186.53535353535352), (1004, 186.53535353535352), (1005, 186.44444444444446), (1006, 186.88888888888889), (1007, 186.91919191919192), (1008, 186.91919191919192), (1009, 187.08080808080808), (1010, 187.4949494949495), (1011, 188.37373737373738), (1012, 189.5252525252525), (1013, 189.5252525252525), (1014, 189.7979797979798), (1015, 189.83838383838383), (1016, 189.7171717171717), (1017, 189.7171717171717), (1018, 190.1818181818182), (1019, 190.1818181818182), (1020, 190.1818181818182), (1021, 190.1818181818182), (1022, 190.93939393939394), (1023, 190.93939393939394), (1024, 190.93939393939394), (1025, 190.93939393939394), (1026, 190.93939393939394), (1027, 190.5252525252525), (1028, 191.21212121212122), (1029, 191.5151515151515), (1030, 190.87878787878788), (1031, 190.87878787878788), (1032, 190.87878787878788), (1033, 190.87878787878788), (1034, 190.7070707070707), (1035, 190.06060606060606), (1036, 190.06060606060606), (1037, 190.06060606060606), (1038, 189.5151515151515), (1039, 189.7171717171717), (1040, 189.7171717171717), (1041, 189.7171717171717), (1042, 189.7171717171717), (1043, 189.7171717171717), (1044, 189.7171717171717), (1045, 189.7171717171717), (1046, 189.7171717171717), (1047, 189.73737373737373), (1048, 189.73737373737373), (1049, 190.55555555555554), (1050, 190.55555555555554), (1051, 190.55555555555554), (1052, 189.76767676767676), (1053, 189.8080808080808), (1054, 189.8080808080808), (1055, 190.6161616161616), (1056, 190.6161616161616), (1057, 190.6161616161616), (1058, 190.6161616161616), (1059, 191.33333333333334), (1060, 191.33333333333334), (1061, 191.33333333333334), (1062, 191.4848484848485), (1063, 191.44444444444446), (1064, 191.5050505050505), (1065, 191.68686868686868), (1066, 191.8181818181818), (1067, 191.8181818181818), (1068, 192.22222222222223), (1069, 192.3030303030303), (1070, 192.27272727272728), (1071, 192.27272727272728), (1072, 192.27272727272728), (1073, 192.27272727272728), (1074, 192.27272727272728), (1075, 192.57575757575756), (1076, 192.57575757575756), (1077, 192.57575757575756), (1078, 192.57575757575756), (1079, 192.57575757575756), (1080, 192.40404040404042), (1081, 192.40404040404042), (1082, 192.40404040404042), (1083, 192.08080808080808), (1084, 192.7171717171717), (1085, 192.73737373737373), (1086, 193.3939393939394), (1087, 193.3939393939394), (1088, 193.3939393939394), (1089, 193.3939393939394), (1090, 193.3939393939394), (1091, 194.2020202020202), (1092, 194.2020202020202), (1093, 194.2020202020202), (1094, 193.95959595959596), (1095, 194.15151515151516), (1096, 194.15151515151516), (1097, 194.15151515151516), (1098, 194.4747474747475), (1099, 194.4747474747475), (1100, 194.4747474747475), (1101, 193.93939393939394), (1102, 193.57575757575756), (1103, 193.57575757575756), (1104, 193.66666666666666), (1105, 193.66666666666666), (1106, 193.63636363636363), (1107, 193.63636363636363), (1108, 193.63636363636363), (1109, 193.37373737373738), (1110, 193.37373737373738), (1111, 193.37373737373738), (1112, 193.37373737373738), (1113, 193.37373737373738), (1114, 193.03030303030303), (1115, 193.15151515151516), (1116, 192.989898989899), (1117, 192.989898989899), (1118, 192.989898989899), (1119, 192.989898989899), (1120, 192.989898989899), (1121, 192.989898989899), (1122, 192.989898989899), (1123, 192.989898989899), (1124, 192.989898989899), (1125, 192.989898989899), (1126, 193.45454545454547), (1127, 193.03030303030303), (1128, 193.03030303030303), (1129, 193.66666666666666), (1130, 193.66666666666666), (1131, 193.66666666666666), (1132, 193.66666666666666), (1133, 193.58585858585857), (1134, 194.23232323232324), (1135, 194.23232323232324), (1136, 194.23232323232324), (1137, 194.8989898989899), (1138, 195.17171717171718)]
